market_id,selection_id,runner_name,event_name,interval_pct,timestamp,ltp,market_time,inplay_start
1.125053608,10738221,Vesnina/Soares,Klepac/Huey v Vesnina/Soares,0,2016-05-28 02:19:17.414,1.21,2016-05-28 14:00:00,
1.125053608,10738221,Vesnina/Soares,Klepac/Huey v Vesnina/Soares,10,2016-05-29 18:38:18.637,1.09,2016-05-29 18:40:00,2016-05-29 17:35:24.254
1.125053608,10738221,Vesnina/Soares,Klepac/Huey v Vesnina/Soares,20,2016-05-29 21:45:15.923,1.21,2016-05-30 12:00:00,2016-05-29 17:35:24.254
1.125053608,10738221,Vesnina/Soares,Klepac/Huey v Vesnina/Soares,30,2016-05-30 06:21:02.762,1.21,2016-05-30 12:00:00,2016-05-29 17:35:24.254
1.125053608,10738221,Vesnina/Soares,Klepac/Huey v Vesnina/Soares,40,2016-05-30 12:00:22.187,1.22,2016-05-30 16:15:00,2016-05-29 17:35:24.254
1.125053608,10738221,Vesnina/Soares,Klepac/Huey v Vesnina/Soares,50,2016-05-30 16:55:48.397,1.19,2016-05-31 15:00:00,2016-05-29 17:35:24.254
1.125053608,10738221,Vesnina/Soares,Klepac/Huey v Vesnina/Soares,60,2016-05-30 19:28:20.127,1.22,2016-05-31 15:00:00,2016-05-29 17:35:24.254
1.125053608,10738221,Vesnina/Soares,Klepac/Huey v Vesnina/Soares,70,2016-05-31 02:40:10.499,1.2,2016-05-31 15:00:00,2016-05-29 17:35:24.254
1.125053608,10738221,Vesnina/Soares,Klepac/Huey v Vesnina/Soares,80,2016-05-31 10:08:39.131,1.2,2016-05-31 16:15:00,2016-05-29 17:35:24.254
1.125053608,10738221,Vesnina/Soares,Klepac/Huey v Vesnina/Soares,90,2016-06-01 02:20:26.680,1.19,2016-06-01 13:00:00,2016-05-29 17:35:24.254
1.125053608,10738221,Vesnina/Soares,Klepac/Huey v Vesnina/Soares,100,2016-06-01 13:35:25.842,1.01,2016-06-01 13:45:00,2016-05-29 17:35:24.254
1.125053608,10738233,Klepac/Huey,Klepac/Huey v Vesnina/Soares,0,2016-05-28 18:50:25.873,3.7,2016-05-29 16:30:00,
1.125053608,10738233,Klepac/Huey,Klepac/Huey v Vesnina/Soares,10,2016-05-29 18:16:14.036,3.35,2016-05-29 18:25:00,2016-05-29 17:35:24.254
1.125053608,10738233,Klepac/Huey,Klepac/Huey v Vesnina/Soares,20,2016-05-29 20:11:24.921,5.4,2016-05-30 12:00:00,2016-05-29 17:35:24.254
1.125053608,10738233,Klepac/Huey,Klepac/Huey v Vesnina/Soares,30,2016-05-29 21:26:23.967,5.6,2016-05-30 12:00:00,2016-05-29 17:35:24.254
1.125053608,10738233,Klepac/Huey,Klepac/Huey v Vesnina/Soares,40,2016-05-30 07:33:24.271,5.7,2016-05-30 12:00:00,2016-05-29 17:35:24.254
1.125053608,10738233,Klepac/Huey,Klepac/Huey v Vesnina/Soares,50,2016-05-30 11:57:29.642,5.8,2016-05-30 16:00:00,2016-05-29 17:35:24.254
1.125053608,10738233,Klepac/Huey,Klepac/Huey v Vesnina/Soares,60,2016-05-30 18:10:15.761,6.0,2016-05-31 15:00:00,2016-05-29 17:35:24.254
1.125053608,10738233,Klepac/Huey,Klepac/Huey v Vesnina/Soares,70,2016-05-30 20:12:46.317,6.0,2016-05-31 15:00:00,2016-05-29 17:35:24.254
1.125053608,10738233,Klepac/Huey,Klepac/Huey v Vesnina/Soares,80,2016-05-31 08:39:24.181,6.0,2016-05-31 15:00:00,2016-05-29 17:35:24.254
1.125053608,10738233,Klepac/Huey,Klepac/Huey v Vesnina/Soares,90,2016-05-31 16:33:34.743,6.0,2016-05-31 20:40:00,2016-05-29 17:35:24.254
1.125053608,10738233,Klepac/Huey,Klepac/Huey v Vesnina/Soares,100,2016-06-01 13:31:14.061,4.5,2016-06-01 13:45:00,2016-05-29 17:35:24.254
1.125072884,4259580,Yulia Putintseva,SuÁrez Navarro v Putintseva,0,2016-05-28 16:20:25.266,2.58,2016-05-29 12:00:00,
1.125072884,4259580,Yulia Putintseva,SuÁrez Navarro v Putintseva,10,2016-05-29 21:01:31.837,2.88,2016-05-30 21:27:00,
1.125072884,4259580,Yulia Putintseva,SuÁrez Navarro v Putintseva,20,2016-05-30 06:51:37.478,2.86,2016-05-30 21:27:00,
1.125072884,4259580,Yulia Putintseva,SuÁrez Navarro v Putintseva,30,2016-05-30 09:00:27.232,3.0,2016-05-30 13:15:00,
1.125072884,4259580,Yulia Putintseva,SuÁrez Navarro v Putintseva,40,2016-05-30 13:57:02.729,3.0,2016-05-31 11:00:00,
1.125072884,4259580,Yulia Putintseva,SuÁrez Navarro v Putintseva,50,2016-05-30 23:56:44.025,2.98,2016-05-31 11:00:00,
1.125072884,4259580,Yulia Putintseva,SuÁrez Navarro v Putintseva,60,2016-05-31 10:20:26.674,3.1,2016-05-31 11:54:00,
1.125072884,4259580,Yulia Putintseva,SuÁrez Navarro v Putintseva,70,2016-05-31 14:01:31.714,3.05,2016-05-31 14:09:00,
1.125072884,4259580,Yulia Putintseva,SuÁrez Navarro v Putintseva,80,2016-05-31 18:28:40.342,3.05,2016-06-01 09:00:00,
1.125072884,4259580,Yulia Putintseva,SuÁrez Navarro v Putintseva,90,2016-06-01 05:55:33.650,3.05,2016-06-01 09:00:00,
1.125072884,4259580,Yulia Putintseva,SuÁrez Navarro v Putintseva,100,2016-06-01 08:54:26.688,3.15,2016-06-01 09:00:00,
1.125072884,8735953,Carla Suárez Navarro,SuÁrez Navarro v Putintseva,0,2016-05-28 20:25:35.525,1.52,2016-05-29 12:00:00,
1.125072884,8735953,Carla Suárez Navarro,SuÁrez Navarro v Putintseva,10,2016-05-29 20:01:22.320,1.53,2016-05-30 21:27:00,
1.125072884,8735953,Carla Suárez Navarro,SuÁrez Navarro v Putintseva,20,2016-05-30 07:59:06.725,1.51,2016-05-30 21:27:00,
1.125072884,8735953,Carla Suárez Navarro,SuÁrez Navarro v Putintseva,30,2016-05-30 13:09:33.672,1.51,2016-05-31 12:00:00,
1.125072884,8735953,Carla Suárez Navarro,SuÁrez Navarro v Putintseva,40,2016-05-31 00:11:32.628,1.51,2016-05-31 11:00:00,
1.125072884,8735953,Carla Suárez Navarro,SuÁrez Navarro v Putintseva,50,2016-05-31 10:35:40.266,1.49,2016-05-31 11:54:00,
1.125072884,8735953,Carla Suárez Navarro,SuÁrez Navarro v Putintseva,60,2016-05-31 13:41:38.928,1.49,2016-05-31 13:54:00,
1.125072884,8735953,Carla Suárez Navarro,SuÁrez Navarro v Putintseva,70,2016-05-31 16:14:04.334,1.49,2016-05-31 16:24:00,
1.125072884,8735953,Carla Suárez Navarro,SuÁrez Navarro v Putintseva,80,2016-05-31 22:56:59.927,1.49,2016-06-01 09:00:00,
1.125072884,8735953,Carla Suárez Navarro,SuÁrez Navarro v Putintseva,90,2016-06-01 07:50:47.897,1.46,2016-06-01 09:00:00,
1.125072884,8735953,Carla Suárez Navarro,SuÁrez Navarro v Putintseva,100,2016-06-01 08:58:34.949,1.46,2016-06-01 09:00:00,
1.125072903,3035263,Marcel Granollers,M Granollers v D Thiem,0,2016-05-28 21:06:25.607,8.0,2016-05-29 12:00:00,
1.125072903,3035263,Marcel Granollers,M Granollers v D Thiem,10,2016-05-30 03:21:55.829,8.8,2016-05-30 09:00:00,
1.125072903,3035263,Marcel Granollers,M Granollers v D Thiem,20,2016-05-30 08:44:21.552,10.5,2016-05-30 09:00:00,
1.125072903,3035263,Marcel Granollers,M Granollers v D Thiem,30,2016-05-30 11:15:12.782,9.8,2016-05-30 11:30:00,
1.125072903,3035263,Marcel Granollers,M Granollers v D Thiem,40,2016-05-30 15:08:58.541,9.2,2016-05-31 09:00:00,
1.125072903,3035263,Marcel Granollers,M Granollers v D Thiem,50,2016-05-30 21:39:41.999,9.6,2016-05-31 09:00:00,
1.125072903,3035263,Marcel Granollers,M Granollers v D Thiem,60,2016-05-31 09:34:09.784,9.2,2016-05-31 09:45:00,
1.125072903,3035263,Marcel Granollers,M Granollers v D Thiem,70,2016-05-31 21:19:25.068,5.0,2016-06-01 11:00:00,2016-05-31 10:14:24.944
1.125072903,3035263,Marcel Granollers,M Granollers v D Thiem,80,2016-06-01 04:27:03.311,5.1,2016-06-01 11:00:00,2016-05-31 10:14:24.944
1.125072903,3035263,Marcel Granollers,M Granollers v D Thiem,90,2016-06-01 09:34:19.549,5.1,2016-06-01 11:00:00,2016-05-31 10:14:24.944
1.125072903,3035263,Marcel Granollers,M Granollers v D Thiem,100,2016-06-01 11:44:26.247,8.0,2016-06-01 11:52:00,2016-05-31 10:14:24.944
1.125072903,5720747,Dominic Thiem,M Granollers v D Thiem,0,2016-05-28 16:07:26.287,1.15,2016-05-29 12:00:00,
1.125072903,5720747,Dominic Thiem,M Granollers v D Thiem,10,2016-05-29 19:06:38.028,1.13,2016-05-30 09:00:00,
1.125072903,5720747,Dominic Thiem,M Granollers v D Thiem,20,2016-05-30 05:25:06.287,1.13,2016-05-30 09:00:00,
1.125072903,5720747,Dominic Thiem,M Granollers v D Thiem,30,2016-05-30 08:48:24.652,1.1,2016-05-30 09:00:00,
1.125072903,5720747,Dominic Thiem,M Granollers v D Thiem,40,2016-05-30 11:32:20.716,1.12,2016-05-30 11:45:00,
1.125072903,5720747,Dominic Thiem,M Granollers v D Thiem,50,2016-05-30 21:04:51.126,1.11,2016-05-31 09:00:00,
1.125072903,5720747,Dominic Thiem,M Granollers v D Thiem,60,2016-05-31 09:01:33.068,1.11,2016-05-31 09:30:00,
1.125072903,5720747,Dominic Thiem,M Granollers v D Thiem,70,2016-05-31 22:19:09.364,1.25,2016-06-01 11:00:00,2016-05-31 10:14:24.944
1.125072903,5720747,Dominic Thiem,M Granollers v D Thiem,80,2016-06-01 06:14:50.710,1.24,2016-06-01 11:00:00,2016-05-31 10:14:24.944
1.125072903,5720747,Dominic Thiem,M Granollers v D Thiem,90,2016-06-01 09:48:12.435,1.25,2016-06-01 11:00:00,2016-05-31 10:14:24.944
1.125072903,5720747,Dominic Thiem,M Granollers v D Thiem,100,2016-06-01 11:44:26.247,1.14,2016-06-01 11:52:00,2016-05-31 10:14:24.944
1.125076654,2538236,Serena Williams,Ser Williams v Svitolina,0,2016-05-28 17:45:41.274,1.18,2016-05-29 12:00:00,
1.125076654,2538236,Serena Williams,Ser Williams v Svitolina,10,2016-05-29 18:55:37.222,1.13,2016-05-30 13:00:00,
1.125076654,2538236,Serena Williams,Ser Williams v Svitolina,20,2016-05-30 06:55:37.653,1.13,2016-05-30 13:00:00,
1.125076654,2538236,Serena Williams,Ser Williams v Svitolina,30,2016-05-30 10:27:12.553,1.14,2016-05-30 12:30:00,
1.125076654,2538236,Serena Williams,Ser Williams v Svitolina,40,2016-05-30 20:46:00.543,1.13,2016-05-31 11:00:00,
1.125076654,2538236,Serena Williams,Ser Williams v Svitolina,50,2016-05-31 10:37:06.019,1.13,2016-05-31 11:58:00,
1.125076654,2538236,Serena Williams,Ser Williams v Svitolina,60,2016-05-31 13:38:11.936,1.13,2016-05-31 13:43:00,
1.125076654,2538236,Serena Williams,Ser Williams v Svitolina,70,2016-05-31 15:46:50.908,1.13,2016-05-31 15:58:00,
1.125076654,2538236,Serena Williams,Ser Williams v Svitolina,80,2016-05-31 20:37:47.703,1.13,2016-06-01 09:00:00,
1.125076654,2538236,Serena Williams,Ser Williams v Svitolina,90,2016-06-01 06:22:32.090,1.13,2016-06-01 09:00:00,
1.125076654,2538236,Serena Williams,Ser Williams v Svitolina,100,2016-06-01 08:58:08.853,1.13,2016-06-01 09:00:00,
1.125076654,6324464,Elina Svitolina,Ser Williams v Svitolina,0,2016-05-28 19:42:10.029,8.0,2016-05-29 12:00:00,
1.125076654,6324464,Elina Svitolina,Ser Williams v Svitolina,10,2016-05-30 05:35:42.466,8.4,2016-05-30 13:00:00,
1.125076654,6324464,Elina Svitolina,Ser Williams v Svitolina,20,2016-05-30 10:27:12.553,8.4,2016-05-30 12:30:00,
1.125076654,6324464,Elina Svitolina,Ser Williams v Svitolina,30,2016-05-30 13:12:10.991,8.2,2016-05-31 11:00:00,
1.125076654,6324464,Elina Svitolina,Ser Williams v Svitolina,40,2016-05-31 06:53:57.362,8.2,2016-05-31 11:00:00,
1.125076654,6324464,Elina Svitolina,Ser Williams v Svitolina,50,2016-05-31 10:11:06.705,8.4,2016-05-31 11:58:00,
1.125076654,6324464,Elina Svitolina,Ser Williams v Svitolina,60,2016-05-31 13:05:46.285,8.6,2016-05-31 13:13:00,
1.125076654,6324464,Elina Svitolina,Ser Williams v Svitolina,70,2016-05-31 14:41:05.951,8.8,2016-05-31 14:43:00,
1.125076654,6324464,Elina Svitolina,Ser Williams v Svitolina,80,2016-05-31 17:51:26.641,8.6,2016-06-01 09:00:00,
1.125076654,6324464,Elina Svitolina,Ser Williams v Svitolina,90,2016-06-01 03:34:03.210,9.0,2016-06-01 09:00:00,
1.125076654,6324464,Elina Svitolina,Ser Williams v Svitolina,100,2016-06-01 08:59:12.692,9.0,2016-06-01 09:00:00,
1.125076667,2010693,Lopez/Lopez,Herbert/Mahut v Lopez/Lopez,0,2016-05-29 20:32:11.283,2.84,2016-05-30 21:35:00,
1.125076667,2010693,Lopez/Lopez,Herbert/Mahut v Lopez/Lopez,10,2016-05-31 04:38:27.503,3.5,2016-05-31 09:00:00,
1.125076667,2010693,Lopez/Lopez,Herbert/Mahut v Lopez/Lopez,20,2016-05-31 10:09:05.364,3.5,2016-05-31 10:15:00,2016-05-31 10:04:27.854
1.125076667,2010693,Lopez/Lopez,Herbert/Mahut v Lopez/Lopez,30,2016-05-31 14:47:07.938,1.79,2016-05-31 15:00:00,2016-05-31 10:04:27.854
1.125076667,2010693,Lopez/Lopez,Herbert/Mahut v Lopez/Lopez,40,2016-05-31 15:28:52.489,1.1,2016-05-31 15:30:00,2016-05-31 10:04:27.854
1.125076667,2010693,Lopez/Lopez,Herbert/Mahut v Lopez/Lopez,50,2016-05-31 17:57:36.655,1.27,2016-06-01 10:00:00,2016-05-31 10:04:27.854
1.125076667,2010693,Lopez/Lopez,Herbert/Mahut v Lopez/Lopez,60,2016-05-31 20:51:51.454,1.19,2016-06-01 10:00:00,2016-05-31 10:04:27.854
1.125076667,2010693,Lopez/Lopez,Herbert/Mahut v Lopez/Lopez,70,2016-06-01 00:31:15.507,1.29,2016-06-01 10:00:00,2016-05-31 10:04:27.854
1.125076667,2010693,Lopez/Lopez,Herbert/Mahut v Lopez/Lopez,80,2016-06-01 08:16:13.787,1.29,2016-06-01 10:00:00,2016-05-31 10:04:27.854
1.125076667,2010693,Lopez/Lopez,Herbert/Mahut v Lopez/Lopez,90,2016-06-01 10:31:25.255,1.11,2016-06-01 10:45:00,2016-05-31 10:04:27.854
1.125076667,2010693,Lopez/Lopez,Herbert/Mahut v Lopez/Lopez,100,2016-06-01 11:02:50.453,1.01,2016-06-01 11:15:00,2016-05-31 10:04:27.854
1.125076667,8942538,Herbert/Mahut,Herbert/Mahut v Lopez/Lopez,0,2016-05-29 20:13:25.413,1.42,2016-05-30 21:35:00,
1.125076667,8942538,Herbert/Mahut,Herbert/Mahut v Lopez/Lopez,10,2016-05-30 10:17:48.436,1.42,2016-05-30 10:30:00,
1.125076667,8942538,Herbert/Mahut,Herbert/Mahut v Lopez/Lopez,20,2016-05-30 13:08:17.061,1.34,2016-05-31 09:00:00,
1.125076667,8942538,Herbert/Mahut,Herbert/Mahut v Lopez/Lopez,30,2016-05-31 06:24:36.766,1.39,2016-05-31 09:00:00,
1.125076667,8942538,Herbert/Mahut,Herbert/Mahut v Lopez/Lopez,40,2016-05-31 08:27:51.484,1.37,2016-05-31 09:00:00,
1.125076667,8942538,Herbert/Mahut,Herbert/Mahut v Lopez/Lopez,50,2016-05-31 10:10:41.499,1.44,2016-05-31 10:15:00,2016-05-31 10:04:27.854
1.125076667,8942538,Herbert/Mahut,Herbert/Mahut v Lopez/Lopez,60,2016-05-31 13:46:38.004,1.42,2016-05-31 14:00:00,2016-05-31 10:04:27.854
1.125076667,8942538,Herbert/Mahut,Herbert/Mahut v Lopez/Lopez,70,2016-05-31 14:44:54.205,2.08,2016-05-31 14:45:00,2016-05-31 10:04:27.854
1.125076667,8942538,Herbert/Mahut,Herbert/Mahut v Lopez/Lopez,80,2016-05-31 21:56:03.009,6.4,2016-06-01 10:00:00,2016-05-31 10:04:27.854
1.125076667,8942538,Herbert/Mahut,Herbert/Mahut v Lopez/Lopez,90,2016-06-01 03:25:55.939,7.8,2016-06-01 10:00:00,2016-05-31 10:04:27.854
1.125076667,8942538,Herbert/Mahut,Herbert/Mahut v Lopez/Lopez,100,2016-06-01 11:03:28.017,200.0,2016-06-01 11:15:00,2016-05-31 10:04:27.854
1.125077013,2263710,Timea Bacsinszky,V Williams v Bacsinszky,0,2016-05-28 19:58:23.757,1.53,2016-05-29 12:00:00,
1.125077013,2263710,Timea Bacsinszky,V Williams v Bacsinszky,10,2016-05-29 13:28:53.695,1.49,2016-05-30 12:00:00,
1.125077013,2263710,Timea Bacsinszky,V Williams v Bacsinszky,20,2016-05-30 03:32:20.711,1.44,2016-05-30 15:00:00,
1.125077013,2263710,Timea Bacsinszky,V Williams v Bacsinszky,30,2016-05-30 09:11:39.788,1.47,2016-05-30 15:15:00,
1.125077013,2263710,Timea Bacsinszky,V Williams v Bacsinszky,40,2016-05-30 12:58:17.926,1.49,2016-05-30 17:00:00,
1.125077013,2263710,Timea Bacsinszky,V Williams v Bacsinszky,50,2016-05-31 06:59:45.408,1.48,2016-05-31 13:00:00,
1.125077013,2263710,Timea Bacsinszky,V Williams v Bacsinszky,60,2016-05-31 11:46:55.057,1.5,2016-05-31 14:00:00,
1.125077013,2263710,Timea Bacsinszky,V Williams v Bacsinszky,70,2016-05-31 16:32:36.209,1.46,2016-05-31 16:42:00,
1.125077013,2263710,Timea Bacsinszky,V Williams v Bacsinszky,80,2016-06-01 02:43:47.368,1.47,2016-06-01 09:00:00,
1.125077013,2263710,Timea Bacsinszky,V Williams v Bacsinszky,90,2016-06-01 07:10:23.362,1.46,2016-06-01 09:00:00,
1.125077013,2263710,Timea Bacsinszky,V Williams v Bacsinszky,100,2016-06-01 08:59:53.098,1.5,2016-06-01 09:00:00,
1.125077013,2309518,Venus Williams,V Williams v Bacsinszky,0,2016-05-28 21:46:47.697,2.84,2016-05-29 12:00:00,
1.125077013,2309518,Venus Williams,V Williams v Bacsinszky,10,2016-05-29 19:17:03.281,3.1,2016-05-30 15:00:00,
1.125077013,2309518,Venus Williams,V Williams v Bacsinszky,20,2016-05-30 03:56:58.161,3.2,2016-05-30 15:00:00,
1.125077013,2309518,Venus Williams,V Williams v Bacsinszky,30,2016-05-30 10:28:30.575,3.1,2016-05-30 14:30:00,
1.125077013,2309518,Venus Williams,V Williams v Bacsinszky,40,2016-05-30 20:56:38.950,3.05,2016-05-31 13:00:00,
1.125077013,2309518,Venus Williams,V Williams v Bacsinszky,50,2016-05-31 09:51:52.171,3.05,2016-05-31 13:30:00,
1.125077013,2309518,Venus Williams,V Williams v Bacsinszky,60,2016-05-31 14:29:54.006,3.15,2016-05-31 16:38:00,
1.125077013,2309518,Venus Williams,V Williams v Bacsinszky,70,2016-05-31 20:31:37.037,3.1,2016-06-01 09:00:00,
1.125077013,2309518,Venus Williams,V Williams v Bacsinszky,80,2016-06-01 05:26:55.892,3.2,2016-06-01 09:00:00,
1.125077013,2309518,Venus Williams,V Williams v Bacsinszky,90,2016-06-01 07:59:54.418,3.2,2016-06-01 09:00:00,
1.125077013,2309518,Venus Williams,V Williams v Bacsinszky,100,2016-06-01 08:58:55.807,3.0,2016-06-01 09:00:00,
1.125077286,2257536,Ernests Gulbis,Goffin v Gulbis,0,2016-05-28 21:39:56.214,3.35,2016-05-29 12:00:00,
1.125077286,2257536,Ernests Gulbis,Goffin v Gulbis,10,2016-05-29 22:24:51.868,3.75,2016-05-30 09:00:00,
1.125077286,2257536,Ernests Gulbis,Goffin v Gulbis,20,2016-05-30 07:27:42.084,3.9,2016-05-30 09:00:00,
1.125077286,2257536,Ernests Gulbis,Goffin v Gulbis,30,2016-05-30 09:02:48.148,3.85,2016-05-30 09:15:00,
1.125077286,2257536,Ernests Gulbis,Goffin v Gulbis,40,2016-05-30 11:10:50.471,3.85,2016-05-30 19:27:00,
1.125077286,2257536,Ernests Gulbis,Goffin v Gulbis,50,2016-05-31 07:38:51.913,3.85,2016-05-31 11:00:00,
1.125077286,2257536,Ernests Gulbis,Goffin v Gulbis,60,2016-05-31 17:35:43.972,2.76,2016-06-01 13:55:00,2016-05-31 14:23:51.268
1.125077286,2257536,Ernests Gulbis,Goffin v Gulbis,70,2016-05-31 20:33:51.841,2.74,2016-06-01 11:00:00,2016-05-31 14:23:51.268
1.125077286,2257536,Ernests Gulbis,Goffin v Gulbis,80,2016-06-01 09:16:13.260,2.6,2016-06-01 11:00:00,2016-05-31 14:23:51.268
1.125077286,2257536,Ernests Gulbis,Goffin v Gulbis,90,2016-06-01 11:07:51.783,3.0,2016-06-01 11:08:00,2016-05-31 14:23:51.268
1.125077286,2257536,Ernests Gulbis,Goffin v Gulbis,100,2016-06-01 11:44:51.587,4.2,2016-06-01 11:53:00,2016-05-31 14:23:51.268
1.125077286,5224084,David Goffin,Goffin v Gulbis,0,2016-05-28 20:56:39.571,1.45,2016-05-29 12:00:00,
1.125077286,5224084,David Goffin,Goffin v Gulbis,10,2016-05-29 17:49:39.104,1.42,2016-05-30 12:00:00,
1.125077286,5224084,David Goffin,Goffin v Gulbis,20,2016-05-30 06:20:21.976,1.35,2016-05-30 09:00:00,
1.125077286,5224084,David Goffin,Goffin v Gulbis,30,2016-05-30 08:49:48.917,1.34,2016-05-30 09:00:00,
1.125077286,5224084,David Goffin,Goffin v Gulbis,40,2016-05-30 10:42:42.022,1.35,2016-05-30 19:27:00,
1.125077286,5224084,David Goffin,Goffin v Gulbis,50,2016-05-31 07:16:51.788,1.35,2016-05-31 11:00:00,
1.125077286,5224084,David Goffin,Goffin v Gulbis,60,2016-05-31 17:42:43.321,1.56,2016-06-01 13:55:00,2016-05-31 14:23:51.268
1.125077286,5224084,David Goffin,Goffin v Gulbis,70,2016-05-31 21:43:32.129,1.57,2016-06-01 11:00:00,2016-05-31 14:23:51.268
1.125077286,5224084,David Goffin,Goffin v Gulbis,80,2016-06-01 07:50:04.634,1.57,2016-06-01 11:00:00,2016-05-31 14:23:51.268
1.125077286,5224084,David Goffin,Goffin v Gulbis,90,2016-06-01 10:51:51.403,1.57,2016-06-01 10:53:00,2016-05-31 14:23:51.268
1.125077286,5224084,David Goffin,Goffin v Gulbis,100,2016-06-01 11:44:51.587,1.3,2016-06-01 11:53:00,2016-05-31 14:23:51.268
1.125077303,3800907,Madison Keys,Bertens v Keys,0,2016-05-28 20:17:29.099,1.67,2016-05-29 12:00:00,
1.125077303,3800907,Madison Keys,Bertens v Keys,10,2016-05-29 18:58:24.042,1.52,2016-05-30 15:00:00,
1.125077303,3800907,Madison Keys,Bertens v Keys,20,2016-05-30 03:18:26.135,1.47,2016-05-30 03:27:00,
1.125077303,3800907,Madison Keys,Bertens v Keys,30,2016-05-30 07:04:10.881,1.48,2016-05-30 07:12:00,
1.125077303,3800907,Madison Keys,Bertens v Keys,40,2016-05-30 08:26:28.252,1.49,2016-05-30 08:27:00,
1.125077303,3800907,Madison Keys,Bertens v Keys,50,2016-05-30 11:45:35.020,1.51,2016-05-30 16:00:00,
1.125077303,3800907,Madison Keys,Bertens v Keys,60,2016-05-31 09:30:36.507,1.55,2016-05-31 13:30:00,
1.125077303,3800907,Madison Keys,Bertens v Keys,70,2016-05-31 14:58:32.625,1.55,2016-05-31 15:55:00,
1.125077303,3800907,Madison Keys,Bertens v Keys,80,2016-05-31 19:20:35.895,1.53,2016-06-01 09:00:00,
1.125077303,3800907,Madison Keys,Bertens v Keys,90,2016-06-01 05:02:10.023,1.53,2016-06-01 09:00:00,
1.125077303,3800907,Madison Keys,Bertens v Keys,100,2016-06-01 08:59:35.331,1.59,2016-06-01 09:00:00,
1.125077303,5611697,Kiki Bertens,Bertens v Keys,0,2016-05-28 20:17:29.099,2.48,2016-05-29 12:00:00,
1.125077303,5611697,Kiki Bertens,Bertens v Keys,10,2016-05-29 20:08:04.789,2.94,2016-05-30 23:27:00,
1.125077303,5611697,Kiki Bertens,Bertens v Keys,20,2016-05-30 02:35:13.742,3.05,2016-05-30 02:42:00,
1.125077303,5611697,Kiki Bertens,Bertens v Keys,30,2016-05-30 08:45:11.917,2.98,2016-05-30 08:57:00,
1.125077303,5611697,Kiki Bertens,Bertens v Keys,40,2016-05-30 14:42:55.819,2.96,2016-05-31 21:35:00,
1.125077303,5611697,Kiki Bertens,Bertens v Keys,50,2016-05-31 08:00:16.807,2.98,2016-05-31 13:00:00,
1.125077303,5611697,Kiki Bertens,Bertens v Keys,60,2016-05-31 12:28:39.261,2.84,2016-05-31 14:30:00,
1.125077303,5611697,Kiki Bertens,Bertens v Keys,70,2016-05-31 15:01:21.774,2.76,2016-05-31 15:55:00,
1.125077303,5611697,Kiki Bertens,Bertens v Keys,80,2016-05-31 20:53:25.555,2.78,2016-06-01 09:00:00,
1.125077303,5611697,Kiki Bertens,Bertens v Keys,90,2016-06-01 06:55:23.328,2.86,2016-06-01 09:00:00,
1.125077303,5611697,Kiki Bertens,Bertens v Keys,100,2016-06-01 08:59:35.331,2.7,2016-06-01 09:00:00,
1.125077426,2256470,Tomas Berdych,D Ferrer v Berdych,0,2016-05-28 20:53:21.469,2.0,2016-05-29 12:00:00,
1.125077426,2256470,Tomas Berdych,D Ferrer v Berdych,10,2016-05-29 18:20:12.604,2.34,2016-05-30 11:00:00,
1.125077426,2256470,Tomas Berdych,D Ferrer v Berdych,20,2016-05-30 07:32:52.927,2.32,2016-05-30 19:27:00,
1.125077426,2256470,Tomas Berdych,D Ferrer v Berdych,30,2016-05-30 09:57:10.602,2.32,2016-05-30 12:00:00,
1.125077426,2256470,Tomas Berdych,D Ferrer v Berdych,40,2016-05-30 23:28:45.810,2.34,2016-05-31 11:00:00,
1.125077426,2256470,Tomas Berdych,D Ferrer v Berdych,50,2016-05-31 08:34:02.616,2.34,2016-05-31 11:00:00,
1.125077426,2256470,Tomas Berdych,D Ferrer v Berdych,60,2016-05-31 13:39:12.792,2.28,2016-05-31 13:45:00,
1.125077426,2256470,Tomas Berdych,D Ferrer v Berdych,70,2016-05-31 23:13:53.937,2.4,2016-06-01 11:00:00,2016-05-31 14:38:13.732
1.125077426,2256470,Tomas Berdych,D Ferrer v Berdych,80,2016-06-01 09:28:13.466,2.34,2016-06-01 11:00:00,2016-05-31 14:38:13.732
1.125077426,2256470,Tomas Berdych,D Ferrer v Berdych,90,2016-06-01 11:10:13.974,1.67,2016-06-01 11:26:00,2016-05-31 14:38:13.732
1.125077426,2256470,Tomas Berdych,D Ferrer v Berdych,100,2016-06-01 11:44:09.798,1.62,2016-06-01 11:56:00,2016-05-31 14:38:13.732
1.125077426,2257314,David Ferrer,D Ferrer v Berdych,0,2016-05-28 20:53:21.469,2.0,2016-05-29 12:00:00,
1.125077426,2257314,David Ferrer,D Ferrer v Berdych,10,2016-05-29 19:22:13.673,1.79,2016-05-30 11:00:00,
1.125077426,2257314,David Ferrer,D Ferrer v Berdych,20,2016-05-30 06:26:30.844,1.75,2016-05-30 19:27:00,
1.125077426,2257314,David Ferrer,D Ferrer v Berdych,30,2016-05-30 09:47:14.100,1.73,2016-05-30 12:00:00,
1.125077426,2257314,David Ferrer,D Ferrer v Berdych,40,2016-05-30 22:14:36.345,1.76,2016-05-31 11:00:00,
1.125077426,2257314,David Ferrer,D Ferrer v Berdych,50,2016-05-31 08:55:12.201,1.76,2016-05-31 11:00:00,
1.125077426,2257314,David Ferrer,D Ferrer v Berdych,60,2016-05-31 13:02:46.379,1.78,2016-05-31 13:15:00,
1.125077426,2257314,David Ferrer,D Ferrer v Berdych,70,2016-05-31 20:24:17.965,1.74,2016-06-01 11:00:00,2016-05-31 14:38:13.732
1.125077426,2257314,David Ferrer,D Ferrer v Berdych,80,2016-06-01 06:56:22.985,1.73,2016-06-01 11:00:00,2016-05-31 14:38:13.732
1.125077426,2257314,David Ferrer,D Ferrer v Berdych,90,2016-06-01 10:45:08.285,1.74,2016-06-01 10:56:00,2016-05-31 14:38:13.732
1.125077426,2257314,David Ferrer,D Ferrer v Berdych,100,2016-06-01 11:44:09.798,2.62,2016-06-01 11:56:00,2016-05-31 14:38:13.732
1.125077437,2256470,Tomas Berdych,D Ferrer v Berdych,0,2016-05-29 17:14:58.809,2.26,2016-05-30 12:00:00,
1.125077437,2256470,Tomas Berdych,D Ferrer v Berdych,10,2016-05-30 03:21:13.653,2.28,2016-05-30 19:27:00,
1.125077437,2256470,Tomas Berdych,D Ferrer v Berdych,20,2016-05-30 08:35:12.525,2.44,2016-05-30 19:27:00,
1.125077437,2256470,Tomas Berdych,D Ferrer v Berdych,30,2016-05-30 20:01:03.830,2.38,2016-05-31 11:00:00,
1.125077437,2256470,Tomas Berdych,D Ferrer v Berdych,40,2016-05-30 21:10:53.178,2.32,2016-05-31 11:00:00,
1.125077437,2256470,Tomas Berdych,D Ferrer v Berdych,50,2016-05-31 08:20:59.890,2.32,2016-05-31 11:00:00,
1.125077437,2256470,Tomas Berdych,D Ferrer v Berdych,60,2016-05-31 08:50:06.893,2.3,2016-05-31 11:00:00,
1.125077437,2256470,Tomas Berdych,D Ferrer v Berdych,70,2016-05-31 13:54:45.350,2.34,2016-05-31 14:00:00,
1.125077437,2256470,Tomas Berdych,D Ferrer v Berdych,80,2016-06-01 05:14:53.463,2.28,2016-06-01 11:00:00,2016-05-31 14:38:13.732
1.125077437,2256470,Tomas Berdych,D Ferrer v Berdych,90,2016-06-01 08:06:11.565,2.32,2016-06-01 11:00:00,2016-05-31 14:38:13.732
1.125077437,2256470,Tomas Berdych,D Ferrer v Berdych,100,2016-06-01 11:23:14.065,1.59,2016-06-01 11:26:00,2016-05-31 14:38:13.732
1.125077586,2249229,Novak Djokovic,N Djokovic v Bautista Agut,0,2016-05-28 19:55:12.035,1.03,2016-05-29 12:00:00,
1.125077586,2249229,Novak Djokovic,N Djokovic v Bautista Agut,10,2016-05-29 23:35:32.795,1.02,2016-05-30 11:00:00,
1.125077586,2249229,Novak Djokovic,N Djokovic v Bautista Agut,20,2016-05-30 09:29:07.950,1.03,2016-05-30 11:30:00,
1.125077586,2249229,Novak Djokovic,N Djokovic v Bautista Agut,30,2016-05-30 13:06:07.182,1.03,2016-05-31 09:00:00,
1.125077586,2249229,Novak Djokovic,N Djokovic v Bautista Agut,40,2016-05-31 05:11:10.193,1.02,2016-05-31 09:00:00,
1.125077586,2249229,Novak Djokovic,N Djokovic v Bautista Agut,50,2016-05-31 08:59:55.930,1.03,2016-05-31 09:30:00,
1.125077586,2249229,Novak Djokovic,N Djokovic v Bautista Agut,60,2016-05-31 19:06:03.059,1.05,2016-06-01 11:00:00,2016-05-31 10:11:13.551
1.125077586,2249229,Novak Djokovic,N Djokovic v Bautista Agut,70,2016-06-01 00:31:11.884,1.04,2016-06-01 11:00:00,2016-05-31 10:11:13.551
1.125077586,2249229,Novak Djokovic,N Djokovic v Bautista Agut,80,2016-06-01 07:37:10.111,1.05,2016-06-01 11:00:00,2016-05-31 10:11:13.551
1.125077586,2249229,Novak Djokovic,N Djokovic v Bautista Agut,90,2016-06-01 10:13:03.658,1.04,2016-06-01 11:00:00,2016-05-31 10:11:13.551
1.125077586,2249229,Novak Djokovic,N Djokovic v Bautista Agut,100,2016-06-01 11:40:14.482,1.05,2016-06-01 11:54:00,2016-05-31 10:11:13.551
1.125077586,4290403,Roberto Bautista Agut,N Djokovic v Bautista Agut,0,2016-05-28 20:50:12.356,34.0,2016-05-29 12:00:00,
1.125077586,4290403,Roberto Bautista Agut,N Djokovic v Bautista Agut,10,2016-05-29 23:52:27.607,36.0,2016-05-30 11:00:00,
1.125077586,4290403,Roberto Bautista Agut,N Djokovic v Bautista Agut,20,2016-05-30 09:40:04.935,38.0,2016-05-30 11:45:00,
1.125077586,4290403,Roberto Bautista Agut,N Djokovic v Bautista Agut,30,2016-05-30 14:51:07.562,36.0,2016-05-31 09:00:00,
1.125077586,4290403,Roberto Bautista Agut,N Djokovic v Bautista Agut,40,2016-05-31 08:18:47.830,36.0,2016-05-31 09:00:00,
1.125077586,4290403,Roberto Bautista Agut,N Djokovic v Bautista Agut,50,2016-05-31 18:24:01.234,21.0,2016-06-01 11:00:00,2016-05-31 10:11:13.551
1.125077586,4290403,Roberto Bautista Agut,N Djokovic v Bautista Agut,60,2016-05-31 20:19:04.594,22.0,2016-06-01 11:00:00,2016-05-31 10:11:13.551
1.125077586,4290403,Roberto Bautista Agut,N Djokovic v Bautista Agut,70,2016-06-01 01:40:29.117,22.0,2016-06-01 11:00:00,2016-05-31 10:11:13.551
1.125077586,4290403,Roberto Bautista Agut,N Djokovic v Bautista Agut,80,2016-06-01 09:38:12.269,22.0,2016-06-01 11:00:00,2016-05-31 10:11:13.551
1.125077586,4290403,Roberto Bautista Agut,N Djokovic v Bautista Agut,90,2016-06-01 10:58:14.606,42.0,2016-06-01 11:09:00,2016-05-31 10:11:13.551
1.125077586,4290403,Roberto Bautista Agut,N Djokovic v Bautista Agut,100,2016-06-01 11:40:14.482,21.0,2016-06-01 11:54:00,2016-05-31 10:11:13.551
1.125081148,2035578,Chan/Chan,Chan/Chan v Makarova/Vesnina,0,2016-05-31 08:49:37.782,2.14,2016-05-31 11:00:00,
1.125081148,2035578,Chan/Chan,Chan/Chan v Makarova/Vesnina,10,2016-05-31 17:42:31.130,4.6,2016-06-01 13:55:00,2016-05-31 14:09:24.424
1.125081148,2035578,Chan/Chan,Chan/Chan v Makarova/Vesnina,20,2016-05-31 19:39:34.543,4.5,2016-06-01 11:00:00,2016-05-31 14:09:24.424
1.125081148,2035578,Chan/Chan,Chan/Chan v Makarova/Vesnina,30,2016-05-31 20:02:32.231,5.2,2016-06-01 11:00:00,2016-05-31 14:09:24.424
1.125081148,2035578,Chan/Chan,Chan/Chan v Makarova/Vesnina,40,2016-05-31 21:18:23.673,5.2,2016-06-01 11:00:00,2016-05-31 14:09:24.424
1.125081148,2035578,Chan/Chan,Chan/Chan v Makarova/Vesnina,50,2016-05-31 23:24:14.448,5.9,2016-06-01 11:00:00,2016-05-31 14:09:24.424
1.125081148,2035578,Chan/Chan,Chan/Chan v Makarova/Vesnina,60,2016-06-01 02:37:28.027,6.6,2016-06-01 11:00:00,2016-05-31 14:09:24.424
1.125081148,2035578,Chan/Chan,Chan/Chan v Makarova/Vesnina,70,2016-06-01 06:17:12.474,5.0,2016-06-01 11:00:00,2016-05-31 14:09:24.424
1.125081148,2035578,Chan/Chan,Chan/Chan v Makarova/Vesnina,80,2016-06-01 09:34:14.307,5.0,2016-06-01 10:54:00,2016-05-31 14:09:24.424
1.125081148,2035578,Chan/Chan,Chan/Chan v Makarova/Vesnina,90,2016-06-01 10:29:32.438,5.0,2016-06-01 10:54:00,2016-05-31 14:09:24.424
1.125081148,2035578,Chan/Chan,Chan/Chan v Makarova/Vesnina,100,2016-06-01 10:45:28.177,7.2,2016-06-01 11:01:00,2016-05-31 14:09:24.424
1.125081148,6369481,Makarova/Vesnina,Chan/Chan v Makarova/Vesnina,0,2016-05-29 22:05:36.637,1.54,2016-05-30 12:00:00,
1.125081148,6369481,Makarova/Vesnina,Chan/Chan v Makarova/Vesnina,10,2016-05-31 09:49:40.238,1.68,2016-05-31 12:00:00,
1.125081148,6369481,Makarova/Vesnina,Chan/Chan v Makarova/Vesnina,20,2016-05-31 18:35:32.715,1.23,2016-06-01 11:00:00,2016-05-31 14:09:24.424
1.125081148,6369481,Makarova/Vesnina,Chan/Chan v Makarova/Vesnina,30,2016-05-31 20:02:32.231,1.24,2016-06-01 11:00:00,2016-05-31 14:09:24.424
1.125081148,6369481,Makarova/Vesnina,Chan/Chan v Makarova/Vesnina,40,2016-05-31 21:30:38.264,1.16,2016-06-01 11:00:00,2016-05-31 14:09:24.424
1.125081148,6369481,Makarova/Vesnina,Chan/Chan v Makarova/Vesnina,50,2016-06-01 01:41:38.267,1.24,2016-06-01 11:00:00,2016-05-31 14:09:24.424
1.125081148,6369481,Makarova/Vesnina,Chan/Chan v Makarova/Vesnina,60,2016-06-01 06:46:41.951,1.21,2016-06-01 11:00:00,2016-05-31 14:09:24.424
1.125081148,6369481,Makarova/Vesnina,Chan/Chan v Makarova/Vesnina,70,2016-06-01 09:06:31.302,1.23,2016-06-01 10:54:00,2016-05-31 14:09:24.424
1.125081148,6369481,Makarova/Vesnina,Chan/Chan v Makarova/Vesnina,80,2016-06-01 10:42:11.046,1.27,2016-06-01 10:46:00,2016-05-31 14:09:24.424
1.125081148,6369481,Makarova/Vesnina,Chan/Chan v Makarova/Vesnina,90,2016-06-01 10:54:39.966,1.27,2016-06-01 11:01:00,2016-05-31 14:09:24.424
1.125081148,6369481,Makarova/Vesnina,Chan/Chan v Makarova/Vesnina,100,2016-06-01 11:04:40.309,1.02,2016-06-01 11:16:00,2016-05-31 14:09:24.424
1.125081555,1502771,Bryan/Bryan,Bryan/Bryan v Matkowski/Paes,0,2016-05-29 21:45:13.649,1.29,2016-05-30 12:00:00,
1.125081555,1502771,Bryan/Bryan,Bryan/Bryan v Matkowski/Paes,10,2016-05-31 08:25:39.522,1.31,2016-05-31 11:00:00,
1.125081555,1502771,Bryan/Bryan,Bryan/Bryan v Matkowski/Paes,20,2016-05-31 14:02:15.304,1.32,2016-05-31 16:15:00,
1.125081555,1502771,Bryan/Bryan,Bryan/Bryan v Matkowski/Paes,30,2016-05-31 19:11:07.603,1.23,2016-06-01 11:00:00,2016-05-31 14:33:13.255
1.125081555,1502771,Bryan/Bryan,Bryan/Bryan v Matkowski/Paes,40,2016-05-31 21:51:01.759,1.21,2016-06-01 11:00:00,2016-05-31 14:33:13.255
1.125081555,1502771,Bryan/Bryan,Bryan/Bryan v Matkowski/Paes,50,2016-06-01 05:02:09.972,1.22,2016-06-01 11:00:00,2016-05-31 14:33:13.255
1.125081555,1502771,Bryan/Bryan,Bryan/Bryan v Matkowski/Paes,60,2016-06-01 07:25:04.823,1.14,2016-06-01 11:00:00,2016-05-31 14:33:13.255
1.125081555,1502771,Bryan/Bryan,Bryan/Bryan v Matkowski/Paes,70,2016-06-01 08:51:47.619,1.22,2016-06-01 11:00:00,2016-05-31 14:33:13.255
1.125081555,1502771,Bryan/Bryan,Bryan/Bryan v Matkowski/Paes,80,2016-06-01 09:52:54.803,1.15,2016-06-01 10:54:00,2016-05-31 14:33:13.255
1.125081555,1502771,Bryan/Bryan,Bryan/Bryan v Matkowski/Paes,90,2016-06-01 10:41:11.090,1.15,2016-06-01 10:54:00,2016-05-31 14:33:13.255
1.125081555,1502771,Bryan/Bryan,Bryan/Bryan v Matkowski/Paes,100,2016-06-01 11:43:34.812,1.33,2016-06-01 11:53:00,2016-05-31 14:33:13.255
1.125081555,8859325,Matkowski/Paes,Bryan/Bryan v Matkowski/Paes,0,2016-05-30 23:31:44.391,3.6,2016-05-31 11:00:00,
1.125081555,8859325,Matkowski/Paes,Bryan/Bryan v Matkowski/Paes,10,2016-05-31 10:09:55.081,4.4,2016-05-31 12:15:00,
1.125081555,8859325,Matkowski/Paes,Bryan/Bryan v Matkowski/Paes,20,2016-05-31 17:46:06.476,6.4,2016-06-01 14:13:00,2016-05-31 14:33:13.255
1.125081555,8859325,Matkowski/Paes,Bryan/Bryan v Matkowski/Paes,30,2016-05-31 17:57:06.894,6.4,2016-06-01 11:00:00,2016-05-31 14:33:13.255
1.125081555,8859325,Matkowski/Paes,Bryan/Bryan v Matkowski/Paes,40,2016-05-31 19:11:07.603,6.2,2016-06-01 11:00:00,2016-05-31 14:33:13.255
1.125081555,8859325,Matkowski/Paes,Bryan/Bryan v Matkowski/Paes,50,2016-05-31 20:10:14.356,5.6,2016-06-01 11:00:00,2016-05-31 14:33:13.255
1.125081555,8859325,Matkowski/Paes,Bryan/Bryan v Matkowski/Paes,60,2016-05-31 20:43:08.482,6.2,2016-06-01 11:00:00,2016-05-31 14:33:13.255
1.125081555,8859325,Matkowski/Paes,Bryan/Bryan v Matkowski/Paes,70,2016-06-01 02:40:49.334,6.2,2016-06-01 11:00:00,2016-05-31 14:33:13.255
1.125081555,8859325,Matkowski/Paes,Bryan/Bryan v Matkowski/Paes,80,2016-06-01 05:39:46.631,6.4,2016-06-01 11:00:00,2016-05-31 14:33:13.255
1.125081555,8859325,Matkowski/Paes,Bryan/Bryan v Matkowski/Paes,90,2016-06-01 06:34:58.694,6.0,2016-06-01 11:00:00,2016-05-31 14:33:13.255
1.125081555,8859325,Matkowski/Paes,Bryan/Bryan v Matkowski/Paes,100,2016-06-01 11:41:20.312,4.0,2016-06-01 11:53:00,2016-05-31 14:33:13.255
1.125081692,4943786,Shelby Rogers,S Rogers v Muguruza,0,2016-05-29 19:14:06.791,5.7,2016-05-30 12:00:00,
1.125081692,4943786,Shelby Rogers,S Rogers v Muguruza,10,2016-05-29 22:00:55.380,6.4,2016-05-30 12:00:00,
1.125081692,4943786,Shelby Rogers,S Rogers v Muguruza,20,2016-05-31 01:18:29.966,6.4,2016-06-01 12:00:00,
1.125081692,4943786,Shelby Rogers,S Rogers v Muguruza,30,2016-05-31 13:18:08.528,6.4,2016-06-01 12:00:00,
1.125081692,4943786,Shelby Rogers,S Rogers v Muguruza,40,2016-05-31 21:15:34.503,6.2,2016-06-01 14:00:00,
1.125081692,4943786,Shelby Rogers,S Rogers v Muguruza,50,2016-05-31 23:34:09.593,6.0,2016-06-01 14:00:00,
1.125081692,4943786,Shelby Rogers,S Rogers v Muguruza,60,2016-06-01 08:24:36.867,6.0,2016-06-01 14:00:00,
1.125081692,4943786,Shelby Rogers,S Rogers v Muguruza,70,2016-06-01 12:37:34.227,6.0,2016-06-01 14:45:00,
1.125081692,4943786,Shelby Rogers,S Rogers v Muguruza,80,2016-06-01 14:49:51.645,6.4,2016-06-01 15:10:00,
1.125081692,4943786,Shelby Rogers,S Rogers v Muguruza,90,2016-06-01 15:12:11.539,6.4,2016-06-01 15:25:00,
1.125081692,4943786,Shelby Rogers,S Rogers v Muguruza,100,2016-06-01 15:29:08.839,6.8,2016-06-01 15:38:00,
1.125081692,8735952,Garbiñe Muguruza,S Rogers v Muguruza,0,2016-05-29 16:46:32.119,1.22,2016-05-30 12:00:00,
1.125081692,8735952,Garbiñe Muguruza,S Rogers v Muguruza,10,2016-05-29 23:21:38.867,1.2,2016-05-30 12:00:00,
1.125081692,8735952,Garbiñe Muguruza,S Rogers v Muguruza,20,2016-05-30 20:51:47.593,1.19,2016-05-31 12:00:00,
1.125081692,8735952,Garbiñe Muguruza,S Rogers v Muguruza,30,2016-05-31 15:17:30.606,1.2,2016-06-01 12:00:00,
1.125081692,8735952,Garbiñe Muguruza,S Rogers v Muguruza,40,2016-05-31 22:47:55.745,1.2,2016-06-01 14:00:00,
1.125081692,8735952,Garbiñe Muguruza,S Rogers v Muguruza,50,2016-06-01 07:08:13.469,1.2,2016-06-01 14:00:00,
1.125081692,8735952,Garbiñe Muguruza,S Rogers v Muguruza,60,2016-06-01 08:56:04.214,1.2,2016-06-01 14:00:00,
1.125081692,8735952,Garbiñe Muguruza,S Rogers v Muguruza,70,2016-06-01 11:46:40.366,1.19,2016-06-01 14:00:00,
1.125081692,8735952,Garbiñe Muguruza,S Rogers v Muguruza,80,2016-06-01 13:28:43.742,1.19,2016-06-01 15:10:00,
1.125081692,8735952,Garbiñe Muguruza,S Rogers v Muguruza,90,2016-06-01 14:53:15.213,1.18,2016-06-01 15:10:00,
1.125081692,8735952,Garbiñe Muguruza,S Rogers v Muguruza,100,2016-06-01 15:27:14.495,1.18,2016-06-01 15:38:00,
1.125081882,8597476,Stan Wawrinka,Ramos-Vinolas v S Wawrinka,0,2016-05-29 15:30:28.662,1.17,2016-05-30 12:00:00,
1.125081882,8597476,Stan Wawrinka,Ramos-Vinolas v S Wawrinka,10,2016-05-30 09:48:03.346,1.14,2016-05-31 12:00:00,
1.125081882,8597476,Stan Wawrinka,Ramos-Vinolas v S Wawrinka,20,2016-05-30 20:17:47.029,1.15,2016-05-31 12:00:00,
1.125081882,8597476,Stan Wawrinka,Ramos-Vinolas v S Wawrinka,30,2016-05-31 06:48:28.823,1.14,2016-05-31 12:00:00,
1.125081882,8597476,Stan Wawrinka,Ramos-Vinolas v S Wawrinka,40,2016-05-31 10:00:29.828,1.15,2016-05-31 12:00:00,
1.125081882,8597476,Stan Wawrinka,Ramos-Vinolas v S Wawrinka,50,2016-05-31 14:55:28.937,1.14,2016-05-31 15:00:00,
1.125081882,8597476,Stan Wawrinka,Ramos-Vinolas v S Wawrinka,60,2016-05-31 20:33:21.422,1.15,2016-06-01 12:00:00,
1.125081882,8597476,Stan Wawrinka,Ramos-Vinolas v S Wawrinka,70,2016-06-01 08:05:25.929,1.14,2016-06-01 12:00:00,
1.125081882,8597476,Stan Wawrinka,Ramos-Vinolas v S Wawrinka,80,2016-06-01 11:09:04.606,1.13,2016-06-01 12:00:00,
1.125081882,8597476,Stan Wawrinka,Ramos-Vinolas v S Wawrinka,90,2016-06-01 12:26:31.904,1.14,2016-06-01 12:30:00,
1.125081882,8597476,Stan Wawrinka,Ramos-Vinolas v S Wawrinka,100,2016-06-01 13:14:30.594,1.13,2016-06-01 13:15:00,
1.125081882,11204528,Albert Ramos-Vinolas,Ramos-Vinolas v S Wawrinka,0,2016-05-29 16:47:32.266,7.8,2016-05-30 12:00:00,
1.125081882,11204528,Albert Ramos-Vinolas,Ramos-Vinolas v S Wawrinka,10,2016-05-29 21:28:30.699,8.2,2016-05-30 12:00:00,
1.125081882,11204528,Albert Ramos-Vinolas,Ramos-Vinolas v S Wawrinka,20,2016-05-30 13:32:13.188,8.0,2016-05-31 12:00:00,
1.125081882,11204528,Albert Ramos-Vinolas,Ramos-Vinolas v S Wawrinka,30,2016-05-31 06:24:08.602,7.8,2016-05-31 12:00:00,
1.125081882,11204528,Albert Ramos-Vinolas,Ramos-Vinolas v S Wawrinka,40,2016-05-31 09:11:28.482,7.8,2016-05-31 12:00:00,
1.125081882,11204528,Albert Ramos-Vinolas,Ramos-Vinolas v S Wawrinka,50,2016-05-31 12:58:17.649,8.2,2016-05-31 13:00:00,
1.125081882,11204528,Albert Ramos-Vinolas,Ramos-Vinolas v S Wawrinka,60,2016-05-31 18:21:43.387,8.2,2016-06-01 12:00:00,
1.125081882,11204528,Albert Ramos-Vinolas,Ramos-Vinolas v S Wawrinka,70,2016-05-31 22:57:52.339,7.8,2016-06-01 12:00:00,
1.125081882,11204528,Albert Ramos-Vinolas,Ramos-Vinolas v S Wawrinka,80,2016-06-01 11:42:11.490,8.4,2016-06-01 12:00:00,
1.125081882,11204528,Albert Ramos-Vinolas,Ramos-Vinolas v S Wawrinka,90,2016-06-01 12:30:27.916,8.4,2016-06-01 12:45:00,
1.125081882,11204528,Albert Ramos-Vinolas,Ramos-Vinolas v S Wawrinka,100,2016-06-01 13:13:32.177,9.0,2016-06-01 13:15:00,
1.125081979,2263625,Mischa Zverev,M Zverev v Sijsling,0,2016-05-30 21:10:13.155,1.7,2016-05-31 12:00:00,
1.125081979,2263625,Mischa Zverev,M Zverev v Sijsling,10,2016-05-31 07:52:20.555,1.62,2016-06-01 12:00:00,
1.125081979,2263625,Mischa Zverev,M Zverev v Sijsling,20,2016-05-31 12:53:57.497,1.59,2016-06-01 13:30:00,
1.125081979,2263625,Mischa Zverev,M Zverev v Sijsling,30,2016-05-31 12:55:42.347,1.58,2016-06-01 13:30:00,
1.125081979,2263625,Mischa Zverev,M Zverev v Sijsling,40,2016-06-01 06:17:18.404,1.6,2016-06-01 13:30:00,
1.125081979,2263625,Mischa Zverev,M Zverev v Sijsling,50,2016-06-01 10:31:09.264,1.52,2016-06-01 13:30:00,
1.125081979,2263625,Mischa Zverev,M Zverev v Sijsling,60,2016-06-01 11:31:09.953,1.67,2016-06-01 13:30:00,
1.125081979,2263625,Mischa Zverev,M Zverev v Sijsling,70,2016-06-01 11:53:51.002,1.73,2016-06-01 13:30:00,
1.125081979,2263625,Mischa Zverev,M Zverev v Sijsling,80,2016-06-01 11:55:00.924,1.72,2016-06-01 13:30:00,
1.125081979,2263625,Mischa Zverev,M Zverev v Sijsling,90,2016-06-01 13:01:10.443,1.63,2016-06-01 13:30:00,
1.125081979,2263625,Mischa Zverev,M Zverev v Sijsling,100,2016-06-01 13:23:04.831,1.74,2016-06-01 13:30:00,
1.125081979,2370190,Igor Sijsling,M Zverev v Sijsling,0,2016-05-30 04:57:25.939,2.2,2016-05-31 12:00:00,
1.125081979,2370190,Igor Sijsling,M Zverev v Sijsling,10,2016-05-30 14:46:18.225,2.16,2016-05-31 12:00:00,
1.125081979,2370190,Igor Sijsling,M Zverev v Sijsling,20,2016-05-31 07:54:58.781,2.34,2016-06-01 12:00:00,
1.125081979,2370190,Igor Sijsling,M Zverev v Sijsling,30,2016-05-31 21:35:02.001,2.68,2016-06-01 13:30:00,
1.125081979,2370190,Igor Sijsling,M Zverev v Sijsling,40,2016-06-01 11:31:49.023,2.48,2016-06-01 13:30:00,
1.125081979,2370190,Igor Sijsling,M Zverev v Sijsling,50,2016-06-01 11:37:01.465,2.46,2016-06-01 13:30:00,
1.125081979,2370190,Igor Sijsling,M Zverev v Sijsling,60,2016-06-01 11:37:51.515,2.44,2016-06-01 13:30:00,
1.125081979,2370190,Igor Sijsling,M Zverev v Sijsling,70,2016-06-01 11:55:00.924,2.38,2016-06-01 13:30:00,
1.125081979,2370190,Igor Sijsling,M Zverev v Sijsling,80,2016-06-01 11:56:08.295,2.4,2016-06-01 13:30:00,
1.125081979,2370190,Igor Sijsling,M Zverev v Sijsling,90,2016-06-01 12:34:21.136,2.48,2016-06-01 13:30:00,
1.125081979,2370190,Igor Sijsling,M Zverev v Sijsling,100,2016-06-01 13:23:34.297,2.32,2016-06-01 13:30:00,
1.125082004,2370329,James Ward,J Ward v Saville,0,2016-05-30 04:58:00.783,1.56,2016-05-31 12:00:00,
1.125082004,2370329,James Ward,J Ward v Saville,10,2016-05-30 07:45:18.050,1.63,2016-05-31 12:00:00,
1.125082004,2370329,James Ward,J Ward v Saville,20,2016-05-30 08:03:58.461,1.57,2016-05-31 12:00:00,
1.125082004,2370329,James Ward,J Ward v Saville,30,2016-05-30 14:46:13.698,1.46,2016-05-31 12:00:00,
1.125082004,2370329,James Ward,J Ward v Saville,40,2016-06-01 01:52:18.479,1.56,2016-06-01 12:00:00,
1.125082004,2370329,James Ward,J Ward v Saville,50,2016-06-01 06:16:22.264,1.6,2016-06-01 12:00:00,
1.125082004,2370329,James Ward,J Ward v Saville,60,2016-06-01 08:22:39.990,1.63,2016-06-01 12:00:00,
1.125082004,2370329,James Ward,J Ward v Saville,70,2016-06-01 09:47:55.883,1.73,2016-06-01 12:00:00,
1.125082004,2370329,James Ward,J Ward v Saville,80,2016-06-01 09:52:09.359,1.78,2016-06-01 11:47:00,
1.125082004,2370329,James Ward,J Ward v Saville,90,2016-06-01 10:07:44.628,1.69,2016-06-01 11:47:00,
1.125082004,2370329,James Ward,J Ward v Saville,100,2016-06-01 11:16:56.452,1.7,2016-06-01 11:47:00,
1.125082004,6965426,Luke Saville,J Ward v Saville,0,2016-05-30 04:58:00.783,2.8,2016-05-31 12:00:00,
1.125082004,6965426,Luke Saville,J Ward v Saville,10,2016-05-30 07:45:18.050,2.58,2016-05-31 12:00:00,
1.125082004,6965426,Luke Saville,J Ward v Saville,20,2016-05-30 14:46:13.698,3.2,2016-05-31 12:00:00,
1.125082004,6965426,Luke Saville,J Ward v Saville,30,2016-05-31 06:17:46.092,2.66,2016-06-01 12:00:00,
1.125082004,6965426,Luke Saville,J Ward v Saville,40,2016-06-01 00:53:00.875,2.42,2016-06-01 12:00:00,
1.125082004,6965426,Luke Saville,J Ward v Saville,50,2016-06-01 06:16:22.264,2.64,2016-06-01 12:00:00,
1.125082004,6965426,Luke Saville,J Ward v Saville,60,2016-06-01 08:22:39.990,2.58,2016-06-01 12:00:00,
1.125082004,6965426,Luke Saville,J Ward v Saville,70,2016-06-01 09:44:53.333,2.36,2016-06-01 12:00:00,
1.125082004,6965426,Luke Saville,J Ward v Saville,80,2016-06-01 09:49:06.533,2.32,2016-06-01 12:00:00,
1.125082004,6965426,Luke Saville,J Ward v Saville,90,2016-06-01 10:05:09.270,2.36,2016-06-01 11:47:00,
1.125082004,6965426,Luke Saville,J Ward v Saville,100,2016-06-01 10:52:07.017,2.36,2016-06-01 11:47:00,
1.125082014,2284300,Alejandro Falla,A Ward v Falla,0,2016-05-30 04:57:22.384,1.61,2016-05-31 12:00:00,
1.125082014,2284300,Alejandro Falla,A Ward v Falla,10,2016-05-30 14:43:16.597,1.55,2016-05-31 12:00:00,
1.125082014,2284300,Alejandro Falla,A Ward v Falla,20,2016-05-30 14:46:17.356,1.53,2016-05-31 12:00:00,
1.125082014,2284300,Alejandro Falla,A Ward v Falla,30,2016-05-31 16:16:19.834,1.61,2016-06-01 12:00:00,
1.125082014,2284300,Alejandro Falla,A Ward v Falla,40,2016-05-31 20:13:31.216,1.59,2016-06-01 12:00:00,
1.125082014,2284300,Alejandro Falla,A Ward v Falla,50,2016-05-31 21:26:11.871,1.6,2016-06-01 12:00:00,
1.125082014,2284300,Alejandro Falla,A Ward v Falla,60,2016-06-01 03:18:57.979,1.61,2016-06-01 12:00:00,
1.125082014,2284300,Alejandro Falla,A Ward v Falla,70,2016-06-01 08:21:49.150,1.54,2016-06-01 12:00:00,
1.125082014,2284300,Alejandro Falla,A Ward v Falla,80,2016-06-01 10:30:25.873,1.62,2016-06-01 11:51:00,
1.125082014,2284300,Alejandro Falla,A Ward v Falla,90,2016-06-01 11:00:18.940,1.58,2016-06-01 11:51:00,
1.125082014,2284300,Alejandro Falla,A Ward v Falla,100,2016-06-01 11:23:13.645,1.58,2016-06-01 11:51:00,
1.125082014,7234124,Alexander Ward,A Ward v Falla,0,2016-05-30 00:58:38.172,1.06,2016-05-31 12:00:00,
1.125082014,7234124,Alexander Ward,A Ward v Falla,10,2016-05-30 04:57:22.384,2.64,2016-05-31 12:00:00,
1.125082014,7234124,Alexander Ward,A Ward v Falla,20,2016-05-30 14:46:17.356,2.9,2016-05-31 12:00:00,
1.125082014,7234124,Alexander Ward,A Ward v Falla,30,2016-05-31 13:45:04.189,2.76,2016-06-01 12:00:00,
1.125082014,7234124,Alexander Ward,A Ward v Falla,40,2016-05-31 20:40:44.723,2.68,2016-06-01 12:00:00,
1.125082014,7234124,Alexander Ward,A Ward v Falla,50,2016-05-31 21:07:15.198,2.62,2016-06-01 12:00:00,
1.125082014,7234124,Alexander Ward,A Ward v Falla,60,2016-06-01 01:52:59.759,2.5,2016-06-01 12:00:00,
1.125082014,7234124,Alexander Ward,A Ward v Falla,70,2016-06-01 07:15:19.689,2.64,2016-06-01 12:00:00,
1.125082014,7234124,Alexander Ward,A Ward v Falla,80,2016-06-01 10:11:39.827,2.58,2016-06-01 11:51:00,
1.125082014,7234124,Alexander Ward,A Ward v Falla,90,2016-06-01 11:00:18.940,2.7,2016-06-01 11:51:00,
1.125082014,7234124,Alexander Ward,A Ward v Falla,100,2016-06-01 11:19:04.566,2.62,2016-06-01 11:51:00,
1.12508202,2263684,Michael Berrer,Fratangelo v Berrer,0,2016-05-30 04:57:50.068,1.7,2016-05-31 12:00:00,
1.12508202,2263684,Michael Berrer,Fratangelo v Berrer,10,2016-05-30 14:41:10.908,1.64,2016-05-31 12:00:00,
1.12508202,2263684,Michael Berrer,Fratangelo v Berrer,20,2016-05-30 14:46:02.782,1.62,2016-05-31 12:00:00,
1.12508202,2263684,Michael Berrer,Fratangelo v Berrer,30,2016-05-31 20:13:31.216,1.64,2016-06-01 10:00:00,
1.12508202,2263684,Michael Berrer,Fratangelo v Berrer,40,2016-05-31 21:10:21.576,1.8,2016-06-01 10:00:00,
1.12508202,2263684,Michael Berrer,Fratangelo v Berrer,50,2016-05-31 22:27:29.343,1.74,2016-06-01 10:00:00,
1.12508202,2263684,Michael Berrer,Fratangelo v Berrer,60,2016-06-01 06:15:58.330,1.76,2016-06-01 10:00:00,
1.12508202,2263684,Michael Berrer,Fratangelo v Berrer,70,2016-06-01 08:00:54.978,1.79,2016-06-01 10:00:00,
1.12508202,2263684,Michael Berrer,Fratangelo v Berrer,80,2016-06-01 08:35:10.446,1.82,2016-06-01 10:00:00,
1.12508202,2263684,Michael Berrer,Fratangelo v Berrer,90,2016-06-01 08:35:59.073,1.9,2016-06-01 10:00:00,
1.12508202,2263684,Michael Berrer,Fratangelo v Berrer,100,2016-06-01 09:30:09.935,1.8,2016-06-01 10:00:00,
1.12508202,7593723,Bjorn Fratangelo,Fratangelo v Berrer,0,2016-05-30 04:57:50.068,2.44,2016-05-31 12:00:00,
1.12508202,7593723,Bjorn Fratangelo,Fratangelo v Berrer,10,2016-05-30 14:41:10.908,2.58,2016-05-31 12:00:00,
1.12508202,7593723,Bjorn Fratangelo,Fratangelo v Berrer,20,2016-05-31 21:05:07.269,2.42,2016-06-01 10:00:00,
1.12508202,7593723,Bjorn Fratangelo,Fratangelo v Berrer,30,2016-05-31 21:10:21.576,2.24,2016-06-01 10:00:00,
1.12508202,7593723,Bjorn Fratangelo,Fratangelo v Berrer,40,2016-06-01 00:52:53.258,2.24,2016-06-01 10:00:00,
1.12508202,7593723,Bjorn Fratangelo,Fratangelo v Berrer,50,2016-06-01 06:15:58.330,2.3,2016-06-01 10:00:00,
1.12508202,7593723,Bjorn Fratangelo,Fratangelo v Berrer,60,2016-06-01 08:00:54.978,2.24,2016-06-01 10:00:00,
1.12508202,7593723,Bjorn Fratangelo,Fratangelo v Berrer,70,2016-06-01 08:34:04.296,2.22,2016-06-01 10:00:00,
1.12508202,7593723,Bjorn Fratangelo,Fratangelo v Berrer,80,2016-06-01 08:37:00.631,2.02,2016-06-01 10:00:00,
1.12508202,7593723,Bjorn Fratangelo,Fratangelo v Berrer,90,2016-06-01 08:47:30.515,2.0,2016-06-01 10:00:00,
1.12508202,7593723,Bjorn Fratangelo,Fratangelo v Berrer,100,2016-06-01 08:52:24.136,2.0,2016-06-01 10:00:00,
1.125082025,2488011,Rajeev Ram,Du Brown v R Ram,0,2016-05-30 09:53:42.707,2.1,2016-05-31 12:00:00,
1.125082025,2488011,Rajeev Ram,Du Brown v R Ram,10,2016-05-30 16:06:09.509,2.0,2016-05-31 12:00:00,
1.125082025,2488011,Rajeev Ram,Du Brown v R Ram,20,2016-05-30 18:57:04.228,2.08,2016-05-31 12:00:00,
1.125082025,2488011,Rajeev Ram,Du Brown v R Ram,30,2016-05-31 12:39:08.315,2.08,2016-06-01 13:30:00,
1.125082025,2488011,Rajeev Ram,Du Brown v R Ram,40,2016-06-01 06:40:07.669,2.18,2016-06-01 13:30:00,
1.125082025,2488011,Rajeev Ram,Du Brown v R Ram,50,2016-06-01 07:18:52.885,1.99,2016-06-01 13:30:00,
1.125082025,2488011,Rajeev Ram,Du Brown v R Ram,60,2016-06-01 08:29:22.797,2.2,2016-06-01 13:30:00,
1.125082025,2488011,Rajeev Ram,Du Brown v R Ram,70,2016-06-01 11:56:07.345,2.2,2016-06-01 13:30:00,
1.125082025,2488011,Rajeev Ram,Du Brown v R Ram,80,2016-06-01 12:44:02.410,2.06,2016-06-01 13:30:00,
1.125082025,2488011,Rajeev Ram,Du Brown v R Ram,90,2016-06-01 12:58:08.697,1.96,2016-06-01 13:30:00,
1.125082025,2488011,Rajeev Ram,Du Brown v R Ram,100,2016-06-01 13:11:11.882,2.3,2016-06-01 13:30:00,
1.125082025,4486603,Dustin Brown,Du Brown v R Ram,0,2016-05-31 10:43:32.887,1.94,2016-06-01 13:30:00,
1.125082025,4486603,Dustin Brown,Du Brown v R Ram,10,2016-05-31 12:39:08.315,1.76,2016-06-01 13:30:00,
1.125082025,4486603,Dustin Brown,Du Brown v R Ram,20,2016-06-01 01:52:41.510,1.76,2016-06-01 13:30:00,
1.125082025,4486603,Dustin Brown,Du Brown v R Ram,30,2016-06-01 06:41:04.257,1.92,2016-06-01 13:30:00,
1.125082025,4486603,Dustin Brown,Du Brown v R Ram,40,2016-06-01 07:40:03.363,1.79,2016-06-01 13:30:00,
1.125082025,4486603,Dustin Brown,Du Brown v R Ram,50,2016-06-01 11:56:07.345,1.78,2016-06-01 13:30:00,
1.125082025,4486603,Dustin Brown,Du Brown v R Ram,60,2016-06-01 12:07:06.964,1.89,2016-06-01 13:30:00,
1.125082025,4486603,Dustin Brown,Du Brown v R Ram,70,2016-06-01 12:57:09.789,1.95,2016-06-01 13:30:00,
1.125082025,4486603,Dustin Brown,Du Brown v R Ram,80,2016-06-01 13:07:07.064,1.83,2016-06-01 13:30:00,
1.125082025,4486603,Dustin Brown,Du Brown v R Ram,90,2016-06-01 13:11:11.882,1.78,2016-06-01 13:30:00,
1.125082025,4486603,Dustin Brown,Du Brown v R Ram,100,2016-06-01 13:23:48.486,1.72,2016-06-01 13:30:00,
1.125082404,4205969,Cuevas/Granollers,Kubot/Peya v Cuevas/Granollers,0,2016-05-31 20:43:36.418,1.51,2016-06-01 15:00:00,
1.125082404,4205969,Cuevas/Granollers,Kubot/Peya v Cuevas/Granollers,10,2016-06-01 10:56:57.090,1.52,2016-06-01 15:01:00,
1.125082404,4205969,Cuevas/Granollers,Kubot/Peya v Cuevas/Granollers,20,2016-06-01 10:58:50.850,1.51,2016-06-01 15:01:00,
1.125082404,4205969,Cuevas/Granollers,Kubot/Peya v Cuevas/Granollers,30,2016-06-01 11:00:52.147,1.5,2016-06-01 15:16:00,
1.125082404,4205969,Cuevas/Granollers,Kubot/Peya v Cuevas/Granollers,40,2016-06-01 12:34:03.006,1.5,2016-06-01 14:45:00,
1.125082404,4205969,Cuevas/Granollers,Kubot/Peya v Cuevas/Granollers,50,2016-06-01 13:07:48.919,1.53,2016-06-01 15:00:00,
1.125082404,4205969,Cuevas/Granollers,Kubot/Peya v Cuevas/Granollers,60,2016-06-01 13:08:57.919,1.54,2016-06-01 15:00:00,
1.125082404,4205969,Cuevas/Granollers,Kubot/Peya v Cuevas/Granollers,70,2016-06-01 14:16:01.955,1.53,2016-06-01 15:00:00,
1.125082404,4205969,Cuevas/Granollers,Kubot/Peya v Cuevas/Granollers,80,2016-06-01 14:28:02.854,1.57,2016-06-01 15:00:00,
1.125082404,4205969,Cuevas/Granollers,Kubot/Peya v Cuevas/Granollers,90,2016-06-01 14:39:51.545,1.58,2016-06-01 15:00:00,
1.125082404,4205969,Cuevas/Granollers,Kubot/Peya v Cuevas/Granollers,100,2016-06-01 14:47:27.516,1.57,2016-06-01 15:00:00,
1.125082719,11209012,Gasparyan/Kuznetsova,Xu/Zheng v Gasparyan/Kuznetsova,0,2016-05-29 22:09:20.907,1.53,2016-05-30 12:00:00,
1.125082719,11209012,Gasparyan/Kuznetsova,Xu/Zheng v Gasparyan/Kuznetsova,10,2016-05-30 14:21:37.732,1.54,2016-05-31 23:35:00,
1.125082719,11209012,Gasparyan/Kuznetsova,Xu/Zheng v Gasparyan/Kuznetsova,20,2016-05-31 07:14:51.158,1.61,2016-05-31 15:00:00,
1.125082719,11209012,Gasparyan/Kuznetsova,Xu/Zheng v Gasparyan/Kuznetsova,30,2016-05-31 14:45:37.468,1.6,2016-05-31 17:55:00,
1.125082719,11209012,Gasparyan/Kuznetsova,Xu/Zheng v Gasparyan/Kuznetsova,40,2016-05-31 17:10:29.618,1.69,2016-05-31 19:25:00,
1.125082719,11209012,Gasparyan/Kuznetsova,Xu/Zheng v Gasparyan/Kuznetsova,50,2016-05-31 20:28:22.954,1.62,2016-06-01 13:00:00,
1.125082719,11209012,Gasparyan/Kuznetsova,Xu/Zheng v Gasparyan/Kuznetsova,60,2016-06-01 10:56:42.567,1.61,2016-06-01 13:09:00,
1.125082719,11209012,Gasparyan/Kuznetsova,Xu/Zheng v Gasparyan/Kuznetsova,70,2016-06-01 11:05:46.690,1.6,2016-06-01 13:09:00,
1.125082719,11209012,Gasparyan/Kuznetsova,Xu/Zheng v Gasparyan/Kuznetsova,80,2016-06-01 11:35:36.044,1.61,2016-06-01 13:38:00,
1.125082719,11209012,Gasparyan/Kuznetsova,Xu/Zheng v Gasparyan/Kuznetsova,90,2016-06-01 11:57:42.568,1.64,2016-06-01 13:29:00,
1.125082719,11209012,Gasparyan/Kuznetsova,Xu/Zheng v Gasparyan/Kuznetsova,100,2016-06-01 12:21:46.845,1.6,2016-06-01 13:29:00,
1.125082853,2437163,Cornet/Eysseric,Cornet/Eysseric v Mirza/Dodig,0,2016-05-30 08:18:24.584,4.2,2016-05-30 10:20:00,
1.125082853,2437163,Cornet/Eysseric,Cornet/Eysseric v Mirza/Dodig,10,2016-06-01 10:16:51.165,4.8,2016-06-01 13:00:00,
1.125082853,2437163,Cornet/Eysseric,Cornet/Eysseric v Mirza/Dodig,20,2016-06-01 13:07:32.523,4.7,2016-06-01 13:14:00,
1.125082853,2437163,Cornet/Eysseric,Cornet/Eysseric v Mirza/Dodig,30,2016-06-01 13:52:29.543,5.5,2016-06-01 13:55:00,2016-06-01 13:14:06.358
1.125082853,2437163,Cornet/Eysseric,Cornet/Eysseric v Mirza/Dodig,40,2016-06-01 13:55:55.069,4.0,2016-06-01 14:10:00,2016-06-01 13:14:06.358
1.125082853,2437163,Cornet/Eysseric,Cornet/Eysseric v Mirza/Dodig,50,2016-06-01 14:25:53.111,1.98,2016-06-01 14:40:00,2016-06-01 13:14:06.358
1.125082853,2437163,Cornet/Eysseric,Cornet/Eysseric v Mirza/Dodig,60,2016-06-01 14:28:54.110,2.76,2016-06-01 14:40:00,2016-06-01 13:14:06.358
1.125082853,2437163,Cornet/Eysseric,Cornet/Eysseric v Mirza/Dodig,70,2016-06-01 14:39:53.886,1.93,2016-06-01 14:40:00,2016-06-01 13:14:06.358
1.125082853,2437163,Cornet/Eysseric,Cornet/Eysseric v Mirza/Dodig,80,2016-06-01 14:42:47.905,2.58,2016-06-01 14:55:00,2016-06-01 13:14:06.358
1.125082853,2437163,Cornet/Eysseric,Cornet/Eysseric v Mirza/Dodig,90,2016-06-01 14:54:48.169,3.3,2016-06-01 14:55:00,2016-06-01 13:14:06.358
1.125082853,2437163,Cornet/Eysseric,Cornet/Eysseric v Mirza/Dodig,100,2016-06-01 14:59:54.328,13.5,2016-06-01 15:10:00,2016-06-01 13:14:06.358
1.125082853,10738213,Mirza/Dodig,Cornet/Eysseric v Mirza/Dodig,0,2016-05-30 03:22:05.416,1.08,2016-05-30 05:35:00,
1.125082853,10738213,Mirza/Dodig,Cornet/Eysseric v Mirza/Dodig,10,2016-05-30 11:46:35.843,1.27,2016-05-30 14:00:00,
1.125082853,10738213,Mirza/Dodig,Cornet/Eysseric v Mirza/Dodig,20,2016-06-01 09:25:51.050,1.18,2016-06-01 13:00:00,
1.125082853,10738213,Mirza/Dodig,Cornet/Eysseric v Mirza/Dodig,30,2016-06-01 12:27:02.359,1.27,2016-06-01 12:44:00,
1.125082853,10738213,Mirza/Dodig,Cornet/Eysseric v Mirza/Dodig,40,2016-06-01 13:59:52.398,1.11,2016-06-01 14:10:00,2016-06-01 13:14:06.358
1.125082853,10738213,Mirza/Dodig,Cornet/Eysseric v Mirza/Dodig,50,2016-06-01 14:19:53.943,1.3,2016-06-01 14:25:00,2016-06-01 13:14:06.358
1.125082853,10738213,Mirza/Dodig,Cornet/Eysseric v Mirza/Dodig,60,2016-06-01 14:27:51.563,2.0,2016-06-01 14:40:00,2016-06-01 13:14:06.358
1.125082853,10738213,Mirza/Dodig,Cornet/Eysseric v Mirza/Dodig,70,2016-06-01 14:37:51.881,2.0,2016-06-01 14:40:00,2016-06-01 13:14:06.358
1.125082853,10738213,Mirza/Dodig,Cornet/Eysseric v Mirza/Dodig,80,2016-06-01 14:52:45.403,1.35,2016-06-01 14:55:00,2016-06-01 13:14:06.358
1.125082853,10738213,Mirza/Dodig,Cornet/Eysseric v Mirza/Dodig,90,2016-06-01 14:58:48.208,1.08,2016-06-01 15:10:00,2016-06-01 13:14:06.358
1.125082853,10738213,Mirza/Dodig,Cornet/Eysseric v Mirza/Dodig,100,2016-06-01 15:04:42.791,1.01,2016-06-01 15:10:00,2016-06-01 13:14:06.358
1.125083005,9169660,Chan/Murray,Chan/Murray v Hlavackova/Roger-vassel,0,2016-05-30 06:18:55.453,2.02,2016-05-30 14:00:00,
1.125083005,9169660,Chan/Murray,Chan/Murray v Hlavackova/Roger-vassel,10,2016-05-31 08:48:49.277,2.2,2016-05-31 17:00:00,
1.125083005,9169660,Chan/Murray,Chan/Murray v Hlavackova/Roger-vassel,20,2016-05-31 20:46:43.504,2.22,2016-06-01 15:00:00,
1.125083005,9169660,Chan/Murray,Chan/Murray v Hlavackova/Roger-vassel,30,2016-05-31 22:56:39.456,2.2,2016-06-01 15:00:00,
1.125083005,9169660,Chan/Murray,Chan/Murray v Hlavackova/Roger-vassel,40,2016-06-01 06:11:23.016,2.16,2016-06-01 15:00:00,
1.125083005,9169660,Chan/Murray,Chan/Murray v Hlavackova/Roger-vassel,50,2016-06-01 07:44:55.148,2.04,2016-06-01 15:00:00,
1.125083005,9169660,Chan/Murray,Chan/Murray v Hlavackova/Roger-vassel,60,2016-06-01 11:55:47.604,2.06,2016-06-01 13:00:00,
1.125083005,9169660,Chan/Murray,Chan/Murray v Hlavackova/Roger-vassel,70,2016-06-01 12:17:50.174,2.2,2016-06-01 13:00:00,
1.125083005,9169660,Chan/Murray,Chan/Murray v Hlavackova/Roger-vassel,80,2016-06-01 12:38:51.978,2.22,2016-06-01 13:00:00,
1.125083005,9169660,Chan/Murray,Chan/Murray v Hlavackova/Roger-vassel,90,2016-06-01 13:01:13.671,2.16,2016-06-01 13:15:00,
1.125083005,9169660,Chan/Murray,Chan/Murray v Hlavackova/Roger-vassel,100,2016-06-01 13:58:40.564,2.04,2016-06-01 14:00:00,
1.125083005,11224179,Hlavackova/Roger-vassel,Chan/Murray v Hlavackova/Roger-vassel,0,2016-05-30 06:18:55.453,1.98,2016-05-30 14:00:00,
1.125083005,11224179,Hlavackova/Roger-vassel,Chan/Murray v Hlavackova/Roger-vassel,10,2016-05-30 16:54:48.403,1.73,2016-05-31 17:00:00,
1.125083005,11224179,Hlavackova/Roger-vassel,Chan/Murray v Hlavackova/Roger-vassel,20,2016-05-31 20:46:43.504,1.82,2016-06-01 15:00:00,
1.125083005,11224179,Hlavackova/Roger-vassel,Chan/Murray v Hlavackova/Roger-vassel,30,2016-06-01 06:10:50.554,1.86,2016-06-01 15:00:00,
1.125083005,11224179,Hlavackova/Roger-vassel,Chan/Murray v Hlavackova/Roger-vassel,40,2016-06-01 07:44:55.148,1.77,2016-06-01 15:00:00,
1.125083005,11224179,Hlavackova/Roger-vassel,Chan/Murray v Hlavackova/Roger-vassel,50,2016-06-01 11:55:47.604,1.94,2016-06-01 13:00:00,
1.125083005,11224179,Hlavackova/Roger-vassel,Chan/Murray v Hlavackova/Roger-vassel,60,2016-06-01 12:17:50.174,1.81,2016-06-01 13:00:00,
1.125083005,11224179,Hlavackova/Roger-vassel,Chan/Murray v Hlavackova/Roger-vassel,70,2016-06-01 12:38:51.978,1.82,2016-06-01 13:00:00,
1.125083005,11224179,Hlavackova/Roger-vassel,Chan/Murray v Hlavackova/Roger-vassel,80,2016-06-01 12:51:44.783,1.83,2016-06-01 13:00:00,
1.125083005,11224179,Hlavackova/Roger-vassel,Chan/Murray v Hlavackova/Roger-vassel,90,2016-06-01 13:25:24.238,1.94,2016-06-01 13:30:00,
1.125083005,11224179,Hlavackova/Roger-vassel,Chan/Murray v Hlavackova/Roger-vassel,100,2016-06-01 14:03:46.412,1.93,2016-06-01 14:15:00,
1.125083021,2249399,Richard Gasquet,Gasquet v A Murray,0,2016-05-29 19:10:01.643,4.5,2016-05-30 12:00:00,
1.125083021,2249399,Richard Gasquet,Gasquet v A Murray,10,2016-05-30 08:48:44.319,3.85,2016-05-31 12:00:00,
1.125083021,2249399,Richard Gasquet,Gasquet v A Murray,20,2016-05-30 20:33:14.644,3.9,2016-05-31 12:00:00,
1.125083021,2249399,Richard Gasquet,Gasquet v A Murray,30,2016-05-31 06:02:38.861,3.85,2016-05-31 12:00:00,
1.125083021,2249399,Richard Gasquet,Gasquet v A Murray,40,2016-05-31 09:15:42.350,3.65,2016-05-31 12:00:00,
1.125083021,2249399,Richard Gasquet,Gasquet v A Murray,50,2016-05-31 12:00:46.456,3.75,2016-05-31 12:15:00,
1.125083021,2249399,Richard Gasquet,Gasquet v A Murray,60,2016-05-31 14:24:45.411,3.75,2016-05-31 14:30:00,
1.125083021,2249399,Richard Gasquet,Gasquet v A Murray,70,2016-05-31 16:47:32.111,3.65,2016-05-31 17:00:00,
1.125083021,2249399,Richard Gasquet,Gasquet v A Murray,80,2016-06-01 05:41:38.706,3.65,2016-06-01 12:00:00,
1.125083021,2249399,Richard Gasquet,Gasquet v A Murray,90,2016-06-01 10:28:44.868,3.7,2016-06-01 12:00:00,
1.125083021,2249399,Richard Gasquet,Gasquet v A Murray,100,2016-06-01 12:02:46.398,3.85,2016-06-01 12:15:00,
1.125083021,2256509,Andy Murray,Gasquet v A Murray,0,2016-05-29 19:10:01.643,1.28,2016-05-30 12:00:00,
1.125083021,2256509,Andy Murray,Gasquet v A Murray,10,2016-05-30 13:05:19.302,1.35,2016-05-31 12:00:00,
1.125083021,2256509,Andy Murray,Gasquet v A Murray,20,2016-05-31 04:03:21.610,1.36,2016-05-31 12:00:00,
1.125083021,2256509,Andy Murray,Gasquet v A Murray,30,2016-05-31 08:46:45.301,1.37,2016-05-31 12:00:00,
1.125083021,2256509,Andy Murray,Gasquet v A Murray,40,2016-05-31 11:52:21.560,1.35,2016-05-31 12:00:00,
1.125083021,2256509,Andy Murray,Gasquet v A Murray,50,2016-05-31 14:08:44.109,1.37,2016-05-31 14:15:00,
1.125083021,2256509,Andy Murray,Gasquet v A Murray,60,2016-05-31 16:07:17.851,1.37,2016-05-31 16:15:00,
1.125083021,2256509,Andy Murray,Gasquet v A Murray,70,2016-05-31 20:13:24.655,1.37,2016-06-01 12:00:00,
1.125083021,2256509,Andy Murray,Gasquet v A Murray,80,2016-06-01 08:15:38.292,1.36,2016-06-01 12:00:00,
1.125083021,2256509,Andy Murray,Gasquet v A Murray,90,2016-06-01 10:30:34.325,1.36,2016-06-01 12:00:00,
1.125083021,2256509,Andy Murray,Gasquet v A Murray,100,2016-06-01 12:03:46.063,1.36,2016-06-01 12:15:00,
1.125089506,2548781,Polona Hercog,Martic v Hercog,0,2016-05-31 08:57:05.528,1.6,2016-06-01 12:00:00,
1.125089506,2548781,Polona Hercog,Martic v Hercog,10,2016-05-31 20:53:23.866,1.58,2016-06-01 12:00:00,
1.125089506,2548781,Polona Hercog,Martic v Hercog,20,2016-05-31 21:15:06.514,1.62,2016-06-01 12:00:00,
1.125089506,2548781,Polona Hercog,Martic v Hercog,30,2016-05-31 22:33:09.801,1.61,2016-06-01 12:00:00,
1.125089506,2548781,Polona Hercog,Martic v Hercog,40,2016-06-01 08:30:56.757,1.61,2016-06-01 12:00:00,
1.125089506,2548781,Polona Hercog,Martic v Hercog,50,2016-06-01 10:14:40.174,1.65,2016-06-01 11:51:00,
1.125089506,2548781,Polona Hercog,Martic v Hercog,60,2016-06-01 10:59:02.057,1.62,2016-06-01 11:51:00,
1.125089506,2548781,Polona Hercog,Martic v Hercog,70,2016-06-01 11:09:48.286,1.67,2016-06-01 11:51:00,
1.125089506,2548781,Polona Hercog,Martic v Hercog,80,2016-06-01 11:23:58.243,1.65,2016-06-01 11:51:00,
1.125089506,2548781,Polona Hercog,Martic v Hercog,90,2016-06-01 11:35:37.579,1.61,2016-06-01 11:51:00,
1.125089506,2548781,Polona Hercog,Martic v Hercog,100,2016-06-01 11:39:08.592,1.66,2016-06-01 11:51:00,
1.125089953,6280340,Grace Min,Ana Konjuh v Min,0,2016-06-01 09:46:01.318,2.9,2016-06-01 15:00:00,
1.125089953,6280340,Grace Min,Ana Konjuh v Min,10,2016-06-01 09:58:04.392,2.88,2016-06-01 15:00:00,
1.125089953,6280340,Grace Min,Ana Konjuh v Min,20,2016-06-01 12:45:21.185,3.0,2016-06-01 15:00:00,
1.125089953,6280340,Grace Min,Ana Konjuh v Min,30,2016-06-01 14:15:03.864,2.96,2016-06-01 15:00:00,
1.125089953,6280340,Grace Min,Ana Konjuh v Min,40,2016-06-01 15:26:55.034,3.05,2016-06-01 15:30:00,
1.125089953,6280340,Grace Min,Ana Konjuh v Min,50,2016-06-01 16:03:21.649,2.96,2016-06-01 16:15:00,
1.125089953,6280340,Grace Min,Ana Konjuh v Min,60,2016-06-01 17:33:07.850,3.0,2016-06-01 17:45:00,
1.125089953,6280340,Grace Min,Ana Konjuh v Min,70,2016-06-01 17:50:09.879,2.7,2016-06-01 18:00:00,
1.125089953,6280340,Grace Min,Ana Konjuh v Min,80,2016-06-01 17:58:33.843,3.35,2016-06-01 18:00:00,
1.125089953,6280340,Grace Min,Ana Konjuh v Min,90,2016-06-01 18:01:29.037,3.4,2016-06-01 18:15:00,
1.125089953,6280340,Grace Min,Ana Konjuh v Min,100,2016-06-01 18:23:24.258,2.74,2016-06-01 18:30:00,2016-06-01 18:21:00.977
1.125089953,8173632,Ana Konjuh,Ana Konjuh v Min,0,2016-06-01 09:24:17.558,1.49,2016-06-01 15:00:00,
1.125089953,8173632,Ana Konjuh,Ana Konjuh v Min,10,2016-06-01 11:35:07.975,1.51,2016-06-01 15:00:00,
1.125089953,8173632,Ana Konjuh,Ana Konjuh v Min,20,2016-06-01 13:59:04.589,1.55,2016-06-01 15:00:00,
1.125089953,8173632,Ana Konjuh,Ana Konjuh v Min,30,2016-06-01 14:15:03.864,1.5,2016-06-01 15:00:00,
1.125089953,8173632,Ana Konjuh,Ana Konjuh v Min,40,2016-06-01 14:28:36.883,1.5,2016-06-01 15:00:00,
1.125089953,8173632,Ana Konjuh,Ana Konjuh v Min,50,2016-06-01 15:26:55.034,1.46,2016-06-01 15:30:00,
1.125089953,8173632,Ana Konjuh,Ana Konjuh v Min,60,2016-06-01 16:21:47.172,1.43,2016-06-01 16:30:00,
1.125089953,8173632,Ana Konjuh,Ana Konjuh v Min,70,2016-06-01 17:32:05.741,1.49,2016-06-01 17:45:00,
1.125089953,8173632,Ana Konjuh,Ana Konjuh v Min,80,2016-06-01 17:53:05.888,1.4,2016-06-01 18:00:00,
1.125089953,8173632,Ana Konjuh,Ana Konjuh v Min,90,2016-06-01 17:58:33.843,1.42,2016-06-01 18:00:00,
1.125089953,8173632,Ana Konjuh,Ana Konjuh v Min,100,2016-06-01 18:23:24.258,1.57,2016-06-01 18:30:00,2016-06-01 18:21:00.977
1.125090115,3990441,Kristina Kucova,A Schmiedlova v K Kucova,0,2016-05-31 22:24:46.027,1.96,2016-06-01 10:00:00,
1.125090115,3990441,Kristina Kucova,A Schmiedlova v K Kucova,10,2016-05-31 23:34:37.097,1.95,2016-06-01 10:00:00,
1.125090115,3990441,Kristina Kucova,A Schmiedlova v K Kucova,20,2016-06-01 04:41:10.099,1.96,2016-06-01 10:00:00,
1.125090115,3990441,Kristina Kucova,A Schmiedlova v K Kucova,30,2016-06-01 04:41:55.462,1.95,2016-06-01 10:00:00,
1.125090115,3990441,Kristina Kucova,A Schmiedlova v K Kucova,40,2016-06-01 05:24:45.976,1.96,2016-06-01 10:00:00,
1.125090115,3990441,Kristina Kucova,A Schmiedlova v K Kucova,50,2016-06-01 07:44:34.202,2.04,2016-06-01 10:00:00,
1.125090115,3990441,Kristina Kucova,A Schmiedlova v K Kucova,60,2016-06-01 07:59:10.279,2.1,2016-06-01 10:00:00,
1.125090115,3990441,Kristina Kucova,A Schmiedlova v K Kucova,70,2016-06-01 08:09:05.258,2.12,2016-06-01 10:00:00,
1.125090115,3990441,Kristina Kucova,A Schmiedlova v K Kucova,80,2016-06-01 09:28:04.567,2.14,2016-06-01 10:00:00,
1.125090115,3990441,Kristina Kucova,A Schmiedlova v K Kucova,90,2016-06-01 09:34:05.322,2.04,2016-06-01 10:00:00,
1.125090115,3990441,Kristina Kucova,A Schmiedlova v K Kucova,100,2016-06-01 09:40:51.103,2.16,2016-06-01 10:00:00,
1.125090115,11107655,Anna Karolina Schmiedlo,A Schmiedlova v K Kucova,0,2016-05-31 07:04:07.593,2.06,2016-06-01 12:00:00,
1.125090115,11107655,Anna Karolina Schmiedlo,A Schmiedlova v K Kucova,10,2016-05-31 22:24:46.027,2.04,2016-06-01 10:00:00,
1.125090115,11107655,Anna Karolina Schmiedlo,A Schmiedlova v K Kucova,20,2016-06-01 05:35:00.826,1.93,2016-06-01 10:00:00,
1.125090115,11107655,Anna Karolina Schmiedlo,A Schmiedlova v K Kucova,30,2016-06-01 07:44:34.202,1.96,2016-06-01 10:00:00,
1.125090115,11107655,Anna Karolina Schmiedlo,A Schmiedlova v K Kucova,40,2016-06-01 07:59:10.279,1.89,2016-06-01 10:00:00,
1.125090115,11107655,Anna Karolina Schmiedlo,A Schmiedlova v K Kucova,50,2016-06-01 08:09:05.258,1.88,2016-06-01 10:00:00,
1.125090115,11107655,Anna Karolina Schmiedlo,A Schmiedlova v K Kucova,60,2016-06-01 08:19:13.267,1.87,2016-06-01 10:00:00,
1.125090115,11107655,Anna Karolina Schmiedlo,A Schmiedlova v K Kucova,70,2016-06-01 08:44:58.076,1.86,2016-06-01 10:00:00,
1.125090115,11107655,Anna Karolina Schmiedlo,A Schmiedlova v K Kucova,80,2016-06-01 09:24:35.571,1.82,2016-06-01 10:00:00,
1.125090115,11107655,Anna Karolina Schmiedlo,A Schmiedlova v K Kucova,90,2016-06-01 09:28:04.567,1.94,2016-06-01 10:00:00,
1.125090115,11107655,Anna Karolina Schmiedlo,A Schmiedlova v K Kucova,100,2016-06-01 09:54:08.640,1.85,2016-06-01 10:00:00,
1.125090318,2415530,Evgeniya Rodina,Rodina v Minella,0,2016-06-01 10:27:32.613,2.36,2016-06-01 12:20:00,
1.125090318,2415530,Evgeniya Rodina,Rodina v Minella,10,2016-06-01 19:18:12.086,2.18,2016-06-02 12:00:00,2016-06-01 12:09:24.183
1.125090318,2415530,Evgeniya Rodina,Rodina v Minella,20,2016-06-01 20:36:04.942,2.16,2016-06-02 12:00:00,2016-06-01 12:09:24.183
1.125090318,2415530,Evgeniya Rodina,Rodina v Minella,30,2016-06-01 21:25:22.447,2.2,2016-06-02 12:00:00,2016-06-01 12:09:24.183
1.125090318,2415530,Evgeniya Rodina,Rodina v Minella,40,2016-06-01 22:43:19.284,2.16,2016-06-02 12:00:00,2016-06-01 12:09:24.183
1.125090318,2415530,Evgeniya Rodina,Rodina v Minella,50,2016-06-02 03:30:19.624,2.18,2016-06-02 09:00:00,2016-06-01 12:09:24.183
1.125090318,2415530,Evgeniya Rodina,Rodina v Minella,60,2016-06-02 06:07:37.050,2.22,2016-06-02 09:00:00,2016-06-01 12:09:24.183
1.125090318,2415530,Evgeniya Rodina,Rodina v Minella,70,2016-06-02 06:57:09.471,2.24,2016-06-02 09:00:00,2016-06-01 12:09:24.183
1.125090318,2415530,Evgeniya Rodina,Rodina v Minella,80,2016-06-02 07:46:20.542,2.2,2016-06-02 09:00:00,2016-06-01 12:09:24.183
1.125090318,2415530,Evgeniya Rodina,Rodina v Minella,90,2016-06-02 08:31:19.580,2.22,2016-06-02 09:00:00,2016-06-01 12:09:24.183
1.125090318,2415530,Evgeniya Rodina,Rodina v Minella,100,2016-06-02 08:59:34.935,2.1,2016-06-02 09:00:00,2016-06-01 12:09:24.183
1.125090318,3425152,Mandy Minella,Rodina v Minella,0,2016-06-01 05:30:59.458,1.64,2016-06-01 13:00:00,
1.125090318,3425152,Mandy Minella,Rodina v Minella,10,2016-06-01 19:43:28.738,1.85,2016-06-02 12:00:00,2016-06-01 12:09:24.183
1.125090318,3425152,Mandy Minella,Rodina v Minella,20,2016-06-01 20:35:35.704,1.83,2016-06-02 12:00:00,2016-06-01 12:09:24.183
1.125090318,3425152,Mandy Minella,Rodina v Minella,30,2016-06-01 21:10:31.187,1.86,2016-06-02 12:00:00,2016-06-01 12:09:24.183
1.125090318,3425152,Mandy Minella,Rodina v Minella,40,2016-06-01 21:41:38.712,1.85,2016-06-02 12:00:00,2016-06-01 12:09:24.183
1.125090318,3425152,Mandy Minella,Rodina v Minella,50,2016-06-01 22:36:53.162,1.84,2016-06-02 12:00:00,2016-06-01 12:09:24.183
1.125090318,3425152,Mandy Minella,Rodina v Minella,60,2016-06-02 02:43:11.295,1.8,2016-06-02 09:00:00,2016-06-01 12:09:24.183
1.125090318,3425152,Mandy Minella,Rodina v Minella,70,2016-06-02 04:44:25.325,1.83,2016-06-02 09:00:00,2016-06-01 12:09:24.183
1.125090318,3425152,Mandy Minella,Rodina v Minella,80,2016-06-02 06:07:53.796,1.8,2016-06-02 09:00:00,2016-06-01 12:09:24.183
1.125090318,3425152,Mandy Minella,Rodina v Minella,90,2016-06-02 07:23:22.008,1.81,2016-06-02 09:00:00,2016-06-01 12:09:24.183
1.125090318,3425152,Mandy Minella,Rodina v Minella,100,2016-06-02 08:59:34.935,1.91,2016-06-02 09:00:00,2016-06-01 12:09:24.183
1.125092021,7364079,Adrien Bossel,Bossel v S Kozlov,0,2016-05-31 13:30:54.632,2.24,2016-06-01 10:00:00,
1.125092021,7364079,Adrien Bossel,Bossel v S Kozlov,10,2016-05-31 13:42:45.594,2.16,2016-06-01 10:00:00,
1.125092021,7364079,Adrien Bossel,Bossel v S Kozlov,20,2016-05-31 20:28:52.363,2.38,2016-06-01 10:00:00,
1.125092021,7364079,Adrien Bossel,Bossel v S Kozlov,30,2016-05-31 22:29:12.969,2.38,2016-06-01 10:00:00,
1.125092021,7364079,Adrien Bossel,Bossel v S Kozlov,40,2016-06-01 00:52:59.829,2.18,2016-06-01 10:00:00,
1.125092021,7364079,Adrien Bossel,Bossel v S Kozlov,50,2016-06-01 07:19:43.190,2.22,2016-06-01 10:00:00,
1.125092021,7364079,Adrien Bossel,Bossel v S Kozlov,60,2016-06-01 08:33:49.883,2.32,2016-06-01 10:00:00,
1.125092021,7364079,Adrien Bossel,Bossel v S Kozlov,70,2016-06-01 08:34:48.415,2.36,2016-06-01 10:00:00,
1.125092021,7364079,Adrien Bossel,Bossel v S Kozlov,80,2016-06-01 08:37:00.630,2.42,2016-06-01 10:00:00,
1.125092021,7364079,Adrien Bossel,Bossel v S Kozlov,90,2016-06-01 08:42:52.157,2.44,2016-06-01 10:00:00,
1.125092021,7364079,Adrien Bossel,Bossel v S Kozlov,100,2016-06-01 09:54:00.889,2.44,2016-06-01 10:00:00,
1.125092021,7415002,Stefan Kozlov,Bossel v S Kozlov,0,2016-05-31 20:28:52.363,1.73,2016-06-01 10:00:00,
1.125092021,7415002,Stefan Kozlov,Bossel v S Kozlov,10,2016-05-31 20:29:40.026,1.72,2016-06-01 10:00:00,
1.125092021,7415002,Stefan Kozlov,Bossel v S Kozlov,20,2016-05-31 20:34:47.589,1.73,2016-06-01 10:00:00,
1.125092021,7415002,Stefan Kozlov,Bossel v S Kozlov,30,2016-06-01 06:15:02.980,1.79,2016-06-01 10:00:00,
1.125092021,7415002,Stefan Kozlov,Bossel v S Kozlov,40,2016-06-01 07:57:16.711,1.76,2016-06-01 10:00:00,
1.125092021,7415002,Stefan Kozlov,Bossel v S Kozlov,50,2016-06-01 08:34:48.415,1.75,2016-06-01 10:00:00,
1.125092021,7415002,Stefan Kozlov,Bossel v S Kozlov,60,2016-06-01 08:36:01.254,1.73,2016-06-01 10:00:00,
1.125092021,7415002,Stefan Kozlov,Bossel v S Kozlov,70,2016-06-01 08:37:00.630,1.7,2016-06-01 10:00:00,
1.125092021,7415002,Stefan Kozlov,Bossel v S Kozlov,80,2016-06-01 08:56:41.665,1.69,2016-06-01 10:00:00,
1.125092021,7415002,Stefan Kozlov,Bossel v S Kozlov,90,2016-06-01 09:25:28.675,1.73,2016-06-01 10:00:00,
1.125092021,7415002,Stefan Kozlov,Bossel v S Kozlov,100,2016-06-01 09:54:00.889,1.66,2016-06-01 10:00:00,
1.125093248,11243459,Jorovic/Vrljic,Jorovic/Vrljic v Kostova/Vickery,0,2016-06-01 18:43:24.746,2.68,2016-06-02 12:00:00,2016-06-01 11:59:30.164
1.125093248,11243459,Jorovic/Vrljic,Jorovic/Vrljic v Kostova/Vickery,10,2016-06-01 20:20:29.460,2.72,2016-06-02 11:34:00,2016-06-01 11:59:30.164
1.125093248,11243459,Jorovic/Vrljic,Jorovic/Vrljic v Kostova/Vickery,20,2016-06-01 20:46:24.288,3.5,2016-06-02 11:34:00,2016-06-01 11:59:30.164
1.125093248,11243459,Jorovic/Vrljic,Jorovic/Vrljic v Kostova/Vickery,30,2016-06-01 22:17:24.463,3.35,2016-06-02 11:34:00,2016-06-01 11:59:30.164
1.125093248,11243459,Jorovic/Vrljic,Jorovic/Vrljic v Kostova/Vickery,40,2016-06-02 03:09:28.750,3.0,2016-06-02 15:00:00,2016-06-01 11:59:30.164
1.125093248,11243459,Jorovic/Vrljic,Jorovic/Vrljic v Kostova/Vickery,50,2016-06-02 08:41:34.651,3.15,2016-06-02 15:00:00,2016-06-01 11:59:30.164
1.125093248,11243459,Jorovic/Vrljic,Jorovic/Vrljic v Kostova/Vickery,60,2016-06-02 09:11:51.849,2.78,2016-06-02 14:47:00,2016-06-01 11:59:30.164
1.125093248,11243459,Jorovic/Vrljic,Jorovic/Vrljic v Kostova/Vickery,70,2016-06-02 10:53:31.272,2.8,2016-06-02 14:29:00,2016-06-01 11:59:30.164
1.125093248,11243459,Jorovic/Vrljic,Jorovic/Vrljic v Kostova/Vickery,80,2016-06-02 12:54:34.840,2.46,2016-06-02 15:00:00,2016-06-01 11:59:30.164
1.125093248,11243459,Jorovic/Vrljic,Jorovic/Vrljic v Kostova/Vickery,90,2016-06-02 13:57:29.026,2.68,2016-06-02 15:51:00,2016-06-01 11:59:30.164
1.125093248,11243459,Jorovic/Vrljic,Jorovic/Vrljic v Kostova/Vickery,100,2016-06-02 15:15:35.657,55.0,2016-06-02 15:31:00,2016-06-01 11:59:30.164
1.125093248,11243460,Kostova/Vickery,Jorovic/Vrljic v Kostova/Vickery,0,2016-06-01 18:43:24.746,1.59,2016-06-02 12:00:00,2016-06-01 11:59:30.164
1.125093248,11243460,Kostova/Vickery,Jorovic/Vrljic v Kostova/Vickery,10,2016-06-01 20:18:33.880,1.6,2016-06-02 11:34:00,2016-06-01 11:59:30.164
1.125093248,11243460,Kostova/Vickery,Jorovic/Vrljic v Kostova/Vickery,20,2016-06-01 20:52:31.912,1.4,2016-06-02 11:34:00,2016-06-01 11:59:30.164
1.125093248,11243460,Kostova/Vickery,Jorovic/Vrljic v Kostova/Vickery,30,2016-06-01 22:13:31.928,1.44,2016-06-02 11:34:00,2016-06-01 11:59:30.164
1.125093248,11243460,Kostova/Vickery,Jorovic/Vrljic v Kostova/Vickery,40,2016-06-01 23:16:34.170,1.49,2016-06-02 11:34:00,2016-06-01 11:59:30.164
1.125093248,11243460,Kostova/Vickery,Jorovic/Vrljic v Kostova/Vickery,50,2016-06-02 06:01:37.479,1.46,2016-06-02 15:00:00,2016-06-01 11:59:30.164
1.125093248,11243460,Kostova/Vickery,Jorovic/Vrljic v Kostova/Vickery,60,2016-06-02 08:41:34.651,1.46,2016-06-02 15:00:00,2016-06-01 11:59:30.164
1.125093248,11243460,Kostova/Vickery,Jorovic/Vrljic v Kostova/Vickery,70,2016-06-02 09:37:34.694,1.57,2016-06-02 14:47:00,2016-06-01 11:59:30.164
1.125093248,11243460,Kostova/Vickery,Jorovic/Vrljic v Kostova/Vickery,80,2016-06-02 12:52:05.095,1.62,2016-06-02 15:00:00,2016-06-01 11:59:30.164
1.125093248,11243460,Kostova/Vickery,Jorovic/Vrljic v Kostova/Vickery,90,2016-06-02 14:18:35.380,1.67,2016-06-02 15:51:00,2016-06-01 11:59:30.164
1.125093248,11243460,Kostova/Vickery,Jorovic/Vrljic v Kostova/Vickery,100,2016-06-02 15:16:35.118,1.04,2016-06-02 15:31:00,2016-06-01 11:59:30.164
1.12509458,6344314,Henri Laaksonen,Laaksonen v Sonego,0,2016-05-31 08:18:37.983,1.6,2016-05-31 15:00:00,
1.12509458,6344314,Henri Laaksonen,Laaksonen v Sonego,10,2016-05-31 15:18:34.980,1.77,2016-05-31 15:31:00,
1.12509458,6344314,Henri Laaksonen,Laaksonen v Sonego,20,2016-05-31 15:20:31.121,1.68,2016-05-31 15:31:00,
1.12509458,6344314,Henri Laaksonen,Laaksonen v Sonego,30,2016-05-31 15:33:38.154,1.83,2016-05-31 15:46:00,
1.12509458,6344314,Henri Laaksonen,Laaksonen v Sonego,40,2016-05-31 19:09:11.609,6.4,2016-06-01 15:54:00,2016-05-31 16:05:35.159
1.12509458,6344314,Henri Laaksonen,Laaksonen v Sonego,50,2016-05-31 20:06:21.425,8.8,2016-06-01 15:54:00,2016-05-31 16:05:35.159
1.12509458,6344314,Henri Laaksonen,Laaksonen v Sonego,60,2016-05-31 20:40:28.438,8.6,2016-06-01 15:54:00,2016-05-31 16:05:35.159
1.12509458,6344314,Henri Laaksonen,Laaksonen v Sonego,70,2016-06-01 04:43:02.894,7.0,2016-06-01 10:00:00,2016-05-31 16:05:35.159
1.12509458,6344314,Henri Laaksonen,Laaksonen v Sonego,80,2016-06-01 06:08:30.589,6.6,2016-06-01 10:00:00,2016-05-31 16:05:35.159
1.12509458,6344314,Henri Laaksonen,Laaksonen v Sonego,90,2016-06-01 08:26:28.356,5.0,2016-06-01 10:00:00,2016-05-31 16:05:35.159
1.12509458,6344314,Henri Laaksonen,Laaksonen v Sonego,100,2016-06-01 09:28:49.908,6.4,2016-06-01 10:00:00,2016-05-31 16:05:35.159
1.12509458,8826925,Lorenzo Sonego,Laaksonen v Sonego,0,2016-05-31 09:16:37.829,2.3,2016-05-31 15:00:00,
1.12509458,8826925,Lorenzo Sonego,Laaksonen v Sonego,10,2016-05-31 15:35:35.812,2.18,2016-05-31 15:46:00,
1.12509458,8826925,Lorenzo Sonego,Laaksonen v Sonego,20,2016-05-31 19:12:10.076,1.2,2016-06-01 15:54:00,2016-05-31 16:05:35.159
1.12509458,8826925,Lorenzo Sonego,Laaksonen v Sonego,30,2016-05-31 19:41:29.694,1.12,2016-06-01 15:54:00,2016-05-31 16:05:35.159
1.12509458,8826925,Lorenzo Sonego,Laaksonen v Sonego,40,2016-05-31 20:24:27.992,1.13,2016-06-01 15:54:00,2016-05-31 16:05:35.159
1.12509458,8826925,Lorenzo Sonego,Laaksonen v Sonego,50,2016-05-31 21:05:22.852,1.15,2016-06-01 15:54:00,2016-05-31 16:05:35.159
1.12509458,8826925,Lorenzo Sonego,Laaksonen v Sonego,60,2016-05-31 23:31:18.031,1.17,2016-06-01 15:54:00,2016-05-31 16:05:35.159
1.12509458,8826925,Lorenzo Sonego,Laaksonen v Sonego,70,2016-06-01 04:40:49.822,1.17,2016-06-01 10:00:00,2016-05-31 16:05:35.159
1.12509458,8826925,Lorenzo Sonego,Laaksonen v Sonego,80,2016-06-01 06:27:32.708,1.2,2016-06-01 10:00:00,2016-05-31 16:05:35.159
1.12509458,8826925,Lorenzo Sonego,Laaksonen v Sonego,90,2016-06-01 08:26:28.356,1.25,2016-06-01 10:00:00,2016-05-31 16:05:35.159
1.12509458,8826925,Lorenzo Sonego,Laaksonen v Sonego,100,2016-06-01 09:24:57.709,1.19,2016-06-01 10:00:00,2016-05-31 16:05:35.159
1.12509921,5304142,Guilherme Clezar,Albot v Clezar,0,2016-06-01 08:29:22.692,2.3,2016-06-01 13:00:00,
1.12509921,5304142,Guilherme Clezar,Albot v Clezar,10,2016-06-01 09:45:11.105,2.46,2016-06-01 13:00:00,
1.12509921,5304142,Guilherme Clezar,Albot v Clezar,20,2016-06-01 11:02:10.029,2.3,2016-06-01 12:55:00,
1.12509921,5304142,Guilherme Clezar,Albot v Clezar,30,2016-06-01 11:28:10.865,2.24,2016-06-01 12:55:00,
1.12509921,5304142,Guilherme Clezar,Albot v Clezar,40,2016-06-01 11:29:03.196,2.28,2016-06-01 12:55:00,
1.12509921,5304142,Guilherme Clezar,Albot v Clezar,50,2016-06-01 11:51:56.344,2.28,2016-06-01 12:55:00,
1.12509921,5304142,Guilherme Clezar,Albot v Clezar,60,2016-06-01 13:10:00.842,2.16,2016-06-01 13:25:00,
1.12509921,5304142,Guilherme Clezar,Albot v Clezar,70,2016-06-01 13:11:02.975,2.3,2016-06-01 13:25:00,
1.12509921,5304142,Guilherme Clezar,Albot v Clezar,80,2016-06-01 14:25:09.714,2.24,2016-06-01 14:40:00,
1.12509921,5304142,Guilherme Clezar,Albot v Clezar,90,2016-06-01 14:44:05.524,2.16,2016-06-01 14:55:00,
1.12509921,5304142,Guilherme Clezar,Albot v Clezar,100,2016-06-01 14:48:33.025,2.3,2016-06-01 14:55:00,
1.12509921,6603898,Radu Albot,Albot v Clezar,0,2016-06-01 05:48:59.698,1.74,2016-06-01 13:00:00,
1.12509921,6603898,Radu Albot,Albot v Clezar,10,2016-06-01 10:10:20.025,1.66,2016-06-01 13:00:00,
1.12509921,6603898,Radu Albot,Albot v Clezar,20,2016-06-01 11:02:10.029,1.76,2016-06-01 12:55:00,
1.12509921,6603898,Radu Albot,Albot v Clezar,30,2016-06-01 11:28:10.865,1.7,2016-06-01 12:55:00,
1.12509921,6603898,Radu Albot,Albot v Clezar,40,2016-06-01 11:50:11.829,1.77,2016-06-01 12:55:00,
1.12509921,6603898,Radu Albot,Albot v Clezar,50,2016-06-01 12:07:06.377,1.72,2016-06-01 12:55:00,
1.12509921,6603898,Radu Albot,Albot v Clezar,60,2016-06-01 12:51:12.372,1.81,2016-06-01 12:55:00,
1.12509921,6603898,Radu Albot,Albot v Clezar,70,2016-06-01 13:11:02.975,1.77,2016-06-01 13:25:00,
1.12509921,6603898,Radu Albot,Albot v Clezar,80,2016-06-01 14:02:03.736,1.76,2016-06-01 14:10:00,
1.12509921,6603898,Radu Albot,Albot v Clezar,90,2016-06-01 14:44:05.524,1.86,2016-06-01 14:55:00,
1.12509921,6603898,Radu Albot,Albot v Clezar,100,2016-06-01 14:49:43.920,1.89,2016-06-01 14:55:00,
1.125099215,2923248,Ricardas Berankis,Berankis v Souza,0,2016-05-31 20:19:48.013,1.66,2016-06-01 09:00:00,
1.125099215,2923248,Ricardas Berankis,Berankis v Souza,10,2016-05-31 21:36:05.611,1.65,2016-06-01 09:00:00,
1.125099215,2923248,Ricardas Berankis,Berankis v Souza,20,2016-06-01 01:18:29.843,1.64,2016-06-01 09:00:00,
1.125099215,2923248,Ricardas Berankis,Berankis v Souza,30,2016-06-01 03:05:19.479,1.63,2016-06-01 09:00:00,
1.125099215,2923248,Ricardas Berankis,Berankis v Souza,40,2016-06-01 06:22:46.352,1.66,2016-06-01 09:00:00,
1.125099215,2923248,Ricardas Berankis,Berankis v Souza,50,2016-06-01 06:40:30.671,1.71,2016-06-01 09:00:00,
1.125099215,2923248,Ricardas Berankis,Berankis v Souza,60,2016-06-01 07:50:42.262,1.73,2016-06-01 09:00:00,
1.125099215,2923248,Ricardas Berankis,Berankis v Souza,70,2016-06-01 07:56:48.797,1.71,2016-06-01 09:00:00,
1.125099215,2923248,Ricardas Berankis,Berankis v Souza,80,2016-06-01 08:16:42.757,1.73,2016-06-01 09:00:00,
1.125099215,2923248,Ricardas Berankis,Berankis v Souza,90,2016-06-01 08:29:22.281,1.72,2016-06-01 09:00:00,
1.125099215,2923248,Ricardas Berankis,Berankis v Souza,100,2016-06-01 08:52:47.890,1.72,2016-06-01 09:00:00,
1.125099215,4490590,Joao Souza,Berankis v Souza,0,2016-05-31 20:19:48.013,2.5,2016-06-01 09:00:00,
1.125099215,4490590,Joao Souza,Berankis v Souza,10,2016-06-01 06:40:30.671,2.4,2016-06-01 09:00:00,
1.125099215,4490590,Joao Souza,Berankis v Souza,20,2016-06-01 06:42:19.339,2.26,2016-06-01 09:00:00,
1.125099215,4490590,Joao Souza,Berankis v Souza,30,2016-06-01 06:44:15.619,2.22,2016-06-01 09:00:00,
1.125099215,4490590,Joao Souza,Berankis v Souza,40,2016-06-01 06:46:04.507,2.2,2016-06-01 09:00:00,
1.125099215,4490590,Joao Souza,Berankis v Souza,50,2016-06-01 07:50:42.262,2.38,2016-06-01 09:00:00,
1.125099215,4490590,Joao Souza,Berankis v Souza,60,2016-06-01 07:56:48.797,2.4,2016-06-01 09:00:00,
1.125099215,4490590,Joao Souza,Berankis v Souza,70,2016-06-01 08:16:42.757,2.38,2016-06-01 09:00:00,
1.125099215,4490590,Joao Souza,Berankis v Souza,80,2016-06-01 08:25:49.044,2.34,2016-06-01 09:00:00,
1.125099215,4490590,Joao Souza,Berankis v Souza,90,2016-06-01 08:47:12.251,2.24,2016-06-01 09:00:00,
1.125099215,4490590,Joao Souza,Berankis v Souza,100,2016-06-01 08:50:36.617,2.28,2016-06-01 09:00:00,
1.125101895,4691416,Peter Gojowczyk,M Reid v Gojowczyk,0,2016-06-01 17:35:01.627,1.46,2016-06-02 12:00:00,
1.125101895,4691416,Peter Gojowczyk,M Reid v Gojowczyk,10,2016-06-01 19:33:53.685,1.48,2016-06-02 12:00:00,
1.125101895,4691416,Peter Gojowczyk,M Reid v Gojowczyk,20,2016-06-01 21:07:50.929,1.44,2016-06-02 12:00:00,
1.125101895,4691416,Peter Gojowczyk,M Reid v Gojowczyk,30,2016-06-02 03:21:58.185,1.4,2016-06-02 12:00:00,
1.125101895,4691416,Peter Gojowczyk,M Reid v Gojowczyk,40,2016-06-02 06:52:54.875,1.33,2016-06-02 12:00:00,
1.125101895,4691416,Peter Gojowczyk,M Reid v Gojowczyk,50,2016-06-02 07:45:58.677,1.34,2016-06-02 12:00:00,
1.125101895,4691416,Peter Gojowczyk,M Reid v Gojowczyk,60,2016-06-02 08:35:18.194,1.32,2016-06-02 12:00:00,
1.125101895,4691416,Peter Gojowczyk,M Reid v Gojowczyk,70,2016-06-02 08:54:58.868,1.33,2016-06-02 12:00:00,
1.125101895,4691416,Peter Gojowczyk,M Reid v Gojowczyk,80,2016-06-02 10:50:13.002,1.34,2016-06-02 11:54:00,
1.125101895,4691416,Peter Gojowczyk,M Reid v Gojowczyk,90,2016-06-02 11:10:29.997,1.35,2016-06-02 11:54:00,
1.125101895,4691416,Peter Gojowczyk,M Reid v Gojowczyk,100,2016-06-02 11:48:05.212,1.37,2016-06-02 11:54:00,
1.12510191,2489416,Maximo Gonzalez,Vanni v Ma Gonzalez,0,2016-05-31 17:45:52.025,1.35,2016-06-01 12:00:00,
1.12510191,2489416,Maximo Gonzalez,Vanni v Ma Gonzalez,10,2016-06-01 21:08:03.361,1.46,2016-06-02 11:00:00,
1.12510191,2489416,Maximo Gonzalez,Vanni v Ma Gonzalez,20,2016-06-01 21:57:06.426,1.43,2016-06-02 11:00:00,
1.12510191,2489416,Maximo Gonzalez,Vanni v Ma Gonzalez,30,2016-06-01 21:57:33.483,1.42,2016-06-02 11:00:00,
1.12510191,2489416,Maximo Gonzalez,Vanni v Ma Gonzalez,40,2016-06-02 00:33:06.778,1.46,2016-06-02 11:00:00,
1.12510191,2489416,Maximo Gonzalez,Vanni v Ma Gonzalez,50,2016-06-02 04:09:35.182,1.4,2016-06-02 11:00:00,
1.12510191,2489416,Maximo Gonzalez,Vanni v Ma Gonzalez,60,2016-06-02 07:01:11.394,1.35,2016-06-02 11:00:00,
1.12510191,2489416,Maximo Gonzalez,Vanni v Ma Gonzalez,70,2016-06-02 07:34:10.498,1.32,2016-06-02 11:00:00,
1.12510191,2489416,Maximo Gonzalez,Vanni v Ma Gonzalez,80,2016-06-02 09:28:09.177,1.33,2016-06-02 11:00:00,
1.12510191,2489416,Maximo Gonzalez,Vanni v Ma Gonzalez,90,2016-06-02 09:28:29.431,1.32,2016-06-02 11:00:00,
1.12510191,2489416,Maximo Gonzalez,Vanni v Ma Gonzalez,100,2016-06-02 10:32:29.380,1.39,2016-06-02 11:00:00,
1.125102065,6217982,Dennis Novikov,D Novikov v Groth,0,2016-06-01 16:03:58.296,2.54,2016-06-02 12:00:00,
1.125102065,6217982,Dennis Novikov,D Novikov v Groth,10,2016-06-01 20:24:02.508,2.88,2016-06-02 12:00:00,
1.125102065,6217982,Dennis Novikov,D Novikov v Groth,20,2016-06-01 21:07:44.081,2.74,2016-06-02 12:00:00,
1.125102065,6217982,Dennis Novikov,D Novikov v Groth,30,2016-06-01 21:31:08.891,2.66,2016-06-02 12:00:00,
1.125102065,6217982,Dennis Novikov,D Novikov v Groth,40,2016-06-02 07:44:18.160,2.76,2016-06-02 12:00:00,
1.125102065,6217982,Dennis Novikov,D Novikov v Groth,50,2016-06-02 08:12:13.272,2.52,2016-06-02 12:00:00,
1.125102065,6217982,Dennis Novikov,D Novikov v Groth,60,2016-06-02 08:54:58.868,2.52,2016-06-02 12:00:00,
1.125102065,6217982,Dennis Novikov,D Novikov v Groth,70,2016-06-02 10:18:06.763,2.68,2016-06-02 11:56:00,
1.125102065,6217982,Dennis Novikov,D Novikov v Groth,80,2016-06-02 10:54:13.045,2.6,2016-06-02 11:56:00,
1.125102065,6217982,Dennis Novikov,D Novikov v Groth,90,2016-06-02 11:12:03.796,2.8,2016-06-02 11:56:00,
1.125102065,6217982,Dennis Novikov,D Novikov v Groth,100,2016-06-02 11:32:07.563,2.58,2016-06-02 11:34:00,
1.125102065,8639819,Sam Groth,D Novikov v Groth,0,2016-06-01 16:03:58.296,1.65,2016-06-02 12:00:00,
1.125102065,8639819,Sam Groth,D Novikov v Groth,10,2016-06-01 20:24:45.173,1.51,2016-06-02 12:00:00,
1.125102065,8639819,Sam Groth,D Novikov v Groth,20,2016-06-01 21:37:17.880,1.55,2016-06-02 12:00:00,
1.125102065,8639819,Sam Groth,D Novikov v Groth,30,2016-06-02 01:01:38.587,1.57,2016-06-02 12:00:00,
1.125102065,8639819,Sam Groth,D Novikov v Groth,40,2016-06-02 07:38:08.364,1.57,2016-06-02 12:00:00,
1.125102065,8639819,Sam Groth,D Novikov v Groth,50,2016-06-02 07:49:06.793,1.66,2016-06-02 12:00:00,
1.125102065,8639819,Sam Groth,D Novikov v Groth,60,2016-06-02 08:12:42.675,1.6,2016-06-02 12:00:00,
1.125102065,8639819,Sam Groth,D Novikov v Groth,70,2016-06-02 09:01:17.443,1.61,2016-06-02 12:00:00,
1.125102065,8639819,Sam Groth,D Novikov v Groth,80,2016-06-02 10:19:15.874,1.6,2016-06-02 11:56:00,
1.125102065,8639819,Sam Groth,D Novikov v Groth,90,2016-06-02 10:54:13.045,1.62,2016-06-02 11:56:00,
1.125102065,8639819,Sam Groth,D Novikov v Groth,100,2016-06-02 11:33:08.717,1.57,2016-06-02 11:34:00,
1.12510207,6603914,Guido Andreozzi,Andreozzi v Khachanov,0,2016-05-31 21:20:50.380,2.16,2016-06-01 11:00:00,
1.12510207,6603914,Guido Andreozzi,Andreozzi v Khachanov,10,2016-06-01 00:53:02.124,2.1,2016-06-01 11:00:00,
1.12510207,6603914,Guido Andreozzi,Andreozzi v Khachanov,20,2016-06-01 07:21:32.396,1.99,2016-06-01 11:00:00,
1.12510207,6603914,Guido Andreozzi,Andreozzi v Khachanov,30,2016-06-01 07:33:19.616,1.96,2016-06-01 11:00:00,
1.12510207,6603914,Guido Andreozzi,Andreozzi v Khachanov,40,2016-06-01 07:49:23.046,1.93,2016-06-01 11:00:00,
1.12510207,6603914,Guido Andreozzi,Andreozzi v Khachanov,50,2016-06-01 08:29:22.175,1.89,2016-06-01 11:00:00,
1.12510207,6603914,Guido Andreozzi,Andreozzi v Khachanov,60,2016-06-01 09:46:48.477,1.89,2016-06-01 10:53:00,
1.12510207,6603914,Guido Andreozzi,Andreozzi v Khachanov,70,2016-06-01 09:51:47.351,1.93,2016-06-01 10:53:00,
1.12510207,6603914,Guido Andreozzi,Andreozzi v Khachanov,80,2016-06-01 09:54:46.621,1.95,2016-06-01 10:53:00,
1.12510207,6603914,Guido Andreozzi,Andreozzi v Khachanov,90,2016-06-01 09:57:49.282,1.95,2016-06-01 10:53:00,
1.12510207,6603914,Guido Andreozzi,Andreozzi v Khachanov,100,2016-06-01 10:56:46.793,1.89,2016-06-01 11:08:00,
1.12510207,7659623,Karen Khachanov,Andreozzi v Khachanov,0,2016-05-31 20:13:46.683,1.75,2016-06-01 11:00:00,
1.12510207,7659623,Karen Khachanov,Andreozzi v Khachanov,10,2016-05-31 21:20:50.380,1.85,2016-06-01 11:00:00,
1.12510207,7659623,Karen Khachanov,Andreozzi v Khachanov,20,2016-06-01 05:40:24.703,1.9,2016-06-01 11:00:00,
1.12510207,7659623,Karen Khachanov,Andreozzi v Khachanov,30,2016-06-01 07:21:32.396,2.0,2016-06-01 11:00:00,
1.12510207,7659623,Karen Khachanov,Andreozzi v Khachanov,40,2016-06-01 07:58:31.957,2.0,2016-06-01 11:00:00,
1.12510207,7659623,Karen Khachanov,Andreozzi v Khachanov,50,2016-06-01 09:31:34.709,2.1,2016-06-01 10:53:00,
1.12510207,7659623,Karen Khachanov,Andreozzi v Khachanov,60,2016-06-01 09:33:41.498,2.06,2016-06-01 10:53:00,
1.12510207,7659623,Karen Khachanov,Andreozzi v Khachanov,70,2016-06-01 09:37:26.115,2.14,2016-06-01 10:53:00,
1.12510207,7659623,Karen Khachanov,Andreozzi v Khachanov,80,2016-06-01 09:52:44.683,2.14,2016-06-01 10:53:00,
1.12510207,7659623,Karen Khachanov,Andreozzi v Khachanov,90,2016-06-01 10:41:50.024,2.06,2016-06-01 10:53:00,
1.12510207,7659623,Karen Khachanov,Andreozzi v Khachanov,100,2016-06-01 10:56:46.793,2.12,2016-06-01 11:08:00,
1.125102075,3622149,Stefanie Voegele,Voegele v Brady,0,2016-06-01 15:50:17.944,1.66,2016-06-02 12:00:00,
1.125102075,3622149,Stefanie Voegele,Voegele v Brady,10,2016-06-01 19:06:53.709,1.81,2016-06-02 11:00:00,
1.125102075,3622149,Stefanie Voegele,Voegele v Brady,20,2016-06-01 22:20:02.408,1.81,2016-06-02 11:00:00,
1.125102075,3622149,Stefanie Voegele,Voegele v Brady,30,2016-06-01 22:56:12.184,1.86,2016-06-02 11:00:00,
1.125102075,3622149,Stefanie Voegele,Voegele v Brady,40,2016-06-02 07:35:07.971,1.89,2016-06-02 11:00:00,
1.125102075,3622149,Stefanie Voegele,Voegele v Brady,50,2016-06-02 08:55:01.377,1.84,2016-06-02 10:47:00,
1.125102075,3622149,Stefanie Voegele,Voegele v Brady,60,2016-06-02 09:00:54.021,1.9,2016-06-02 10:47:00,
1.125102075,3622149,Stefanie Voegele,Voegele v Brady,70,2016-06-02 09:08:50.838,1.92,2016-06-02 10:47:00,
1.125102075,3622149,Stefanie Voegele,Voegele v Brady,80,2016-06-02 09:15:49.982,1.98,2016-06-02 10:47:00,
1.125102075,3622149,Stefanie Voegele,Voegele v Brady,90,2016-06-02 09:21:40.082,1.98,2016-06-02 10:47:00,
1.125102075,3622149,Stefanie Voegele,Voegele v Brady,100,2016-06-02 10:10:51.225,1.98,2016-06-02 10:47:00,
1.125102075,8784966,Jennifer Brady,Voegele v Brady,0,2016-06-01 19:05:54.911,2.24,2016-06-02 11:00:00,
1.125102075,8784966,Jennifer Brady,Voegele v Brady,10,2016-06-01 22:18:54.480,2.2,2016-06-02 11:00:00,
1.125102075,8784966,Jennifer Brady,Voegele v Brady,20,2016-06-02 02:28:51.264,2.16,2016-06-02 11:00:00,
1.125102075,8784966,Jennifer Brady,Voegele v Brady,30,2016-06-02 07:35:07.971,2.12,2016-06-02 11:00:00,
1.125102075,8784966,Jennifer Brady,Voegele v Brady,40,2016-06-02 08:31:57.223,2.18,2016-06-02 11:00:00,
1.125102075,8784966,Jennifer Brady,Voegele v Brady,50,2016-06-02 09:00:54.021,2.1,2016-06-02 10:47:00,
1.125102075,8784966,Jennifer Brady,Voegele v Brady,60,2016-06-02 09:02:51.468,2.16,2016-06-02 10:47:00,
1.125102075,8784966,Jennifer Brady,Voegele v Brady,70,2016-06-02 09:09:53.502,2.04,2016-06-02 10:47:00,
1.125102075,8784966,Jennifer Brady,Voegele v Brady,80,2016-06-02 09:46:47.716,2.06,2016-06-02 10:47:00,
1.125102075,8784966,Jennifer Brady,Voegele v Brady,90,2016-06-02 10:00:34.051,2.08,2016-06-02 10:47:00,
1.125102075,8784966,Jennifer Brady,Voegele v Brady,100,2016-06-02 10:11:26.298,2.02,2016-06-02 10:47:00,
1.125102208,6064287,James Duckworth,Ye Lu v Duckworth,0,2016-06-01 20:51:00.589,2.4,2016-06-02 10:00:00,
1.125102208,6064287,James Duckworth,Ye Lu v Duckworth,10,2016-06-01 23:20:43.153,2.44,2016-06-02 10:00:00,
1.125102208,6064287,James Duckworth,Ye Lu v Duckworth,20,2016-06-02 02:58:49.236,2.36,2016-06-02 10:00:00,
1.125102208,6064287,James Duckworth,Ye Lu v Duckworth,30,2016-06-02 07:06:55.582,2.3,2016-06-02 10:00:00,
1.125102208,6064287,James Duckworth,Ye Lu v Duckworth,40,2016-06-02 08:00:04.982,2.3,2016-06-02 10:00:00,
1.125102208,6064287,James Duckworth,Ye Lu v Duckworth,50,2016-06-02 08:10:06.623,2.36,2016-06-02 10:00:00,
1.125102208,6064287,James Duckworth,Ye Lu v Duckworth,60,2016-06-02 08:19:18.043,2.34,2016-06-02 10:00:00,
1.125102208,6064287,James Duckworth,Ye Lu v Duckworth,70,2016-06-02 08:25:17.834,2.28,2016-06-02 10:00:00,
1.125102208,6064287,James Duckworth,Ye Lu v Duckworth,80,2016-06-02 08:45:56.149,2.28,2016-06-02 10:00:00,
1.125102208,6064287,James Duckworth,Ye Lu v Duckworth,90,2016-06-02 09:25:52.436,2.32,2016-06-02 10:00:00,
1.125102208,6064287,James Duckworth,Ye Lu v Duckworth,100,2016-06-02 09:44:09.030,2.32,2016-06-02 10:00:00,
1.125102208,11204618,Yen-Hsun Lu,Ye Lu v Duckworth,0,2016-06-01 19:22:17.332,1.72,2016-06-02 10:00:00,
1.125102208,11204618,Yen-Hsun Lu,Ye Lu v Duckworth,10,2016-06-01 21:33:52.669,1.69,2016-06-02 10:00:00,
1.125102208,11204618,Yen-Hsun Lu,Ye Lu v Duckworth,20,2016-06-02 02:29:13.178,1.71,2016-06-02 10:00:00,
1.125102208,11204618,Yen-Hsun Lu,Ye Lu v Duckworth,30,2016-06-02 06:15:07.435,1.78,2016-06-02 10:00:00,
1.125102208,11204618,Yen-Hsun Lu,Ye Lu v Duckworth,40,2016-06-02 07:37:26.038,1.77,2016-06-02 10:00:00,
1.125102208,11204618,Yen-Hsun Lu,Ye Lu v Duckworth,50,2016-06-02 08:07:07.120,1.73,2016-06-02 10:00:00,
1.125102208,11204618,Yen-Hsun Lu,Ye Lu v Duckworth,60,2016-06-02 08:19:18.043,1.77,2016-06-02 10:00:00,
1.125102208,11204618,Yen-Hsun Lu,Ye Lu v Duckworth,70,2016-06-02 08:25:43.010,1.77,2016-06-02 10:00:00,
1.125102208,11204618,Yen-Hsun Lu,Ye Lu v Duckworth,80,2016-06-02 09:02:14.277,1.78,2016-06-02 10:00:00,
1.125102208,11204618,Yen-Hsun Lu,Ye Lu v Duckworth,90,2016-06-02 09:25:52.436,1.73,2016-06-02 10:00:00,
1.125102208,11204618,Yen-Hsun Lu,Ye Lu v Duckworth,100,2016-06-02 09:45:53.357,1.75,2016-06-02 10:00:00,
1.125102213,8173434,Taro Daniel,T Monteiro v T Daniel,0,2016-05-31 20:13:41.020,1.65,2016-06-01 11:00:00,
1.125102213,8173434,Taro Daniel,T Monteiro v T Daniel,10,2016-05-31 20:50:48.240,1.76,2016-06-01 11:00:00,
1.125102213,8173434,Taro Daniel,T Monteiro v T Daniel,20,2016-06-01 05:50:32.583,1.72,2016-06-01 11:00:00,
1.125102213,8173434,Taro Daniel,T Monteiro v T Daniel,30,2016-06-01 07:28:53.061,1.72,2016-06-01 11:00:00,
1.125102213,8173434,Taro Daniel,T Monteiro v T Daniel,40,2016-06-01 08:18:00.394,1.8,2016-06-01 11:00:00,
1.125102213,8173434,Taro Daniel,T Monteiro v T Daniel,50,2016-06-01 08:29:22.486,1.73,2016-06-01 11:00:00,
1.125102213,8173434,Taro Daniel,T Monteiro v T Daniel,60,2016-06-01 09:18:05.407,1.76,2016-06-01 11:00:00,
1.125102213,8173434,Taro Daniel,T Monteiro v T Daniel,70,2016-06-01 09:49:10.317,1.84,2016-06-01 11:00:00,
1.125102213,8173434,Taro Daniel,T Monteiro v T Daniel,80,2016-06-01 10:07:07.599,1.77,2016-06-01 11:00:00,
1.125102213,8173434,Taro Daniel,T Monteiro v T Daniel,90,2016-06-01 10:33:53.713,1.84,2016-06-01 11:00:00,
1.125102213,8173434,Taro Daniel,T Monteiro v T Daniel,100,2016-06-01 10:57:59.510,1.76,2016-06-01 11:00:00,
1.125102213,8326656,Thiago Monteiro,T Monteiro v T Daniel,0,2016-05-31 20:50:48.240,2.3,2016-06-01 11:00:00,
1.125102213,8326656,Thiago Monteiro,T Monteiro v T Daniel,10,2016-06-01 00:53:09.522,2.3,2016-06-01 11:00:00,
1.125102213,8326656,Thiago Monteiro,T Monteiro v T Daniel,20,2016-06-01 08:18:00.394,2.24,2016-06-01 11:00:00,
1.125102213,8326656,Thiago Monteiro,T Monteiro v T Daniel,30,2016-06-01 09:20:52.140,2.34,2016-06-01 11:00:00,
1.125102213,8326656,Thiago Monteiro,T Monteiro v T Daniel,40,2016-06-01 09:23:58.529,2.34,2016-06-01 11:00:00,
1.125102213,8326656,Thiago Monteiro,T Monteiro v T Daniel,50,2016-06-01 09:27:02.762,2.32,2016-06-01 11:00:00,
1.125102213,8326656,Thiago Monteiro,T Monteiro v T Daniel,60,2016-06-01 09:49:10.317,2.18,2016-06-01 11:00:00,
1.125102213,8326656,Thiago Monteiro,T Monteiro v T Daniel,70,2016-06-01 09:55:11.895,2.16,2016-06-01 11:00:00,
1.125102213,8326656,Thiago Monteiro,T Monteiro v T Daniel,80,2016-06-01 10:07:07.599,2.32,2016-06-01 11:00:00,
1.125102213,8326656,Thiago Monteiro,T Monteiro v T Daniel,90,2016-06-01 10:14:09.444,2.3,2016-06-01 11:00:00,
1.125102213,8326656,Thiago Monteiro,T Monteiro v T Daniel,100,2016-06-01 10:57:10.071,2.32,2016-06-01 11:00:00,
1.125102219,4827766,Marton Fucsovics,Fucsovics v Lama,0,2016-05-31 20:27:45.761,1.92,2016-06-01 09:00:00,
1.125102219,4827766,Marton Fucsovics,Fucsovics v Lama,10,2016-06-01 00:52:53.363,1.96,2016-06-01 09:00:00,
1.125102219,4827766,Marton Fucsovics,Fucsovics v Lama,20,2016-06-01 00:54:50.385,1.89,2016-06-01 09:00:00,
1.125102219,4827766,Marton Fucsovics,Fucsovics v Lama,30,2016-06-01 01:04:26.559,1.96,2016-06-01 09:00:00,
1.125102219,4827766,Marton Fucsovics,Fucsovics v Lama,40,2016-06-01 02:27:16.409,1.89,2016-06-01 09:00:00,
1.125102219,4827766,Marton Fucsovics,Fucsovics v Lama,50,2016-06-01 05:43:59.147,1.85,2016-06-01 09:00:00,
1.125102219,4827766,Marton Fucsovics,Fucsovics v Lama,60,2016-06-01 06:12:50.297,1.84,2016-06-01 09:00:00,
1.125102219,4827766,Marton Fucsovics,Fucsovics v Lama,70,2016-06-01 06:13:32.005,1.78,2016-06-01 09:00:00,
1.125102219,4827766,Marton Fucsovics,Fucsovics v Lama,80,2016-06-01 07:56:41.069,1.8,2016-06-01 09:00:00,
1.125102219,4827766,Marton Fucsovics,Fucsovics v Lama,90,2016-06-01 08:34:42.749,1.86,2016-06-01 09:00:00,
1.125102219,4827766,Marton Fucsovics,Fucsovics v Lama,100,2016-06-01 08:51:27.685,1.87,2016-06-01 09:00:00,
1.125102219,7032057,Gonzalo Lama,Fucsovics v Lama,0,2016-05-31 17:36:30.966,2.12,2016-06-01 09:00:00,
1.125102219,7032057,Gonzalo Lama,Fucsovics v Lama,10,2016-05-31 17:37:33.724,2.1,2016-06-01 09:00:00,
1.125102219,7032057,Gonzalo Lama,Fucsovics v Lama,20,2016-05-31 18:01:42.563,1.98,2016-06-01 09:00:00,
1.125102219,7032057,Gonzalo Lama,Fucsovics v Lama,30,2016-05-31 18:02:14.088,2.02,2016-06-01 09:00:00,
1.125102219,7032057,Gonzalo Lama,Fucsovics v Lama,40,2016-05-31 20:27:45.761,2.06,2016-06-01 09:00:00,
1.125102219,7032057,Gonzalo Lama,Fucsovics v Lama,50,2016-06-01 06:13:32.005,2.26,2016-06-01 09:00:00,
1.125102219,7032057,Gonzalo Lama,Fucsovics v Lama,60,2016-06-01 07:42:05.072,2.24,2016-06-01 09:00:00,
1.125102219,7032057,Gonzalo Lama,Fucsovics v Lama,70,2016-06-01 07:58:15.348,2.16,2016-06-01 09:00:00,
1.125102219,7032057,Gonzalo Lama,Fucsovics v Lama,80,2016-06-01 08:09:57.119,2.24,2016-06-01 09:00:00,
1.125102219,7032057,Gonzalo Lama,Fucsovics v Lama,90,2016-06-01 08:34:42.749,2.16,2016-06-01 09:00:00,
1.125102219,7032057,Gonzalo Lama,Fucsovics v Lama,100,2016-06-01 08:51:27.685,2.18,2016-06-01 09:00:00,
1.125102224,2249396,Janko Tipsarevic,Tipsarevic v Vesely,0,2016-05-31 17:11:46.373,3.1,2016-06-01 13:00:00,
1.125102224,2249396,Janko Tipsarevic,Tipsarevic v Vesely,10,2016-05-31 17:17:26.622,2.72,2016-06-01 13:00:00,
1.125102224,2249396,Janko Tipsarevic,Tipsarevic v Vesely,20,2016-05-31 17:38:10.377,2.56,2016-06-01 13:00:00,
1.125102224,2249396,Janko Tipsarevic,Tipsarevic v Vesely,30,2016-06-01 06:46:47.226,3.0,2016-06-01 13:00:00,
1.125102224,2249396,Janko Tipsarevic,Tipsarevic v Vesely,40,2016-06-01 09:37:45.166,3.2,2016-06-01 12:50:00,
1.125102224,2249396,Janko Tipsarevic,Tipsarevic v Vesely,50,2016-06-01 09:56:23.505,3.0,2016-06-01 12:50:00,
1.125102224,2249396,Janko Tipsarevic,Tipsarevic v Vesely,60,2016-06-01 10:05:09.169,3.2,2016-06-01 12:50:00,
1.125102224,2249396,Janko Tipsarevic,Tipsarevic v Vesely,70,2016-06-01 10:13:24.047,3.15,2016-06-01 12:08:00,
1.125102224,2249396,Janko Tipsarevic,Tipsarevic v Vesely,80,2016-06-01 10:20:49.632,3.2,2016-06-01 12:08:00,
1.125102224,2249396,Janko Tipsarevic,Tipsarevic v Vesely,90,2016-06-01 10:49:17.788,3.15,2016-06-01 12:08:00,
1.125102224,2249396,Janko Tipsarevic,Tipsarevic v Vesely,100,2016-06-01 12:02:48.297,3.05,2016-06-01 12:08:00,
1.125102224,7032143,Jiri Vesely,Tipsarevic v Vesely,0,2016-05-31 17:12:48.354,1.43,2016-06-01 13:00:00,
1.125102224,7032143,Jiri Vesely,Tipsarevic v Vesely,10,2016-05-31 17:38:10.377,1.65,2016-06-01 13:00:00,
1.125102224,7032143,Jiri Vesely,Tipsarevic v Vesely,20,2016-06-01 06:46:47.226,1.5,2016-06-01 13:00:00,
1.125102224,7032143,Jiri Vesely,Tipsarevic v Vesely,30,2016-06-01 08:29:22.537,1.45,2016-06-01 13:00:00,
1.125102224,7032143,Jiri Vesely,Tipsarevic v Vesely,40,2016-06-01 09:34:46.465,1.54,2016-06-01 12:50:00,
1.125102224,7032143,Jiri Vesely,Tipsarevic v Vesely,50,2016-06-01 09:39:41.608,1.45,2016-06-01 12:50:00,
1.125102224,7032143,Jiri Vesely,Tipsarevic v Vesely,60,2016-06-01 10:18:50.390,1.45,2016-06-01 12:08:00,
1.125102224,7032143,Jiri Vesely,Tipsarevic v Vesely,70,2016-06-01 10:38:27.987,1.44,2016-06-01 12:08:00,
1.125102224,7032143,Jiri Vesely,Tipsarevic v Vesely,80,2016-06-01 11:08:17.575,1.47,2016-06-01 12:08:00,
1.125102224,7032143,Jiri Vesely,Tipsarevic v Vesely,90,2016-06-01 12:03:28.263,1.49,2016-06-01 12:08:00,
1.125102224,7032143,Jiri Vesely,Tipsarevic v Vesely,100,2016-06-01 12:29:48.324,1.45,2016-06-01 12:33:00,
1.125102253,2248502,Samantha Stosur,Stosur v Pironkova,0,2016-05-31 14:55:11.559,1.52,2016-06-01 12:00:00,
1.125102253,2248502,Samantha Stosur,Stosur v Pironkova,10,2016-06-01 00:13:44.778,1.45,2016-06-01 14:00:00,
1.125102253,2248502,Samantha Stosur,Stosur v Pironkova,20,2016-06-01 08:22:54.857,1.45,2016-06-01 14:00:00,
1.125102253,2248502,Samantha Stosur,Stosur v Pironkova,30,2016-06-01 10:01:03.272,1.43,2016-06-01 14:00:00,
1.125102253,2248502,Samantha Stosur,Stosur v Pironkova,40,2016-06-01 11:47:53.689,1.43,2016-06-01 14:00:00,
1.125102253,2248502,Samantha Stosur,Stosur v Pironkova,50,2016-06-01 12:44:10.236,1.46,2016-06-01 14:03:00,
1.125102253,2248502,Samantha Stosur,Stosur v Pironkova,60,2016-06-01 13:13:18.089,1.44,2016-06-01 14:03:00,
1.125102253,2248502,Samantha Stosur,Stosur v Pironkova,70,2016-06-01 13:45:18.660,1.44,2016-06-01 14:03:00,
1.125102253,2248502,Samantha Stosur,Stosur v Pironkova,80,2016-06-01 14:27:12.620,1.44,2016-06-01 14:33:00,
1.125102253,2248502,Samantha Stosur,Stosur v Pironkova,90,2016-06-01 15:11:18.595,1.46,2016-06-01 15:18:00,
1.125102253,2248502,Samantha Stosur,Stosur v Pironkova,100,2016-06-01 15:53:12.350,1.44,2016-06-01 16:02:00,
1.125102253,2263606,Tsvetana Pironkova,Stosur v Pironkova,0,2016-05-31 16:14:14.156,2.96,2016-06-01 12:00:00,
1.125102253,2263606,Tsvetana Pironkova,Stosur v Pironkova,10,2016-06-01 06:33:51.010,3.25,2016-06-01 14:00:00,
1.125102253,2263606,Tsvetana Pironkova,Stosur v Pironkova,20,2016-06-01 09:33:15.595,3.3,2016-06-01 14:00:00,
1.125102253,2263606,Tsvetana Pironkova,Stosur v Pironkova,30,2016-06-01 11:33:49.445,3.25,2016-06-01 14:00:00,
1.125102253,2263606,Tsvetana Pironkova,Stosur v Pironkova,40,2016-06-01 12:44:10.236,3.15,2016-06-01 14:03:00,
1.125102253,2263606,Tsvetana Pironkova,Stosur v Pironkova,50,2016-06-01 13:08:13.696,3.15,2016-06-01 14:03:00,
1.125102253,2263606,Tsvetana Pironkova,Stosur v Pironkova,60,2016-06-01 13:32:19.051,3.35,2016-06-01 14:03:00,
1.125102253,2263606,Tsvetana Pironkova,Stosur v Pironkova,70,2016-06-01 13:56:15.735,3.2,2016-06-01 14:03:00,
1.125102253,2263606,Tsvetana Pironkova,Stosur v Pironkova,80,2016-06-01 14:21:53.018,3.25,2016-06-01 14:33:00,
1.125102253,2263606,Tsvetana Pironkova,Stosur v Pironkova,90,2016-06-01 15:32:11.117,3.25,2016-06-01 15:33:00,
1.125102253,2263606,Tsvetana Pironkova,Stosur v Pironkova,100,2016-06-01 15:52:08.655,3.25,2016-06-01 16:02:00,
1.125102268,10704359,Garcia/Mladenovic,Garcia/Mladenovic v Bertens/Larsson,0,2016-06-01 10:17:05.957,1.54,2016-06-01 13:00:00,
1.125102268,10704359,Garcia/Mladenovic,Garcia/Mladenovic v Bertens/Larsson,10,2016-06-01 11:00:11.117,1.53,2016-06-01 13:00:00,
1.125102268,10704359,Garcia/Mladenovic,Garcia/Mladenovic v Bertens/Larsson,20,2016-06-01 11:11:01.977,1.68,2016-06-01 13:15:00,
1.125102268,10704359,Garcia/Mladenovic,Garcia/Mladenovic v Bertens/Larsson,30,2016-06-01 11:12:09.133,1.56,2016-06-01 13:15:00,
1.125102268,10704359,Garcia/Mladenovic,Garcia/Mladenovic v Bertens/Larsson,40,2016-06-01 11:47:51.494,1.53,2016-06-01 12:15:00,
1.125102268,10704359,Garcia/Mladenovic,Garcia/Mladenovic v Bertens/Larsson,50,2016-06-01 11:56:09.200,1.6,2016-06-01 12:15:00,
1.125102268,10704359,Garcia/Mladenovic,Garcia/Mladenovic v Bertens/Larsson,60,2016-06-01 12:00:00.580,1.56,2016-06-01 12:15:00,
1.125102268,10704359,Garcia/Mladenovic,Garcia/Mladenovic v Bertens/Larsson,70,2016-06-01 12:02:03.097,1.53,2016-06-01 12:15:00,
1.125102268,10704359,Garcia/Mladenovic,Garcia/Mladenovic v Bertens/Larsson,80,2016-06-01 12:22:11.004,1.58,2016-06-01 12:30:00,
1.125102268,10704359,Garcia/Mladenovic,Garcia/Mladenovic v Bertens/Larsson,90,2016-06-01 12:25:55.257,1.57,2016-06-01 12:30:00,
1.125102268,10704359,Garcia/Mladenovic,Garcia/Mladenovic v Bertens/Larsson,100,2016-06-01 12:40:10.599,1.57,2016-06-01 12:45:00,
1.125102409,2258415,Lukas Rosol,E Ymer v Rosol,0,2016-05-31 22:09:52.061,1.84,2016-06-01 15:00:00,
1.125102409,2258415,Lukas Rosol,E Ymer v Rosol,10,2016-06-01 05:41:48.769,1.65,2016-06-01 15:00:00,
1.125102409,2258415,Lukas Rosol,E Ymer v Rosol,20,2016-06-01 08:29:23.005,1.61,2016-06-01 15:00:00,
1.125102409,2258415,Lukas Rosol,E Ymer v Rosol,30,2016-06-01 10:36:19.520,1.62,2016-06-01 14:08:00,
1.125102409,2258415,Lukas Rosol,E Ymer v Rosol,40,2016-06-01 11:26:16.487,1.71,2016-06-01 14:08:00,
1.125102409,2258415,Lukas Rosol,E Ymer v Rosol,50,2016-06-01 11:32:01.025,1.69,2016-06-01 14:08:00,
1.125102409,2258415,Lukas Rosol,E Ymer v Rosol,60,2016-06-01 11:37:19.248,1.69,2016-06-01 14:08:00,
1.125102409,2258415,Lukas Rosol,E Ymer v Rosol,70,2016-06-01 14:14:18.771,1.65,2016-06-01 14:32:00,
1.125102409,2258415,Lukas Rosol,E Ymer v Rosol,80,2016-06-01 14:53:13.390,1.61,2016-06-01 15:02:00,
1.125102409,2258415,Lukas Rosol,E Ymer v Rosol,90,2016-06-01 15:11:51.934,1.59,2016-06-01 15:17:00,
1.125102409,2258415,Lukas Rosol,E Ymer v Rosol,100,2016-06-01 15:30:09.053,1.66,2016-06-01 15:32:00,
1.125102409,7414305,Elias Ymer,E Ymer v Rosol,0,2016-05-31 22:09:52.061,2.18,2016-06-01 15:00:00,
1.125102409,7414305,Elias Ymer,E Ymer v Rosol,10,2016-06-01 05:41:48.769,2.52,2016-06-01 15:00:00,
1.125102409,7414305,Elias Ymer,E Ymer v Rosol,20,2016-06-01 07:25:19.743,2.38,2016-06-01 15:00:00,
1.125102409,7414305,Elias Ymer,E Ymer v Rosol,30,2016-06-01 09:45:58.282,2.44,2016-06-01 14:50:00,
1.125102409,7414305,Elias Ymer,E Ymer v Rosol,40,2016-06-01 11:05:47.161,2.46,2016-06-01 14:08:00,
1.125102409,7414305,Elias Ymer,E Ymer v Rosol,50,2016-06-01 11:25:09.718,2.42,2016-06-01 14:08:00,
1.125102409,7414305,Elias Ymer,E Ymer v Rosol,60,2016-06-01 13:15:03.418,2.44,2016-06-01 14:32:00,
1.125102409,7414305,Elias Ymer,E Ymer v Rosol,70,2016-06-01 14:07:19.582,2.5,2016-06-01 14:32:00,
1.125102409,7414305,Elias Ymer,E Ymer v Rosol,80,2016-06-01 14:55:00.966,2.52,2016-06-01 15:02:00,
1.125102409,7414305,Elias Ymer,E Ymer v Rosol,90,2016-06-01 15:25:20.182,2.52,2016-06-01 15:32:00,
1.125102409,7414305,Elias Ymer,E Ymer v Rosol,100,2016-06-01 15:36:36.266,2.42,2016-06-01 15:38:00,
1.125102461,2263599,Albert Montanes,Reister v Montanes,0,2016-06-01 05:50:08.751,1.7,2016-06-01 15:00:00,
1.125102461,2263599,Albert Montanes,Reister v Montanes,10,2016-06-01 06:58:38.306,1.7,2016-06-01 15:00:00,
1.125102461,2263599,Albert Montanes,Reister v Montanes,20,2016-06-01 07:59:37.552,1.64,2016-06-01 15:00:00,
1.125102461,2263599,Albert Montanes,Reister v Montanes,30,2016-06-01 09:38:18.663,1.73,2016-06-01 15:00:00,
1.125102461,2263599,Albert Montanes,Reister v Montanes,40,2016-06-01 10:34:38.760,1.66,2016-06-01 15:00:00,
1.125102461,2263599,Albert Montanes,Reister v Montanes,50,2016-06-01 12:15:52.512,1.71,2016-06-01 14:55:00,
1.125102461,2263599,Albert Montanes,Reister v Montanes,60,2016-06-01 12:55:34.676,1.79,2016-06-01 15:10:00,
1.125102461,2263599,Albert Montanes,Reister v Montanes,70,2016-06-01 12:58:56.086,1.85,2016-06-01 15:10:00,
1.125102461,2263599,Albert Montanes,Reister v Montanes,80,2016-06-01 13:01:50.389,1.86,2016-06-01 15:10:00,
1.125102461,2263599,Albert Montanes,Reister v Montanes,90,2016-06-01 13:03:55.516,1.9,2016-06-01 15:10:00,
1.125102461,2263599,Albert Montanes,Reister v Montanes,100,2016-06-01 13:55:50.390,1.89,2016-06-01 16:10:00,
1.125102542,2284304,Sergiy Stakhovsky,Corrie v Stakhovsky,0,2016-06-01 21:07:40.262,1.35,2016-06-02 13:30:00,
1.125102542,2284304,Sergiy Stakhovsky,Corrie v Stakhovsky,10,2016-06-01 21:11:09.974,1.34,2016-06-02 13:30:00,
1.125102542,2284304,Sergiy Stakhovsky,Corrie v Stakhovsky,20,2016-06-02 03:38:45.713,1.29,2016-06-02 13:30:00,
1.125102542,2284304,Sergiy Stakhovsky,Corrie v Stakhovsky,30,2016-06-02 07:03:03.173,1.21,2016-06-02 13:30:00,
1.125102542,2284304,Sergiy Stakhovsky,Corrie v Stakhovsky,40,2016-06-02 07:30:58.946,1.2,2016-06-02 13:30:00,
1.125102542,2284304,Sergiy Stakhovsky,Corrie v Stakhovsky,50,2016-06-02 08:54:58.970,1.22,2016-06-02 13:30:00,
1.125102542,2284304,Sergiy Stakhovsky,Corrie v Stakhovsky,60,2016-06-02 11:46:25.640,1.24,2016-06-02 13:30:00,
1.125102542,2284304,Sergiy Stakhovsky,Corrie v Stakhovsky,70,2016-06-02 13:01:05.428,1.24,2016-06-02 13:30:00,
1.125102542,2284304,Sergiy Stakhovsky,Corrie v Stakhovsky,80,2016-06-02 13:21:49.141,1.22,2016-06-02 13:30:00,
1.125102542,2284304,Sergiy Stakhovsky,Corrie v Stakhovsky,90,2016-06-02 13:30:25.677,1.22,2016-06-02 13:45:00,
1.125102542,2284304,Sergiy Stakhovsky,Corrie v Stakhovsky,100,2016-06-02 13:42:29.091,1.2,2016-06-02 13:45:00,
1.125102548,7287668,Jozef Kovalik,Arnaboldi v Kovalik,0,2016-06-01 21:07:46.164,1.5,2016-06-02 13:00:00,
1.125102548,7287668,Jozef Kovalik,Arnaboldi v Kovalik,10,2016-06-02 03:26:38.916,1.53,2016-06-02 13:00:00,
1.125102548,7287668,Jozef Kovalik,Arnaboldi v Kovalik,20,2016-06-02 05:25:11.023,1.54,2016-06-02 13:00:00,
1.125102548,7287668,Jozef Kovalik,Arnaboldi v Kovalik,30,2016-06-02 07:39:10.476,1.53,2016-06-02 13:00:00,
1.125102548,7287668,Jozef Kovalik,Arnaboldi v Kovalik,40,2016-06-02 08:24:30.449,1.59,2016-06-02 13:00:00,
1.125102548,7287668,Jozef Kovalik,Arnaboldi v Kovalik,50,2016-06-02 08:54:58.870,1.56,2016-06-02 13:00:00,
1.125102548,7287668,Jozef Kovalik,Arnaboldi v Kovalik,60,2016-06-02 11:17:44.805,1.57,2016-06-02 12:51:00,
1.125102548,7287668,Jozef Kovalik,Arnaboldi v Kovalik,70,2016-06-02 11:41:36.232,1.56,2016-06-02 12:51:00,
1.125102548,7287668,Jozef Kovalik,Arnaboldi v Kovalik,80,2016-06-02 12:05:50.594,1.6,2016-06-02 12:51:00,
1.125102548,7287668,Jozef Kovalik,Arnaboldi v Kovalik,90,2016-06-02 12:10:45.394,1.56,2016-06-02 12:51:00,
1.125102548,7287668,Jozef Kovalik,Arnaboldi v Kovalik,100,2016-06-02 12:29:50.214,1.61,2016-06-02 12:51:00,
1.125102687,2301068,Rogerio Dutra Silva,Pavlasek v Dutra Silva,0,2016-05-31 20:13:31.217,1.61,2016-06-01 11:00:00,
1.125102687,2301068,Rogerio Dutra Silva,Pavlasek v Dutra Silva,10,2016-05-31 22:10:04.493,1.71,2016-06-01 11:00:00,
1.125102687,2301068,Rogerio Dutra Silva,Pavlasek v Dutra Silva,20,2016-06-01 06:45:09.941,1.59,2016-06-01 11:00:00,
1.125102687,2301068,Rogerio Dutra Silva,Pavlasek v Dutra Silva,30,2016-06-01 07:01:20.140,1.72,2016-06-01 11:00:00,
1.125102687,2301068,Rogerio Dutra Silva,Pavlasek v Dutra Silva,40,2016-06-01 07:13:19.715,1.64,2016-06-01 11:00:00,
1.125102687,2301068,Rogerio Dutra Silva,Pavlasek v Dutra Silva,50,2016-06-01 08:35:07.424,1.75,2016-06-01 11:00:00,
1.125102687,2301068,Rogerio Dutra Silva,Pavlasek v Dutra Silva,60,2016-06-01 08:38:17.164,1.77,2016-06-01 11:00:00,
1.125102687,2301068,Rogerio Dutra Silva,Pavlasek v Dutra Silva,70,2016-06-01 09:34:18.658,1.74,2016-06-01 10:50:00,
1.125102687,2301068,Rogerio Dutra Silva,Pavlasek v Dutra Silva,80,2016-06-01 09:43:19.388,1.73,2016-06-01 10:50:00,
1.125102687,2301068,Rogerio Dutra Silva,Pavlasek v Dutra Silva,90,2016-06-01 10:00:13.730,1.72,2016-06-01 10:50:00,
1.125102687,2301068,Rogerio Dutra Silva,Pavlasek v Dutra Silva,100,2016-06-01 10:07:12.436,1.75,2016-06-01 10:50:00,
1.125102687,8494652,Adam Pavlasek,Pavlasek v Dutra Silva,0,2016-05-31 20:27:14.355,2.26,2016-06-01 11:00:00,
1.125102687,8494652,Adam Pavlasek,Pavlasek v Dutra Silva,10,2016-06-01 06:13:57.179,2.5,2016-06-01 11:00:00,
1.125102687,8494652,Adam Pavlasek,Pavlasek v Dutra Silva,20,2016-06-01 07:01:20.140,2.38,2016-06-01 11:00:00,
1.125102687,8494652,Adam Pavlasek,Pavlasek v Dutra Silva,30,2016-06-01 07:06:30.580,2.3,2016-06-01 11:00:00,
1.125102687,8494652,Adam Pavlasek,Pavlasek v Dutra Silva,40,2016-06-01 07:22:10.312,2.64,2016-06-01 11:00:00,
1.125102687,8494652,Adam Pavlasek,Pavlasek v Dutra Silva,50,2016-06-01 08:35:07.424,2.32,2016-06-01 11:00:00,
1.125102687,8494652,Adam Pavlasek,Pavlasek v Dutra Silva,60,2016-06-01 08:38:17.164,2.3,2016-06-01 11:00:00,
1.125102687,8494652,Adam Pavlasek,Pavlasek v Dutra Silva,70,2016-06-01 09:33:10.696,2.36,2016-06-01 10:50:00,
1.125102687,8494652,Adam Pavlasek,Pavlasek v Dutra Silva,80,2016-06-01 09:43:58.112,2.3,2016-06-01 10:50:00,
1.125102687,8494652,Adam Pavlasek,Pavlasek v Dutra Silva,90,2016-06-01 10:04:20.009,2.4,2016-06-01 10:50:00,
1.125102687,8494652,Adam Pavlasek,Pavlasek v Dutra Silva,100,2016-06-01 10:07:12.436,2.32,2016-06-01 10:50:00,
1.125102722,4876705,Gerald Melzer,Jaziri v G Melzer,0,2016-06-01 17:57:46.796,2.32,2016-06-02 11:00:00,
1.125102722,4876705,Gerald Melzer,Jaziri v G Melzer,10,2016-06-01 22:51:30.505,2.2,2016-06-02 11:00:00,
1.125102722,4876705,Gerald Melzer,Jaziri v G Melzer,20,2016-06-02 03:31:57.091,2.06,2016-06-02 11:00:00,
1.125102722,4876705,Gerald Melzer,Jaziri v G Melzer,30,2016-06-02 07:17:26.755,1.81,2016-06-02 11:00:00,
1.125102722,4876705,Gerald Melzer,Jaziri v G Melzer,40,2016-06-02 08:23:20.503,1.72,2016-06-02 11:00:00,
1.125102722,4876705,Gerald Melzer,Jaziri v G Melzer,50,2016-06-02 09:35:34.766,1.73,2016-06-02 11:00:00,
1.125102722,4876705,Gerald Melzer,Jaziri v G Melzer,60,2016-06-02 09:57:56.616,1.79,2016-06-02 11:00:00,
1.125102722,4876705,Gerald Melzer,Jaziri v G Melzer,70,2016-06-02 10:17:53.913,1.82,2016-06-02 11:00:00,
1.125102722,4876705,Gerald Melzer,Jaziri v G Melzer,80,2016-06-02 10:30:54.963,1.85,2016-06-02 11:00:00,
1.125102722,4876705,Gerald Melzer,Jaziri v G Melzer,90,2016-06-02 10:50:21.668,1.85,2016-06-02 11:00:00,
1.125102722,4876705,Gerald Melzer,Jaziri v G Melzer,100,2016-06-02 10:58:56.346,1.9,2016-06-02 11:00:00,
1.125102722,5776215,Malek Jaziri,Jaziri v G Melzer,0,2016-05-31 20:13:31.214,1.74,2016-06-01 12:00:00,
1.125102722,5776215,Malek Jaziri,Jaziri v G Melzer,10,2016-06-01 17:58:16.947,1.72,2016-06-02 11:00:00,
1.125102722,5776215,Malek Jaziri,Jaziri v G Melzer,20,2016-06-01 23:18:57.200,1.86,2016-06-02 11:00:00,
1.125102722,5776215,Malek Jaziri,Jaziri v G Melzer,30,2016-06-02 03:31:57.091,1.94,2016-06-02 11:00:00,
1.125102722,5776215,Malek Jaziri,Jaziri v G Melzer,40,2016-06-02 03:33:53.438,2.52,2016-06-02 11:00:00,
1.125102722,5776215,Malek Jaziri,Jaziri v G Melzer,50,2016-06-02 07:17:26.755,2.22,2016-06-02 11:00:00,
1.125102722,5776215,Malek Jaziri,Jaziri v G Melzer,60,2016-06-02 08:33:55.565,2.4,2016-06-02 11:00:00,
1.125102722,5776215,Malek Jaziri,Jaziri v G Melzer,70,2016-06-02 09:52:40.126,2.34,2016-06-02 11:00:00,
1.125102722,5776215,Malek Jaziri,Jaziri v G Melzer,80,2016-06-02 09:57:56.616,2.26,2016-06-02 11:00:00,
1.125102722,5776215,Malek Jaziri,Jaziri v G Melzer,90,2016-06-02 10:18:57.367,2.1,2016-06-02 11:00:00,
1.125102722,5776215,Malek Jaziri,Jaziri v G Melzer,100,2016-06-02 10:58:56.346,2.12,2016-06-02 11:00:00,
1.125105015,2263710,Timea Bacsinszky,Bertens v Bacsinszky,0,2016-06-01 12:01:00.731,1.71,2016-06-02 12:00:00,
1.125105015,2263710,Timea Bacsinszky,Bertens v Bacsinszky,10,2016-06-01 17:56:52.483,1.63,2016-06-02 13:00:00,
1.125105015,2263710,Timea Bacsinszky,Bertens v Bacsinszky,20,2016-06-01 21:45:53.915,1.62,2016-06-02 13:00:00,
1.125105015,2263710,Timea Bacsinszky,Bertens v Bacsinszky,30,2016-06-02 04:25:05.907,1.62,2016-06-02 13:00:00,
1.125105015,2263710,Timea Bacsinszky,Bertens v Bacsinszky,40,2016-06-02 07:02:13.316,1.61,2016-06-02 13:00:00,
1.125105015,2263710,Timea Bacsinszky,Bertens v Bacsinszky,50,2016-06-02 08:25:08.621,1.56,2016-06-02 13:00:00,
1.125105015,2263710,Timea Bacsinszky,Bertens v Bacsinszky,60,2016-06-02 09:41:01.576,1.57,2016-06-02 13:00:00,
1.125105015,2263710,Timea Bacsinszky,Bertens v Bacsinszky,70,2016-06-02 11:41:05.646,1.57,2016-06-02 13:00:00,
1.125105015,2263710,Timea Bacsinszky,Bertens v Bacsinszky,80,2016-06-02 12:27:55.463,1.57,2016-06-02 13:00:00,
1.125105015,2263710,Timea Bacsinszky,Bertens v Bacsinszky,90,2016-06-02 13:30:13.073,1.59,2016-06-02 13:45:00,
1.125105015,2263710,Timea Bacsinszky,Bertens v Bacsinszky,100,2016-06-02 14:17:08.665,1.59,2016-06-02 14:30:00,
1.125105015,5611697,Kiki Bertens,Bertens v Bacsinszky,0,2016-06-01 12:01:00.731,2.4,2016-06-02 12:00:00,
1.125105015,5611697,Kiki Bertens,Bertens v Bacsinszky,10,2016-06-01 19:06:43.986,2.58,2016-06-02 13:00:00,
1.125105015,5611697,Kiki Bertens,Bertens v Bacsinszky,20,2016-06-01 23:40:49.075,2.54,2016-06-02 13:00:00,
1.125105015,5611697,Kiki Bertens,Bertens v Bacsinszky,30,2016-06-02 06:53:00.552,2.64,2016-06-02 13:00:00,
1.125105015,5611697,Kiki Bertens,Bertens v Bacsinszky,40,2016-06-02 07:58:07.547,2.78,2016-06-02 13:00:00,
1.125105015,5611697,Kiki Bertens,Bertens v Bacsinszky,50,2016-06-02 09:05:08.030,2.78,2016-06-02 13:00:00,
1.125105015,5611697,Kiki Bertens,Bertens v Bacsinszky,60,2016-06-02 11:07:04.968,2.72,2016-06-02 13:00:00,
1.125105015,5611697,Kiki Bertens,Bertens v Bacsinszky,70,2016-06-02 11:46:03.547,2.74,2016-06-02 13:00:00,
1.125105015,5611697,Kiki Bertens,Bertens v Bacsinszky,80,2016-06-02 13:02:13.306,2.66,2016-06-02 13:15:00,
1.125105015,5611697,Kiki Bertens,Bertens v Bacsinszky,90,2016-06-02 13:46:11.031,2.68,2016-06-02 14:00:00,
1.125105015,5611697,Kiki Bertens,Bertens v Bacsinszky,100,2016-06-02 14:16:11.788,2.7,2016-06-02 14:30:00,
1.125105026,5611697,Kiki Bertens,Bertens v Bacsinszky,0,2016-06-01 13:11:32.796,2.26,2016-06-02 12:00:00,
1.125105026,5611697,Kiki Bertens,Bertens v Bacsinszky,10,2016-06-02 04:18:49.600,2.52,2016-06-02 13:00:00,
1.125105026,5611697,Kiki Bertens,Bertens v Bacsinszky,20,2016-06-02 07:08:13.396,2.64,2016-06-02 13:00:00,
1.125105026,5611697,Kiki Bertens,Bertens v Bacsinszky,30,2016-06-02 08:45:03.518,2.76,2016-06-02 13:00:00,
1.125105026,5611697,Kiki Bertens,Bertens v Bacsinszky,40,2016-06-02 11:05:23.226,2.66,2016-06-02 13:00:00,
1.125105026,5611697,Kiki Bertens,Bertens v Bacsinszky,50,2016-06-02 13:15:12.837,2.6,2016-06-02 13:30:00,
1.125105026,5611697,Kiki Bertens,Bertens v Bacsinszky,60,2016-06-02 13:33:59.027,2.68,2016-06-02 13:45:00,
1.125105026,5611697,Kiki Bertens,Bertens v Bacsinszky,70,2016-06-02 13:57:13.498,2.66,2016-06-02 14:00:00,
1.125105026,5611697,Kiki Bertens,Bertens v Bacsinszky,80,2016-06-02 14:03:12.969,2.74,2016-06-02 14:15:00,
1.125105026,5611697,Kiki Bertens,Bertens v Bacsinszky,90,2016-06-02 14:05:09.325,2.8,2016-06-02 14:15:00,
1.125105026,5611697,Kiki Bertens,Bertens v Bacsinszky,100,2016-06-02 14:07:08.361,2.7,2016-06-02 14:15:00,
1.125105069,7683152,Nao Hibino,Hibino v Jorovic,0,2016-06-01 23:30:05.636,2.5,2016-06-02 09:00:00,
1.125105069,7683152,Nao Hibino,Hibino v Jorovic,10,2016-06-02 06:15:34.897,2.76,2016-06-02 09:00:00,
1.125105069,7683152,Nao Hibino,Hibino v Jorovic,20,2016-06-02 07:56:08.646,2.76,2016-06-02 09:00:00,
1.125105069,7683152,Nao Hibino,Hibino v Jorovic,30,2016-06-02 08:23:04.979,2.8,2016-06-02 09:00:00,
1.125105069,7683152,Nao Hibino,Hibino v Jorovic,40,2016-06-02 08:28:58.186,2.8,2016-06-02 09:00:00,
1.125105069,7683152,Nao Hibino,Hibino v Jorovic,50,2016-06-02 08:34:05.802,2.7,2016-06-02 09:00:00,
1.125105069,7683152,Nao Hibino,Hibino v Jorovic,60,2016-06-02 08:41:03.148,2.74,2016-06-02 09:00:00,
1.125105069,7683152,Nao Hibino,Hibino v Jorovic,70,2016-06-02 08:43:09.785,2.74,2016-06-02 09:00:00,
1.125105069,7683152,Nao Hibino,Hibino v Jorovic,80,2016-06-02 08:49:49.758,2.64,2016-06-02 09:00:00,
1.125105069,7683152,Nao Hibino,Hibino v Jorovic,90,2016-06-02 08:54:03.447,2.68,2016-06-02 09:00:00,
1.125105069,7683152,Nao Hibino,Hibino v Jorovic,100,2016-06-02 08:59:07.426,2.56,2016-06-02 09:00:00,
1.125105069,8907530,Ivana Jorovic,Hibino v Jorovic,0,2016-06-01 22:31:39.273,1.6,2016-06-02 09:00:00,
1.125105069,8907530,Ivana Jorovic,Hibino v Jorovic,10,2016-06-01 23:30:05.636,1.67,2016-06-02 09:00:00,
1.125105069,8907530,Ivana Jorovic,Hibino v Jorovic,20,2016-06-01 23:58:20.550,1.59,2016-06-02 09:00:00,
1.125105069,8907530,Ivana Jorovic,Hibino v Jorovic,30,2016-06-02 06:10:22.287,1.57,2016-06-02 09:00:00,
1.125105069,8907530,Ivana Jorovic,Hibino v Jorovic,40,2016-06-02 07:50:05.523,1.61,2016-06-02 09:00:00,
1.125105069,8907530,Ivana Jorovic,Hibino v Jorovic,50,2016-06-02 07:59:08.644,1.65,2016-06-02 09:00:00,
1.125105069,8907530,Ivana Jorovic,Hibino v Jorovic,60,2016-06-02 08:24:43.997,1.57,2016-06-02 09:00:00,
1.125105069,8907530,Ivana Jorovic,Hibino v Jorovic,70,2016-06-02 08:31:09.552,1.55,2016-06-02 09:00:00,
1.125105069,8907530,Ivana Jorovic,Hibino v Jorovic,80,2016-06-02 08:49:49.758,1.61,2016-06-02 09:00:00,
1.125105069,8907530,Ivana Jorovic,Hibino v Jorovic,90,2016-06-02 08:54:03.447,1.6,2016-06-02 09:00:00,
1.125105069,8907530,Ivana Jorovic,Hibino v Jorovic,100,2016-06-02 08:59:07.426,1.6,2016-06-02 09:00:00,
1.125106906,2010693,Lopez/Lopez,Lopez/Lopez v Benneteau/Roger-vasseli,0,2016-06-01 17:04:15.334,1.67,2016-06-02 09:00:00,
1.125106906,2010693,Lopez/Lopez,Lopez/Lopez v Benneteau/Roger-vasseli,10,2016-06-01 21:28:53.456,1.98,2016-06-02 09:00:00,
1.125106906,2010693,Lopez/Lopez,Lopez/Lopez v Benneteau/Roger-vasseli,20,2016-06-01 22:20:05.000,1.86,2016-06-02 09:00:00,
1.125106906,2010693,Lopez/Lopez,Lopez/Lopez v Benneteau/Roger-vasseli,30,2016-06-02 05:24:04.648,2.08,2016-06-02 09:00:00,
1.125106906,2010693,Lopez/Lopez,Lopez/Lopez v Benneteau/Roger-vasseli,40,2016-06-02 06:26:02.436,2.08,2016-06-02 09:00:00,
1.125106906,2010693,Lopez/Lopez,Lopez/Lopez v Benneteau/Roger-vasseli,50,2016-06-02 07:36:11.797,2.08,2016-06-02 09:00:00,
1.125106906,2010693,Lopez/Lopez,Lopez/Lopez v Benneteau/Roger-vasseli,60,2016-06-02 07:51:10.048,1.96,2016-06-02 09:00:00,
1.125106906,2010693,Lopez/Lopez,Lopez/Lopez v Benneteau/Roger-vasseli,70,2016-06-02 07:56:17.375,2.1,2016-06-02 09:00:00,
1.125106906,2010693,Lopez/Lopez,Lopez/Lopez v Benneteau/Roger-vasseli,80,2016-06-02 08:20:18.228,1.92,2016-06-02 09:00:00,
1.125106906,2010693,Lopez/Lopez,Lopez/Lopez v Benneteau/Roger-vasseli,90,2016-06-02 08:49:08.757,1.89,2016-06-02 09:00:00,
1.125106906,2010693,Lopez/Lopez,Lopez/Lopez v Benneteau/Roger-vasseli,100,2016-06-02 08:57:21.098,2.0,2016-06-02 09:00:00,
1.125106906,11208993,Benneteau/Roger-Vasseli,Lopez/Lopez v Benneteau/Roger-vasseli,0,2016-06-01 20:28:57.208,2.14,2016-06-02 09:00:00,
1.125106906,11208993,Benneteau/Roger-Vasseli,Lopez/Lopez v Benneteau/Roger-vasseli,10,2016-06-02 05:24:04.648,1.85,2016-06-02 09:00:00,
1.125106906,11208993,Benneteau/Roger-Vasseli,Lopez/Lopez v Benneteau/Roger-vasseli,20,2016-06-02 06:36:05.827,1.93,2016-06-02 09:00:00,
1.125106906,11208993,Benneteau/Roger-Vasseli,Lopez/Lopez v Benneteau/Roger-vasseli,30,2016-06-02 07:36:11.797,1.92,2016-06-02 09:00:00,
1.125106906,11208993,Benneteau/Roger-Vasseli,Lopez/Lopez v Benneteau/Roger-vasseli,40,2016-06-02 07:51:10.048,2.0,2016-06-02 09:00:00,
1.125106906,11208993,Benneteau/Roger-Vasseli,Lopez/Lopez v Benneteau/Roger-vasseli,50,2016-06-02 07:56:17.375,1.9,2016-06-02 09:00:00,
1.125106906,11208993,Benneteau/Roger-Vasseli,Lopez/Lopez v Benneteau/Roger-vasseli,60,2016-06-02 08:06:19.042,1.84,2016-06-02 09:00:00,
1.125106906,11208993,Benneteau/Roger-Vasseli,Lopez/Lopez v Benneteau/Roger-vasseli,70,2016-06-02 08:20:18.228,2.08,2016-06-02 09:00:00,
1.125106906,11208993,Benneteau/Roger-Vasseli,Lopez/Lopez v Benneteau/Roger-vasseli,80,2016-06-02 08:39:05.946,1.92,2016-06-02 09:00:00,
1.125106906,11208993,Benneteau/Roger-Vasseli,Lopez/Lopez v Benneteau/Roger-vasseli,90,2016-06-02 08:55:09.992,2.02,2016-06-02 09:00:00,
1.125106906,11208993,Benneteau/Roger-Vasseli,Lopez/Lopez v Benneteau/Roger-vasseli,100,2016-06-02 08:59:18.467,1.92,2016-06-02 09:00:00,
1.125106975,2538236,Serena Williams,Ser Williams v Putintseva,0,2016-06-01 12:19:37.147,1.12,2016-06-02 12:00:00,
1.125106975,2538236,Serena Williams,Ser Williams v Putintseva,10,2016-06-01 18:04:10.139,1.1,2016-06-02 13:00:00,
1.125106975,2538236,Serena Williams,Ser Williams v Putintseva,20,2016-06-01 23:41:32.521,1.1,2016-06-02 13:00:00,
1.125106975,2538236,Serena Williams,Ser Williams v Putintseva,30,2016-06-02 05:48:56.164,1.1,2016-06-02 13:00:00,
1.125106975,2538236,Serena Williams,Ser Williams v Putintseva,40,2016-06-02 06:47:46.788,1.1,2016-06-02 13:00:00,
1.125106975,2538236,Serena Williams,Ser Williams v Putintseva,50,2016-06-02 08:38:31.077,1.1,2016-06-02 13:00:00,
1.125106975,2538236,Serena Williams,Ser Williams v Putintseva,60,2016-06-02 09:41:44.087,1.1,2016-06-02 13:00:00,
1.125106975,2538236,Serena Williams,Ser Williams v Putintseva,70,2016-06-02 10:47:40.195,1.1,2016-06-02 13:00:00,
1.125106975,2538236,Serena Williams,Ser Williams v Putintseva,80,2016-06-02 11:40:38.269,1.1,2016-06-02 13:00:00,
1.125106975,2538236,Serena Williams,Ser Williams v Putintseva,90,2016-06-02 12:40:18.399,1.1,2016-06-02 13:00:00,
1.125106975,2538236,Serena Williams,Ser Williams v Putintseva,100,2016-06-02 13:39:45.668,1.09,2016-06-02 13:45:00,
1.125106975,4259580,Yulia Putintseva,Ser Williams v Putintseva,0,2016-06-01 12:25:31.621,9.2,2016-06-02 12:00:00,
1.125106975,4259580,Yulia Putintseva,Ser Williams v Putintseva,10,2016-06-01 20:48:31.929,10.0,2016-06-02 13:00:00,
1.125106975,4259580,Yulia Putintseva,Ser Williams v Putintseva,20,2016-06-01 22:51:45.442,10.5,2016-06-02 13:00:00,
1.125106975,4259580,Yulia Putintseva,Ser Williams v Putintseva,30,2016-06-02 05:23:46.040,11.0,2016-06-02 13:00:00,
1.125106975,4259580,Yulia Putintseva,Ser Williams v Putintseva,40,2016-06-02 08:09:44.084,12.5,2016-06-02 13:00:00,
1.125106975,4259580,Yulia Putintseva,Ser Williams v Putintseva,50,2016-06-02 09:55:45.246,12.0,2016-06-02 13:00:00,
1.125106975,4259580,Yulia Putintseva,Ser Williams v Putintseva,60,2016-06-02 10:57:10.101,11.5,2016-06-02 13:00:00,
1.125106975,4259580,Yulia Putintseva,Ser Williams v Putintseva,70,2016-06-02 11:54:25.834,11.5,2016-06-02 13:00:00,
1.125106975,4259580,Yulia Putintseva,Ser Williams v Putintseva,80,2016-06-02 12:43:38.732,11.0,2016-06-02 13:00:00,
1.125106975,4259580,Yulia Putintseva,Ser Williams v Putintseva,90,2016-06-02 13:19:45.145,12.0,2016-06-02 13:30:00,
1.125106975,4259580,Yulia Putintseva,Ser Williams v Putintseva,100,2016-06-02 13:39:45.668,12.5,2016-06-02 13:45:00,
1.125107029,6369481,Makarova/Vesnina,Krejcikova/Siniakova v Makarova/Vesnina,0,2016-06-01 22:02:17.692,1.44,2016-06-02 12:00:00,
1.125107029,6369481,Makarova/Vesnina,Krejcikova/Siniakova v Makarova/Vesnina,10,2016-06-02 17:29:44.409,1.34,2016-06-03 12:00:00,
1.125107029,6369481,Makarova/Vesnina,Krejcikova/Siniakova v Makarova/Vesnina,20,2016-06-02 23:08:37.426,1.4,2016-06-03 09:00:00,
1.125107029,6369481,Makarova/Vesnina,Krejcikova/Siniakova v Makarova/Vesnina,30,2016-06-03 04:09:14.703,1.34,2016-06-03 09:00:00,
1.125107029,6369481,Makarova/Vesnina,Krejcikova/Siniakova v Makarova/Vesnina,40,2016-06-03 05:31:15.152,1.35,2016-06-03 09:00:00,
1.125107029,6369481,Makarova/Vesnina,Krejcikova/Siniakova v Makarova/Vesnina,50,2016-06-03 07:29:02.540,1.33,2016-06-03 09:00:00,
1.125107029,6369481,Makarova/Vesnina,Krejcikova/Siniakova v Makarova/Vesnina,60,2016-06-03 07:57:51.917,1.32,2016-06-03 09:00:00,
1.125107029,6369481,Makarova/Vesnina,Krejcikova/Siniakova v Makarova/Vesnina,70,2016-06-03 08:20:20.141,1.32,2016-06-03 09:00:00,
1.125107029,6369481,Makarova/Vesnina,Krejcikova/Siniakova v Makarova/Vesnina,80,2016-06-03 08:28:21.427,1.29,2016-06-03 09:00:00,
1.125107029,6369481,Makarova/Vesnina,Krejcikova/Siniakova v Makarova/Vesnina,90,2016-06-03 08:34:19.323,1.33,2016-06-03 09:00:00,
1.125107029,6369481,Makarova/Vesnina,Krejcikova/Siniakova v Makarova/Vesnina,100,2016-06-03 08:54:21.500,1.33,2016-06-03 09:00:00,
1.125107029,8686702,Krejcikova/Siniakova,Krejcikova/Siniakova v Makarova/Vesnina,0,2016-06-02 23:08:37.426,3.55,2016-06-03 09:00:00,
1.125107029,8686702,Krejcikova/Siniakova,Krejcikova/Siniakova v Makarova/Vesnina,10,2016-06-02 23:31:27.555,3.55,2016-06-03 09:00:00,
1.125107029,8686702,Krejcikova/Siniakova,Krejcikova/Siniakova v Makarova/Vesnina,20,2016-06-02 23:34:37.859,3.2,2016-06-03 09:00:00,
1.125107029,8686702,Krejcikova/Siniakova,Krejcikova/Siniakova v Makarova/Vesnina,30,2016-06-03 01:20:21.737,3.55,2016-06-03 09:00:00,
1.125107029,8686702,Krejcikova/Siniakova,Krejcikova/Siniakova v Makarova/Vesnina,40,2016-06-03 04:09:14.703,3.95,2016-06-03 09:00:00,
1.125107029,8686702,Krejcikova/Siniakova,Krejcikova/Siniakova v Makarova/Vesnina,50,2016-06-03 05:31:15.152,3.9,2016-06-03 09:00:00,
1.125107029,8686702,Krejcikova/Siniakova,Krejcikova/Siniakova v Makarova/Vesnina,60,2016-06-03 07:49:23.259,4.1,2016-06-03 09:00:00,
1.125107029,8686702,Krejcikova/Siniakova,Krejcikova/Siniakova v Makarova/Vesnina,70,2016-06-03 08:03:22.620,4.0,2016-06-03 09:00:00,
1.125107029,8686702,Krejcikova/Siniakova,Krejcikova/Siniakova v Makarova/Vesnina,80,2016-06-03 08:28:21.427,4.5,2016-06-03 09:00:00,
1.125107029,8686702,Krejcikova/Siniakova,Krejcikova/Siniakova v Makarova/Vesnina,90,2016-06-03 08:32:19.869,4.0,2016-06-03 09:00:00,
1.125107029,8686702,Krejcikova/Siniakova,Krejcikova/Siniakova v Makarova/Vesnina,100,2016-06-03 08:51:23.780,3.9,2016-06-03 09:00:00,
1.125107034,4829260,Denis Kudla,Kudla v S Kozlov,0,2016-06-01 19:23:28.589,1.35,2016-06-02 10:00:00,
1.125107034,4829260,Denis Kudla,Kudla v S Kozlov,10,2016-06-02 02:40:22.418,1.23,2016-06-02 10:00:00,
1.125107034,4829260,Denis Kudla,Kudla v S Kozlov,20,2016-06-02 03:11:30.747,1.3,2016-06-02 10:00:00,
1.125107034,4829260,Denis Kudla,Kudla v S Kozlov,30,2016-06-02 06:16:56.121,1.27,2016-06-02 10:00:00,
1.125107034,4829260,Denis Kudla,Kudla v S Kozlov,40,2016-06-02 08:01:25.749,1.29,2016-06-02 10:00:00,
1.125107034,4829260,Denis Kudla,Kudla v S Kozlov,50,2016-06-02 08:10:11.342,1.27,2016-06-02 10:00:00,
1.125107034,4829260,Denis Kudla,Kudla v S Kozlov,60,2016-06-02 08:13:17.964,1.27,2016-06-02 10:00:00,
1.125107034,4829260,Denis Kudla,Kudla v S Kozlov,70,2016-06-02 08:23:15.031,1.27,2016-06-02 10:00:00,
1.125107034,4829260,Denis Kudla,Kudla v S Kozlov,80,2016-06-02 09:39:54.246,1.27,2016-06-02 10:00:00,
1.125107034,4829260,Denis Kudla,Kudla v S Kozlov,90,2016-06-02 09:47:28.202,1.27,2016-06-02 10:00:00,
1.125107034,4829260,Denis Kudla,Kudla v S Kozlov,100,2016-06-02 09:57:29.410,1.27,2016-06-02 10:00:00,
1.125107034,7415002,Stefan Kozlov,Kudla v S Kozlov,0,2016-06-01 19:23:28.589,3.9,2016-06-02 10:00:00,
1.125107034,7415002,Stefan Kozlov,Kudla v S Kozlov,10,2016-06-01 21:07:55.446,5.0,2016-06-02 10:00:00,
1.125107034,7415002,Stefan Kozlov,Kudla v S Kozlov,20,2016-06-02 03:11:30.747,4.2,2016-06-02 10:00:00,
1.125107034,7415002,Stefan Kozlov,Kudla v S Kozlov,30,2016-06-02 06:14:59.400,4.7,2016-06-02 10:00:00,
1.125107034,7415002,Stefan Kozlov,Kudla v S Kozlov,40,2016-06-02 07:30:26.219,4.9,2016-06-02 10:00:00,
1.125107034,7415002,Stefan Kozlov,Kudla v S Kozlov,50,2016-06-02 08:00:22.922,4.5,2016-06-02 10:00:00,
1.125107034,7415002,Stefan Kozlov,Kudla v S Kozlov,60,2016-06-02 08:04:24.562,4.4,2016-06-02 10:00:00,
1.125107034,7415002,Stefan Kozlov,Kudla v S Kozlov,70,2016-06-02 08:05:23.128,4.5,2016-06-02 10:00:00,
1.125107034,7415002,Stefan Kozlov,Kudla v S Kozlov,80,2016-06-02 08:13:17.964,4.8,2016-06-02 10:00:00,
1.125107034,7415002,Stefan Kozlov,Kudla v S Kozlov,90,2016-06-02 08:53:21.461,4.5,2016-06-02 10:00:00,
1.125107034,7415002,Stefan Kozlov,Kudla v S Kozlov,100,2016-06-02 09:25:30.859,4.3,2016-06-02 10:00:00,
1.125107039,2923248,Ricardas Berankis,Berankis v Fucsovics,0,2016-06-01 16:26:17.190,1.49,2016-06-02 09:00:00,
1.125107039,2923248,Ricardas Berankis,Berankis v Fucsovics,10,2016-06-01 19:28:37.786,1.73,2016-06-02 09:00:00,
1.125107039,2923248,Ricardas Berankis,Berankis v Fucsovics,20,2016-06-01 21:14:32.727,1.7,2016-06-02 09:00:00,
1.125107039,2923248,Ricardas Berankis,Berankis v Fucsovics,30,2016-06-02 02:38:04.427,1.7,2016-06-02 09:00:00,
1.125107039,2923248,Ricardas Berankis,Berankis v Fucsovics,40,2016-06-02 05:05:23.233,1.73,2016-06-02 09:00:00,
1.125107039,2923248,Ricardas Berankis,Berankis v Fucsovics,50,2016-06-02 07:22:37.227,1.62,2016-06-02 09:00:00,
1.125107039,2923248,Ricardas Berankis,Berankis v Fucsovics,60,2016-06-02 07:56:00.262,1.64,2016-06-02 09:00:00,
1.125107039,2923248,Ricardas Berankis,Berankis v Fucsovics,70,2016-06-02 08:25:24.785,1.62,2016-06-02 09:00:00,
1.125107039,2923248,Ricardas Berankis,Berankis v Fucsovics,80,2016-06-02 08:41:43.105,1.58,2016-06-02 09:00:00,
1.125107039,2923248,Ricardas Berankis,Berankis v Fucsovics,90,2016-06-02 08:44:22.399,1.56,2016-06-02 09:00:00,
1.125107039,2923248,Ricardas Berankis,Berankis v Fucsovics,100,2016-06-02 08:52:35.885,1.55,2016-06-02 09:00:00,
1.125107039,4827766,Marton Fucsovics,Berankis v Fucsovics,0,2016-06-01 19:28:37.786,2.38,2016-06-02 09:00:00,
1.125107039,4827766,Marton Fucsovics,Berankis v Fucsovics,10,2016-06-01 20:25:56.482,2.46,2016-06-02 09:00:00,
1.125107039,4827766,Marton Fucsovics,Berankis v Fucsovics,20,2016-06-01 21:14:32.727,2.44,2016-06-02 09:00:00,
1.125107039,4827766,Marton Fucsovics,Berankis v Fucsovics,30,2016-06-01 21:18:10.319,2.36,2016-06-02 09:00:00,
1.125107039,4827766,Marton Fucsovics,Berankis v Fucsovics,40,2016-06-02 05:23:25.168,2.46,2016-06-02 09:00:00,
1.125107039,4827766,Marton Fucsovics,Berankis v Fucsovics,50,2016-06-02 06:58:56.118,2.5,2016-06-02 09:00:00,
1.125107039,4827766,Marton Fucsovics,Berankis v Fucsovics,60,2016-06-02 07:32:59.865,2.68,2016-06-02 09:00:00,
1.125107039,4827766,Marton Fucsovics,Berankis v Fucsovics,70,2016-06-02 07:50:38.810,2.68,2016-06-02 09:00:00,
1.125107039,4827766,Marton Fucsovics,Berankis v Fucsovics,80,2016-06-02 08:21:43.085,2.58,2016-06-02 09:00:00,
1.125107039,4827766,Marton Fucsovics,Berankis v Fucsovics,90,2016-06-02 08:36:41.351,2.64,2016-06-02 09:00:00,
1.125107039,4827766,Marton Fucsovics,Berankis v Fucsovics,100,2016-06-02 08:42:41.987,2.66,2016-06-02 09:00:00,
1.125107044,2250859,Marina Erakovic,Erakovic v Vickery,0,2016-06-01 22:31:04.625,1.63,2016-06-02 11:00:00,
1.125107044,2250859,Marina Erakovic,Erakovic v Vickery,10,2016-06-02 02:29:13.233,1.69,2016-06-02 11:00:00,
1.125107044,2250859,Marina Erakovic,Erakovic v Vickery,20,2016-06-02 06:22:20.481,1.69,2016-06-02 11:00:00,
1.125107044,2250859,Marina Erakovic,Erakovic v Vickery,30,2016-06-02 09:02:19.741,1.72,2016-06-02 09:15:00,
1.125107044,2250859,Marina Erakovic,Erakovic v Vickery,40,2016-06-02 09:05:18.113,1.7,2016-06-02 09:15:00,
1.125107044,2250859,Marina Erakovic,Erakovic v Vickery,50,2016-06-02 09:09:12.315,1.84,2016-06-02 09:15:00,
1.125107044,2250859,Marina Erakovic,Erakovic v Vickery,60,2016-06-02 09:10:19.450,1.76,2016-06-02 09:15:00,
1.125107044,2250859,Marina Erakovic,Erakovic v Vickery,70,2016-06-02 09:12:20.043,1.9,2016-06-02 09:15:00,
1.125107044,2250859,Marina Erakovic,Erakovic v Vickery,80,2016-06-02 09:47:08.617,1.89,2016-06-02 10:30:00,
1.125107044,2250859,Marina Erakovic,Erakovic v Vickery,90,2016-06-02 09:59:12.781,1.77,2016-06-02 10:30:00,
1.125107044,2250859,Marina Erakovic,Erakovic v Vickery,100,2016-06-02 10:16:14.652,1.87,2016-06-02 10:30:00,
1.125107044,6596286,Sachia Vickery,Erakovic v Vickery,0,2016-06-02 08:31:46.842,2.46,2016-06-02 11:00:00,
1.125107044,6596286,Sachia Vickery,Erakovic v Vickery,10,2016-06-02 09:02:55.547,2.38,2016-06-02 09:15:00,
1.125107044,6596286,Sachia Vickery,Erakovic v Vickery,20,2016-06-02 09:08:18.602,2.34,2016-06-02 09:15:00,
1.125107044,6596286,Sachia Vickery,Erakovic v Vickery,30,2016-06-02 09:09:12.315,2.2,2016-06-02 09:15:00,
1.125107044,6596286,Sachia Vickery,Erakovic v Vickery,40,2016-06-02 09:10:19.450,2.18,2016-06-02 09:15:00,
1.125107044,6596286,Sachia Vickery,Erakovic v Vickery,50,2016-06-02 09:37:13.040,2.14,2016-06-02 10:30:00,
1.125107044,6596286,Sachia Vickery,Erakovic v Vickery,60,2016-06-02 09:48:09.409,2.12,2016-06-02 10:30:00,
1.125107044,6596286,Sachia Vickery,Erakovic v Vickery,70,2016-06-02 09:56:10.838,2.24,2016-06-02 10:30:00,
1.125107044,6596286,Sachia Vickery,Erakovic v Vickery,80,2016-06-02 09:59:12.781,2.3,2016-06-02 10:30:00,
1.125107044,6596286,Sachia Vickery,Erakovic v Vickery,90,2016-06-02 10:00:17.699,2.12,2016-06-02 10:30:00,
1.125107044,6596286,Sachia Vickery,Erakovic v Vickery,100,2016-06-02 10:16:25.645,2.14,2016-06-02 10:30:00,
1.125107098,2311979,Anna Tatishvili,K Kucova v Tatishvili,0,2016-06-01 22:33:26.730,2.92,2016-06-02 14:00:00,
1.125107098,2311979,Anna Tatishvili,K Kucova v Tatishvili,10,2016-06-02 02:51:54.999,2.86,2016-06-02 11:00:00,
1.125107098,2311979,Anna Tatishvili,K Kucova v Tatishvili,20,2016-06-02 06:52:44.144,2.9,2016-06-02 11:00:00,
1.125107098,2311979,Anna Tatishvili,K Kucova v Tatishvili,30,2016-06-02 07:33:53.182,2.94,2016-06-02 11:00:00,
1.125107098,2311979,Anna Tatishvili,K Kucova v Tatishvili,40,2016-06-02 07:45:36.918,3.1,2016-06-02 11:00:00,
1.125107098,2311979,Anna Tatishvili,K Kucova v Tatishvili,50,2016-06-02 07:46:34.243,3.15,2016-06-02 11:00:00,
1.125107098,2311979,Anna Tatishvili,K Kucova v Tatishvili,60,2016-06-02 07:50:40.743,2.96,2016-06-02 11:00:00,
1.125107098,2311979,Anna Tatishvili,K Kucova v Tatishvili,70,2016-06-02 08:31:37.870,3.05,2016-06-02 11:00:00,
1.125107098,2311979,Anna Tatishvili,K Kucova v Tatishvili,80,2016-06-02 08:52:51.710,3.1,2016-06-02 09:00:00,
1.125107098,2311979,Anna Tatishvili,K Kucova v Tatishvili,90,2016-06-02 08:53:08.332,3.15,2016-06-02 09:00:00,
1.125107098,2311979,Anna Tatishvili,K Kucova v Tatishvili,100,2016-06-02 10:14:31.956,3.0,2016-06-02 10:25:00,
1.125107098,3990441,Kristina Kucova,K Kucova v Tatishvili,0,2016-06-01 16:11:41.787,1.85,2016-06-02 12:00:00,
1.125107098,3990441,Kristina Kucova,K Kucova v Tatishvili,10,2016-06-01 18:25:42.236,1.59,2016-06-02 12:00:00,
1.125107098,3990441,Kristina Kucova,K Kucova v Tatishvili,20,2016-06-01 21:12:34.736,1.56,2016-06-02 14:00:00,
1.125107098,3990441,Kristina Kucova,K Kucova v Tatishvili,30,2016-06-01 22:32:35.511,1.52,2016-06-02 14:00:00,
1.125107098,3990441,Kristina Kucova,K Kucova v Tatishvili,40,2016-06-02 01:53:51.564,1.48,2016-06-02 11:00:00,
1.125107098,3990441,Kristina Kucova,K Kucova v Tatishvili,50,2016-06-02 03:11:52.020,1.45,2016-06-02 11:00:00,
1.125107098,3990441,Kristina Kucova,K Kucova v Tatishvili,60,2016-06-02 05:13:49.166,1.51,2016-06-02 11:00:00,
1.125107098,3990441,Kristina Kucova,K Kucova v Tatishvili,70,2016-06-02 07:45:36.918,1.47,2016-06-02 11:00:00,
1.125107098,3990441,Kristina Kucova,K Kucova v Tatishvili,80,2016-06-02 08:51:28.694,1.48,2016-06-02 09:00:00,
1.125107098,3990441,Kristina Kucova,K Kucova v Tatishvili,90,2016-06-02 08:53:08.332,1.46,2016-06-02 09:00:00,
1.125107098,3990441,Kristina Kucova,K Kucova v Tatishvili,100,2016-06-02 10:03:55.137,1.46,2016-06-02 11:00:00,
1.125108208,6297238,Inigo Cervantes,Cervantes v Pavlasek,0,2016-06-01 18:23:26.454,1.71,2016-06-02 11:00:00,
1.125108208,6297238,Inigo Cervantes,Cervantes v Pavlasek,10,2016-06-02 02:39:06.301,1.55,2016-06-02 11:00:00,
1.125108208,6297238,Inigo Cervantes,Cervantes v Pavlasek,20,2016-06-02 07:00:59.627,1.6,2016-06-02 11:00:00,
1.125108208,6297238,Inigo Cervantes,Cervantes v Pavlasek,30,2016-06-02 07:04:05.765,1.64,2016-06-02 11:00:00,
1.125108208,6297238,Inigo Cervantes,Cervantes v Pavlasek,40,2016-06-02 07:44:38.514,1.58,2016-06-02 11:00:00,
1.125108208,6297238,Inigo Cervantes,Cervantes v Pavlasek,50,2016-06-02 07:58:57.851,1.59,2016-06-02 11:00:00,
1.125108208,6297238,Inigo Cervantes,Cervantes v Pavlasek,60,2016-06-02 09:34:45.025,1.6,2016-06-02 10:52:00,
1.125108208,6297238,Inigo Cervantes,Cervantes v Pavlasek,70,2016-06-02 09:58:04.227,1.61,2016-06-02 10:52:00,
1.125108208,6297238,Inigo Cervantes,Cervantes v Pavlasek,80,2016-06-02 10:27:53.084,1.61,2016-06-02 10:52:00,
1.125108208,6297238,Inigo Cervantes,Cervantes v Pavlasek,90,2016-06-02 10:47:01.420,1.56,2016-06-02 10:52:00,
1.125108208,6297238,Inigo Cervantes,Cervantes v Pavlasek,100,2016-06-02 11:05:56.519,1.55,2016-06-02 11:07:00,
1.125108208,8494652,Adam Pavlasek,Cervantes v Pavlasek,0,2016-06-02 07:00:59.627,2.66,2016-06-02 11:00:00,
1.125108208,8494652,Adam Pavlasek,Cervantes v Pavlasek,10,2016-06-02 07:03:03.690,2.58,2016-06-02 11:00:00,
1.125108208,8494652,Adam Pavlasek,Cervantes v Pavlasek,20,2016-06-02 07:05:38.803,2.52,2016-06-02 11:00:00,
1.125108208,8494652,Adam Pavlasek,Cervantes v Pavlasek,30,2016-06-02 07:58:57.851,2.56,2016-06-02 11:00:00,
1.125108208,8494652,Adam Pavlasek,Cervantes v Pavlasek,40,2016-06-02 08:32:34.665,2.8,2016-06-02 11:00:00,
1.125108208,8494652,Adam Pavlasek,Cervantes v Pavlasek,50,2016-06-02 09:13:42.656,2.6,2016-06-02 10:52:00,
1.125108208,8494652,Adam Pavlasek,Cervantes v Pavlasek,60,2016-06-02 09:34:45.025,2.66,2016-06-02 10:52:00,
1.125108208,8494652,Adam Pavlasek,Cervantes v Pavlasek,70,2016-06-02 09:48:38.464,2.72,2016-06-02 10:52:00,
1.125108208,8494652,Adam Pavlasek,Cervantes v Pavlasek,80,2016-06-02 10:15:48.919,2.74,2016-06-02 10:52:00,
1.125108208,8494652,Adam Pavlasek,Cervantes v Pavlasek,90,2016-06-02 10:34:28.216,2.64,2016-06-02 10:52:00,
1.125108208,8494652,Adam Pavlasek,Cervantes v Pavlasek,100,2016-06-02 10:57:04.401,2.62,2016-06-02 11:07:00,
1.125109052,5224084,David Goffin,D Thiem v Goffin,0,2016-06-01 14:01:44.038,3.45,2016-06-02 12:00:00,
1.125109052,5224084,David Goffin,D Thiem v Goffin,10,2016-06-01 19:14:07.273,2.8,2016-06-02 11:00:00,
1.125109052,5224084,David Goffin,D Thiem v Goffin,20,2016-06-01 20:45:04.332,2.74,2016-06-02 11:00:00,
1.125109052,5224084,David Goffin,D Thiem v Goffin,30,2016-06-01 23:03:13.133,2.7,2016-06-02 11:00:00,
1.125109052,5224084,David Goffin,D Thiem v Goffin,40,2016-06-02 04:00:47.679,2.68,2016-06-02 11:00:00,
1.125109052,5224084,David Goffin,D Thiem v Goffin,50,2016-06-02 06:22:13.675,2.74,2016-06-02 11:00:00,
1.125109052,5224084,David Goffin,D Thiem v Goffin,60,2016-06-02 07:54:17.241,2.6,2016-06-02 11:00:00,
1.125109052,5224084,David Goffin,D Thiem v Goffin,70,2016-06-02 08:49:06.732,2.56,2016-06-02 11:00:00,
1.125109052,5224084,David Goffin,D Thiem v Goffin,80,2016-06-02 09:35:20.460,2.52,2016-06-02 11:00:00,
1.125109052,5224084,David Goffin,D Thiem v Goffin,90,2016-06-02 10:07:12.966,2.42,2016-06-02 11:00:00,
1.125109052,5224084,David Goffin,D Thiem v Goffin,100,2016-06-02 11:00:19.507,2.44,2016-06-02 11:15:00,
1.125109052,5720747,Dominic Thiem,D Thiem v Goffin,0,2016-06-01 14:01:44.038,1.42,2016-06-02 12:00:00,
1.125109052,5720747,Dominic Thiem,D Thiem v Goffin,10,2016-06-01 18:29:18.219,1.57,2016-06-02 11:00:00,
1.125109052,5720747,Dominic Thiem,D Thiem v Goffin,20,2016-06-01 20:56:03.831,1.6,2016-06-02 11:00:00,
1.125109052,5720747,Dominic Thiem,D Thiem v Goffin,30,2016-06-01 22:19:35.077,1.58,2016-06-02 11:00:00,
1.125109052,5720747,Dominic Thiem,D Thiem v Goffin,40,2016-06-02 03:32:27.909,1.6,2016-06-02 11:00:00,
1.125109052,5720747,Dominic Thiem,D Thiem v Goffin,50,2016-06-02 06:13:06.082,1.57,2016-06-02 11:00:00,
1.125109052,5720747,Dominic Thiem,D Thiem v Goffin,60,2016-06-02 07:36:18.523,1.61,2016-06-02 11:00:00,
1.125109052,5720747,Dominic Thiem,D Thiem v Goffin,70,2016-06-02 08:35:17.411,1.63,2016-06-02 11:00:00,
1.125109052,5720747,Dominic Thiem,D Thiem v Goffin,80,2016-06-02 09:35:20.460,1.65,2016-06-02 11:00:00,
1.125109052,5720747,Dominic Thiem,D Thiem v Goffin,90,2016-06-02 10:05:17.631,1.7,2016-06-02 11:00:00,
1.125109052,5720747,Dominic Thiem,D Thiem v Goffin,100,2016-06-02 11:04:19.904,1.68,2016-06-02 11:15:00,
1.12510907,2249229,Novak Djokovic,N Djokovic v Berdych,0,2016-06-01 13:27:42.935,1.11,2016-06-02 12:00:00,
1.12510907,2249229,Novak Djokovic,N Djokovic v Berdych,10,2016-06-01 18:30:44.100,1.08,2016-06-02 11:00:00,
1.12510907,2249229,Novak Djokovic,N Djokovic v Berdych,20,2016-06-01 20:30:41.395,1.09,2016-06-02 11:00:00,
1.12510907,2249229,Novak Djokovic,N Djokovic v Berdych,30,2016-06-01 22:32:58.083,1.08,2016-06-02 11:00:00,
1.12510907,2249229,Novak Djokovic,N Djokovic v Berdych,40,2016-06-02 04:09:05.398,1.09,2016-06-02 11:00:00,
1.12510907,2249229,Novak Djokovic,N Djokovic v Berdych,50,2016-06-02 06:13:38.143,1.08,2016-06-02 11:00:00,
1.12510907,2249229,Novak Djokovic,N Djokovic v Berdych,60,2016-06-02 07:15:02.455,1.09,2016-06-02 11:00:00,
1.12510907,2249229,Novak Djokovic,N Djokovic v Berdych,70,2016-06-02 08:18:42.009,1.08,2016-06-02 11:00:00,
1.12510907,2249229,Novak Djokovic,N Djokovic v Berdych,80,2016-06-02 09:06:36.361,1.09,2016-06-02 11:00:00,
1.12510907,2249229,Novak Djokovic,N Djokovic v Berdych,90,2016-06-02 10:06:45.257,1.08,2016-06-02 11:00:00,
1.12510907,2249229,Novak Djokovic,N Djokovic v Berdych,100,2016-06-02 11:03:42.198,1.09,2016-06-02 11:15:00,
1.12510907,2256470,Tomas Berdych,N Djokovic v Berdych,0,2016-06-01 13:30:37.370,12.0,2016-06-02 12:00:00,
1.12510907,2256470,Tomas Berdych,N Djokovic v Berdych,10,2016-06-01 16:15:28.068,14.5,2016-06-02 11:00:00,
1.12510907,2256470,Tomas Berdych,N Djokovic v Berdych,20,2016-06-01 18:27:43.993,12.5,2016-06-02 11:00:00,
1.12510907,2256470,Tomas Berdych,N Djokovic v Berdych,30,2016-06-01 21:08:34.267,12.0,2016-06-02 11:00:00,
1.12510907,2256470,Tomas Berdych,N Djokovic v Berdych,40,2016-06-02 01:00:29.083,12.5,2016-06-02 11:00:00,
1.12510907,2256470,Tomas Berdych,N Djokovic v Berdych,50,2016-06-02 04:56:44.143,12.0,2016-06-02 11:00:00,
1.12510907,2256470,Tomas Berdych,N Djokovic v Berdych,60,2016-06-02 06:58:36.493,12.5,2016-06-02 11:00:00,
1.12510907,2256470,Tomas Berdych,N Djokovic v Berdych,70,2016-06-02 08:36:43.545,13.0,2016-06-02 11:00:00,
1.12510907,2256470,Tomas Berdych,N Djokovic v Berdych,80,2016-06-02 09:52:42.914,12.5,2016-06-02 11:00:00,
1.12510907,2256470,Tomas Berdych,N Djokovic v Berdych,90,2016-06-02 10:13:34.480,12.5,2016-06-02 11:00:00,
1.12510907,2256470,Tomas Berdych,N Djokovic v Berdych,100,2016-06-02 10:59:45.172,12.5,2016-06-02 11:00:00,
1.125109948,2263684,Michael Berrer,Berrer v A Ward,0,2016-06-01 19:24:16.064,1.47,2016-06-02 13:30:00,
1.125109948,2263684,Michael Berrer,Berrer v A Ward,10,2016-06-01 21:53:53.125,1.49,2016-06-02 13:30:00,
1.125109948,2263684,Michael Berrer,Berrer v A Ward,20,2016-06-02 08:54:58.881,1.46,2016-06-02 13:30:00,
1.125109948,2263684,Michael Berrer,Berrer v A Ward,30,2016-06-02 11:31:17.225,1.46,2016-06-02 13:30:00,
1.125109948,2263684,Michael Berrer,Berrer v A Ward,40,2016-06-02 12:15:22.768,1.46,2016-06-02 13:30:00,
1.125109948,2263684,Michael Berrer,Berrer v A Ward,50,2016-06-02 12:17:30.093,1.5,2016-06-02 13:30:00,
1.125109948,2263684,Michael Berrer,Berrer v A Ward,60,2016-06-02 12:32:25.117,1.5,2016-06-02 13:30:00,
1.125109948,2263684,Michael Berrer,Berrer v A Ward,70,2016-06-02 12:38:27.077,1.48,2016-06-02 13:30:00,
1.125109948,2263684,Michael Berrer,Berrer v A Ward,80,2016-06-02 12:56:23.785,1.48,2016-06-02 13:30:00,
1.125109948,2263684,Michael Berrer,Berrer v A Ward,90,2016-06-02 13:01:28.772,1.5,2016-06-02 13:30:00,
1.125109948,2263684,Michael Berrer,Berrer v A Ward,100,2016-06-02 13:18:16.315,1.5,2016-06-02 13:30:00,
1.125109948,7234124,Alexander Ward,Berrer v A Ward,0,2016-06-01 21:08:22.258,2.6,2016-06-02 13:30:00,
1.125109948,7234124,Alexander Ward,Berrer v A Ward,10,2016-06-01 21:37:30.501,2.76,2016-06-02 13:30:00,
1.125109948,7234124,Alexander Ward,Berrer v A Ward,20,2016-06-02 03:36:12.512,2.76,2016-06-02 13:30:00,
1.125109948,7234124,Alexander Ward,Berrer v A Ward,30,2016-06-02 08:36:07.749,3.15,2016-06-02 13:30:00,
1.125109948,7234124,Alexander Ward,Berrer v A Ward,40,2016-06-02 12:17:30.093,2.96,2016-06-02 13:30:00,
1.125109948,7234124,Alexander Ward,Berrer v A Ward,50,2016-06-02 12:19:55.612,2.96,2016-06-02 13:30:00,
1.125109948,7234124,Alexander Ward,Berrer v A Ward,60,2016-06-02 12:23:24.879,3.0,2016-06-02 13:30:00,
1.125109948,7234124,Alexander Ward,Berrer v A Ward,70,2016-06-02 12:34:19.792,3.1,2016-06-02 13:30:00,
1.125109948,7234124,Alexander Ward,Berrer v A Ward,80,2016-06-02 12:54:30.637,3.05,2016-06-02 13:30:00,
1.125109948,7234124,Alexander Ward,Berrer v A Ward,90,2016-06-02 13:01:28.772,3.0,2016-06-02 13:30:00,
1.125109948,7234124,Alexander Ward,Berrer v A Ward,100,2016-06-02 13:18:16.315,3.0,2016-06-02 13:30:00,
1.125109953,2249398,Benjamin Becker,B Becker v J Ward,0,2016-06-01 19:24:58.383,1.52,2016-06-02 10:00:00,
1.125109953,2249398,Benjamin Becker,B Becker v J Ward,10,2016-06-02 02:29:13.232,1.54,2016-06-02 10:00:00,
1.125109953,2249398,Benjamin Becker,B Becker v J Ward,20,2016-06-02 03:43:30.833,1.83,2016-06-02 10:00:00,
1.125109953,2249398,Benjamin Becker,B Becker v J Ward,30,2016-06-02 07:11:30.913,1.65,2016-06-02 10:00:00,
1.125109953,2249398,Benjamin Becker,B Becker v J Ward,40,2016-06-02 08:05:25.396,1.55,2016-06-02 10:00:00,
1.125109953,2249398,Benjamin Becker,B Becker v J Ward,50,2016-06-02 08:15:19.711,1.55,2016-06-02 10:00:00,
1.125109953,2249398,Benjamin Becker,B Becker v J Ward,60,2016-06-02 08:39:15.418,1.59,2016-06-02 10:00:00,
1.125109953,2249398,Benjamin Becker,B Becker v J Ward,70,2016-06-02 08:44:29.501,1.61,2016-06-02 10:00:00,
1.125109953,2249398,Benjamin Becker,B Becker v J Ward,80,2016-06-02 09:00:22.348,1.54,2016-06-02 10:00:00,
1.125109953,2249398,Benjamin Becker,B Becker v J Ward,90,2016-06-02 09:20:18.275,1.62,2016-06-02 10:00:00,
1.125109953,2249398,Benjamin Becker,B Becker v J Ward,100,2016-06-02 09:54:24.962,1.59,2016-06-02 10:00:00,
1.125109953,2370329,James Ward,B Becker v J Ward,0,2016-06-01 20:31:28.136,2.44,2016-06-02 10:00:00,
1.125109953,2370329,James Ward,B Becker v J Ward,10,2016-06-02 02:55:11.782,2.72,2016-06-02 10:00:00,
1.125109953,2370329,James Ward,B Becker v J Ward,20,2016-06-02 03:43:30.833,2.2,2016-06-02 10:00:00,
1.125109953,2370329,James Ward,B Becker v J Ward,30,2016-06-02 06:14:47.676,2.58,2016-06-02 10:00:00,
1.125109953,2370329,James Ward,B Becker v J Ward,40,2016-06-02 07:36:43.871,2.44,2016-06-02 10:00:00,
1.125109953,2370329,James Ward,B Becker v J Ward,50,2016-06-02 08:05:25.396,2.82,2016-06-02 10:00:00,
1.125109953,2370329,James Ward,B Becker v J Ward,60,2016-06-02 08:09:30.034,2.82,2016-06-02 10:00:00,
1.125109953,2370329,James Ward,B Becker v J Ward,70,2016-06-02 08:31:25.339,2.86,2016-06-02 10:00:00,
1.125109953,2370329,James Ward,B Becker v J Ward,80,2016-06-02 08:41:20.847,2.6,2016-06-02 10:00:00,
1.125109953,2370329,James Ward,B Becker v J Ward,90,2016-06-02 09:06:22.277,2.66,2016-06-02 10:00:00,
1.125109953,2370329,James Ward,B Becker v J Ward,100,2016-06-02 09:21:52.200,2.76,2016-06-02 10:00:00,
1.125110313,10704359,Garcia/Mladenovic,Gasparyan/Kuznetsova v Garcia/Mladenovic,0,2016-06-01 21:58:09.986,1.5,2016-06-02 12:00:00,
1.125110313,10704359,Garcia/Mladenovic,Gasparyan/Kuznetsova v Garcia/Mladenovic,10,2016-06-01 22:02:59.812,1.43,2016-06-02 12:00:00,
1.125110313,10704359,Garcia/Mladenovic,Gasparyan/Kuznetsova v Garcia/Mladenovic,20,2016-06-02 06:00:15.699,1.45,2016-06-03 12:00:00,
1.125110313,10704359,Garcia/Mladenovic,Gasparyan/Kuznetsova v Garcia/Mladenovic,30,2016-06-03 12:56:22.375,1.45,2016-06-03 15:00:00,
1.125110313,10704359,Garcia/Mladenovic,Gasparyan/Kuznetsova v Garcia/Mladenovic,40,2016-06-03 13:39:05.646,1.38,2016-06-03 14:58:00,
1.125110313,10704359,Garcia/Mladenovic,Gasparyan/Kuznetsova v Garcia/Mladenovic,50,2016-06-03 13:46:50.659,1.38,2016-06-03 14:58:00,
1.125110313,10704359,Garcia/Mladenovic,Gasparyan/Kuznetsova v Garcia/Mladenovic,60,2016-06-03 13:55:05.658,1.38,2016-06-03 14:58:00,
1.125110313,10704359,Garcia/Mladenovic,Gasparyan/Kuznetsova v Garcia/Mladenovic,70,2016-06-03 14:19:00.327,1.38,2016-06-03 14:58:00,
1.125110313,10704359,Garcia/Mladenovic,Gasparyan/Kuznetsova v Garcia/Mladenovic,80,2016-06-03 14:47:40.821,1.43,2016-06-03 14:58:00,
1.125110313,10704359,Garcia/Mladenovic,Gasparyan/Kuznetsova v Garcia/Mladenovic,90,2016-06-03 15:13:09.855,1.37,2016-06-03 15:18:00,
1.125110313,10704359,Garcia/Mladenovic,Gasparyan/Kuznetsova v Garcia/Mladenovic,100,2016-06-03 15:15:08.574,1.37,2016-06-03 15:18:00,
1.125110313,11209012,Gasparyan/Kuznetsova,Gasparyan/Kuznetsova v Garcia/Mladenovic,0,2016-06-01 21:58:09.986,3.0,2016-06-02 12:00:00,
1.125110313,11209012,Gasparyan/Kuznetsova,Gasparyan/Kuznetsova v Garcia/Mladenovic,10,2016-06-03 06:50:21.916,3.25,2016-06-03 15:00:00,
1.125110313,11209012,Gasparyan/Kuznetsova,Gasparyan/Kuznetsova v Garcia/Mladenovic,20,2016-06-03 13:33:56.549,3.2,2016-06-03 14:58:00,
1.125110313,11209012,Gasparyan/Kuznetsova,Gasparyan/Kuznetsova v Garcia/Mladenovic,30,2016-06-03 13:39:05.646,3.65,2016-06-03 14:58:00,
1.125110313,11209012,Gasparyan/Kuznetsova,Gasparyan/Kuznetsova v Garcia/Mladenovic,40,2016-06-03 13:48:06.206,3.1,2016-06-03 14:58:00,
1.125110313,11209012,Gasparyan/Kuznetsova,Gasparyan/Kuznetsova v Garcia/Mladenovic,50,2016-06-03 13:56:59.275,3.7,2016-06-03 14:58:00,
1.125110313,11209012,Gasparyan/Kuznetsova,Gasparyan/Kuznetsova v Garcia/Mladenovic,60,2016-06-03 13:58:02.522,3.6,2016-06-03 14:58:00,
1.125110313,11209012,Gasparyan/Kuznetsova,Gasparyan/Kuznetsova v Garcia/Mladenovic,70,2016-06-03 14:31:23.469,3.4,2016-06-03 14:58:00,
1.125110313,11209012,Gasparyan/Kuznetsova,Gasparyan/Kuznetsova v Garcia/Mladenovic,80,2016-06-03 14:43:06.083,3.4,2016-06-03 14:58:00,
1.125110313,11209012,Gasparyan/Kuznetsova,Gasparyan/Kuznetsova v Garcia/Mladenovic,90,2016-06-03 15:13:09.855,3.7,2016-06-03 15:18:00,
1.125110313,11209012,Gasparyan/Kuznetsova,Gasparyan/Kuznetsova v Garcia/Mladenovic,100,2016-06-03 15:15:08.574,3.7,2016-06-03 15:18:00,
1.125110945,10738213,Mirza/Dodig,Chan/Mirnyi v Mirza/Dodig,0,2016-06-01 18:40:12.110,1.47,2016-06-02 10:00:00,
1.125110945,10738213,Mirza/Dodig,Chan/Mirnyi v Mirza/Dodig,10,2016-06-01 21:30:02.811,1.51,2016-06-02 10:00:00,
1.125110945,10738213,Mirza/Dodig,Chan/Mirnyi v Mirza/Dodig,20,2016-06-02 02:55:45.249,1.51,2016-06-02 10:00:00,
1.125110945,10738213,Mirza/Dodig,Chan/Mirnyi v Mirza/Dodig,30,2016-06-02 05:27:36.302,1.51,2016-06-02 10:00:00,
1.125110945,10738213,Mirza/Dodig,Chan/Mirnyi v Mirza/Dodig,40,2016-06-02 06:56:43.379,1.57,2016-06-02 10:00:00,
1.125110945,10738213,Mirza/Dodig,Chan/Mirnyi v Mirza/Dodig,50,2016-06-02 06:59:46.303,1.56,2016-06-02 10:00:00,
1.125110945,10738213,Mirza/Dodig,Chan/Mirnyi v Mirza/Dodig,60,2016-06-02 07:10:45.199,1.57,2016-06-02 10:00:00,
1.125110945,10738213,Mirza/Dodig,Chan/Mirnyi v Mirza/Dodig,70,2016-06-02 07:35:10.344,1.55,2016-06-02 10:00:00,
1.125110945,10738213,Mirza/Dodig,Chan/Mirnyi v Mirza/Dodig,80,2016-06-02 08:23:40.099,1.58,2016-06-02 10:00:00,
1.125110945,10738213,Mirza/Dodig,Chan/Mirnyi v Mirza/Dodig,90,2016-06-02 08:55:39.705,1.56,2016-06-02 10:00:00,
1.125110945,10738213,Mirza/Dodig,Chan/Mirnyi v Mirza/Dodig,100,2016-06-02 09:39:48.971,1.6,2016-06-02 10:00:00,
1.125111051,9169651,Hingis/Paes,Hingis/Paes v Vesnina/Soares,0,2016-06-01 21:45:10.623,1.55,2016-06-02 11:00:00,
1.125111051,9169651,Hingis/Paes,Hingis/Paes v Vesnina/Soares,10,2016-06-02 05:59:07.041,1.54,2016-06-02 11:00:00,
1.125111051,9169651,Hingis/Paes,Hingis/Paes v Vesnina/Soares,20,2016-06-02 06:46:18.405,1.69,2016-06-02 11:00:00,
1.125111051,9169651,Hingis/Paes,Hingis/Paes v Vesnina/Soares,30,2016-06-02 07:50:19.103,1.64,2016-06-02 11:00:00,
1.125111051,9169651,Hingis/Paes,Hingis/Paes v Vesnina/Soares,40,2016-06-02 09:30:42.785,1.7,2016-06-02 10:56:00,
1.125111051,9169651,Hingis/Paes,Hingis/Paes v Vesnina/Soares,50,2016-06-02 10:22:45.920,1.75,2016-06-02 10:56:00,
1.125111051,9169651,Hingis/Paes,Hingis/Paes v Vesnina/Soares,60,2016-06-02 10:28:46.554,1.75,2016-06-02 10:56:00,
1.125111051,9169651,Hingis/Paes,Hingis/Paes v Vesnina/Soares,70,2016-06-02 10:54:26.063,1.66,2016-06-02 10:56:00,
1.125111051,9169651,Hingis/Paes,Hingis/Paes v Vesnina/Soares,80,2016-06-02 11:04:35.887,1.75,2016-06-02 11:11:00,
1.125111051,9169651,Hingis/Paes,Hingis/Paes v Vesnina/Soares,90,2016-06-02 11:07:26.247,1.63,2016-06-02 11:11:00,
1.125111051,9169651,Hingis/Paes,Hingis/Paes v Vesnina/Soares,100,2016-06-02 11:35:46.497,1.62,2016-06-02 11:41:00,
1.125111051,10738221,Vesnina/Soares,Hingis/Paes v Vesnina/Soares,0,2016-06-02 00:59:03.002,2.26,2016-06-02 11:00:00,
1.125111051,10738221,Vesnina/Soares,Hingis/Paes v Vesnina/Soares,10,2016-06-02 06:02:27.727,2.78,2016-06-02 11:00:00,
1.125111051,10738221,Vesnina/Soares,Hingis/Paes v Vesnina/Soares,20,2016-06-02 06:33:28.568,2.6,2016-06-02 11:00:00,
1.125111051,10738221,Vesnina/Soares,Hingis/Paes v Vesnina/Soares,30,2016-06-02 07:10:17.314,2.56,2016-06-02 11:00:00,
1.125111051,10738221,Vesnina/Soares,Hingis/Paes v Vesnina/Soares,40,2016-06-02 08:10:46.338,2.58,2016-06-02 11:00:00,
1.125111051,10738221,Vesnina/Soares,Hingis/Paes v Vesnina/Soares,50,2016-06-02 09:12:44.536,2.56,2016-06-02 10:56:00,
1.125111051,10738221,Vesnina/Soares,Hingis/Paes v Vesnina/Soares,60,2016-06-02 10:27:29.641,2.36,2016-06-02 10:56:00,
1.125111051,10738221,Vesnina/Soares,Hingis/Paes v Vesnina/Soares,70,2016-06-02 10:45:37.400,2.36,2016-06-02 10:56:00,
1.125111051,10738221,Vesnina/Soares,Hingis/Paes v Vesnina/Soares,80,2016-06-02 10:49:45.395,2.56,2016-06-02 10:56:00,
1.125111051,10738221,Vesnina/Soares,Hingis/Paes v Vesnina/Soares,90,2016-06-02 11:08:32.917,2.6,2016-06-02 11:11:00,
1.125111051,10738221,Vesnina/Soares,Hingis/Paes v Vesnina/Soares,100,2016-06-02 11:29:32.754,2.58,2016-06-02 11:41:00,
1.12511106,11241754,Martin/Weissborn,Martin/Weissborn v Behar/Neis,0,2016-06-02 22:05:36.268,1.03,2016-06-03 15:54:00,2016-06-02 16:07:43.767
1.12511106,11241754,Martin/Weissborn,Martin/Weissborn v Behar/Neis,10,2016-06-02 22:09:17.909,1.15,2016-06-03 15:54:00,2016-06-02 16:07:43.767
1.12511106,11241754,Martin/Weissborn,Martin/Weissborn v Behar/Neis,20,2016-06-02 22:50:36.659,1.22,2016-06-03 15:54:00,2016-06-02 16:07:43.767
1.12511106,11241754,Martin/Weissborn,Martin/Weissborn v Behar/Neis,30,2016-06-03 01:06:36.341,1.16,2016-06-03 15:54:00,2016-06-02 16:07:43.767
1.12511106,11241754,Martin/Weissborn,Martin/Weissborn v Behar/Neis,40,2016-06-03 06:38:23.923,1.1,2016-06-03 13:00:00,2016-06-02 16:07:43.767
1.12511106,11241754,Martin/Weissborn,Martin/Weissborn v Behar/Neis,50,2016-06-03 08:52:34.926,1.13,2016-06-03 13:00:00,2016-06-02 16:07:43.767
1.12511106,11241754,Martin/Weissborn,Martin/Weissborn v Behar/Neis,60,2016-06-03 10:03:43.925,1.2,2016-06-03 13:00:00,2016-06-02 16:07:43.767
1.12511106,11241754,Martin/Weissborn,Martin/Weissborn v Behar/Neis,70,2016-06-03 10:08:00.965,1.12,2016-06-03 13:00:00,2016-06-02 16:07:43.767
1.12511106,11241754,Martin/Weissborn,Martin/Weissborn v Behar/Neis,80,2016-06-03 11:40:10.170,1.2,2016-06-03 11:48:00,2016-06-02 16:07:43.767
1.12511106,11241754,Martin/Weissborn,Martin/Weissborn v Behar/Neis,90,2016-06-03 11:51:18.659,1.58,2016-06-03 12:03:00,2016-06-02 16:07:43.767
1.12511106,11241754,Martin/Weissborn,Martin/Weissborn v Behar/Neis,100,2016-06-03 12:46:24.910,2.0,2016-06-03 12:48:00,2016-06-02 16:07:43.767
1.12511114,2256509,Andy Murray,S Wawrinka v A Murray,0,2016-06-01 17:04:25.703,1.86,2016-06-02 12:00:00,
1.12511114,2256509,Andy Murray,S Wawrinka v A Murray,10,2016-06-01 21:26:34.524,1.87,2016-06-02 12:00:00,
1.12511114,2256509,Andy Murray,S Wawrinka v A Murray,20,2016-06-02 07:05:18.582,1.88,2016-06-03 12:00:00,
1.12511114,2256509,Andy Murray,S Wawrinka v A Murray,30,2016-06-02 14:31:23.957,1.87,2016-06-03 12:00:00,
1.12511114,2256509,Andy Murray,S Wawrinka v A Murray,40,2016-06-02 19:42:15.401,1.84,2016-06-03 13:00:00,
1.12511114,2256509,Andy Murray,S Wawrinka v A Murray,50,2016-06-02 23:17:07.612,1.82,2016-06-03 13:00:00,
1.12511114,2256509,Andy Murray,S Wawrinka v A Murray,60,2016-06-03 05:53:12.861,1.81,2016-06-03 13:00:00,
1.12511114,2256509,Andy Murray,S Wawrinka v A Murray,70,2016-06-03 07:43:33.946,1.81,2016-06-03 13:00:00,
1.12511114,2256509,Andy Murray,S Wawrinka v A Murray,80,2016-06-03 10:17:08.555,1.82,2016-06-03 13:00:00,
1.12511114,2256509,Andy Murray,S Wawrinka v A Murray,90,2016-06-03 11:54:25.971,1.85,2016-06-03 13:00:00,
1.12511114,2256509,Andy Murray,S Wawrinka v A Murray,100,2016-06-03 13:09:34.449,1.84,2016-06-03 13:15:00,
1.12511114,8597476,Stan Wawrinka,S Wawrinka v A Murray,0,2016-06-01 17:04:25.703,2.16,2016-06-02 12:00:00,
1.12511114,8597476,Stan Wawrinka,S Wawrinka v A Murray,10,2016-06-01 20:54:06.004,2.16,2016-06-02 12:00:00,
1.12511114,8597476,Stan Wawrinka,S Wawrinka v A Murray,20,2016-06-02 08:27:16.208,2.16,2016-06-03 12:00:00,
1.12511114,8597476,Stan Wawrinka,S Wawrinka v A Murray,30,2016-06-02 16:59:20.535,2.14,2016-06-03 12:00:00,
1.12511114,8597476,Stan Wawrinka,S Wawrinka v A Murray,40,2016-06-02 21:15:20.091,2.18,2016-06-03 13:00:00,
1.12511114,8597476,Stan Wawrinka,S Wawrinka v A Murray,50,2016-06-03 03:09:38.043,2.2,2016-06-03 13:00:00,
1.12511114,8597476,Stan Wawrinka,S Wawrinka v A Murray,60,2016-06-03 06:42:26.416,2.22,2016-06-03 13:00:00,
1.12511114,8597476,Stan Wawrinka,S Wawrinka v A Murray,70,2016-06-03 09:14:24.622,2.22,2016-06-03 13:00:00,
1.12511114,8597476,Stan Wawrinka,S Wawrinka v A Murray,80,2016-06-03 10:23:32.872,2.2,2016-06-03 13:00:00,
1.12511114,8597476,Stan Wawrinka,S Wawrinka v A Murray,90,2016-06-03 11:59:28.203,2.18,2016-06-03 13:00:00,
1.12511114,8597476,Stan Wawrinka,S Wawrinka v A Murray,100,2016-06-03 13:07:33.727,2.18,2016-06-03 13:15:00,
1.125111222,2263625,Mischa Zverev,M Zverev v Du Brown,0,2016-06-01 21:07:40.373,2.16,2016-06-02 12:00:00,
1.125111222,2263625,Mischa Zverev,M Zverev v Du Brown,10,2016-06-01 21:34:34.079,2.22,2016-06-02 12:00:00,
1.125111222,2263625,Mischa Zverev,M Zverev v Du Brown,20,2016-06-01 22:06:28.807,2.0,2016-06-02 12:00:00,
1.125111222,2263625,Mischa Zverev,M Zverev v Du Brown,30,2016-06-01 23:21:35.058,2.2,2016-06-02 12:00:00,
1.125111222,2263625,Mischa Zverev,M Zverev v Du Brown,40,2016-06-01 23:32:54.654,2.22,2016-06-02 12:00:00,
1.125111222,2263625,Mischa Zverev,M Zverev v Du Brown,50,2016-06-02 07:43:35.269,2.26,2016-06-02 12:00:00,
1.125111222,2263625,Mischa Zverev,M Zverev v Du Brown,60,2016-06-02 07:59:32.217,2.24,2016-06-02 12:00:00,
1.125111222,2263625,Mischa Zverev,M Zverev v Du Brown,70,2016-06-02 08:14:50.877,2.2,2016-06-02 12:00:00,
1.125111222,2263625,Mischa Zverev,M Zverev v Du Brown,80,2016-06-02 08:33:09.694,2.16,2016-06-02 12:00:00,
1.125111222,2263625,Mischa Zverev,M Zverev v Du Brown,90,2016-06-02 08:35:33.078,2.2,2016-06-02 12:00:00,
1.125111222,2263625,Mischa Zverev,M Zverev v Du Brown,100,2016-06-02 10:38:35.243,2.2,2016-06-02 11:51:00,
1.125111222,4486603,Dustin Brown,M Zverev v Du Brown,0,2016-06-01 18:48:42.543,1.77,2016-06-02 12:00:00,
1.125111222,4486603,Dustin Brown,M Zverev v Du Brown,10,2016-06-01 21:34:34.079,1.81,2016-06-02 12:00:00,
1.125111222,4486603,Dustin Brown,M Zverev v Du Brown,20,2016-06-01 23:21:35.058,1.83,2016-06-02 12:00:00,
1.125111222,4486603,Dustin Brown,M Zverev v Du Brown,30,2016-06-02 07:38:38.334,1.9,2016-06-02 12:00:00,
1.125111222,4486603,Dustin Brown,M Zverev v Du Brown,40,2016-06-02 07:54:53.073,1.9,2016-06-02 12:00:00,
1.125111222,4486603,Dustin Brown,M Zverev v Du Brown,50,2016-06-02 08:14:26.953,1.8,2016-06-02 12:00:00,
1.125111222,4486603,Dustin Brown,M Zverev v Du Brown,60,2016-06-02 08:33:09.694,1.85,2016-06-02 12:00:00,
1.125111222,4486603,Dustin Brown,M Zverev v Du Brown,70,2016-06-02 09:22:12.695,1.85,2016-06-02 12:00:00,
1.125111222,4486603,Dustin Brown,M Zverev v Du Brown,80,2016-06-02 10:38:35.243,1.82,2016-06-02 11:51:00,
1.125111222,4486603,Dustin Brown,M Zverev v Du Brown,90,2016-06-02 10:46:20.071,1.8,2016-06-02 11:51:00,
1.125111222,4486603,Dustin Brown,M Zverev v Du Brown,100,2016-06-02 11:10:42.992,1.83,2016-06-02 11:51:00,
1.125111227,2581407,Tobias Kamke,Kamke v T Monteiro,0,2016-06-01 18:24:03.467,1.68,2016-06-02 12:00:00,
1.125111227,2581407,Tobias Kamke,Kamke v T Monteiro,10,2016-06-02 14:11:39.653,1.78,2016-06-03 12:00:00,
1.125111227,2581407,Tobias Kamke,Kamke v T Monteiro,20,2016-06-03 02:50:44.197,2.14,2016-06-03 11:00:00,
1.125111227,2581407,Tobias Kamke,Kamke v T Monteiro,30,2016-06-03 07:20:01.925,2.16,2016-06-03 11:00:00,
1.125111227,2581407,Tobias Kamke,Kamke v T Monteiro,40,2016-06-03 08:01:07.780,2.06,2016-06-03 11:00:00,
1.125111227,2581407,Tobias Kamke,Kamke v T Monteiro,50,2016-06-03 08:45:24.788,2.06,2016-06-03 11:00:00,
1.125111227,2581407,Tobias Kamke,Kamke v T Monteiro,60,2016-06-03 09:01:17.017,2.06,2016-06-03 11:00:00,
1.125111227,2581407,Tobias Kamke,Kamke v T Monteiro,70,2016-06-03 09:11:12.379,1.97,2016-06-03 11:00:00,
1.125111227,2581407,Tobias Kamke,Kamke v T Monteiro,80,2016-06-03 09:14:13.429,1.94,2016-06-03 11:00:00,
1.125111227,2581407,Tobias Kamke,Kamke v T Monteiro,90,2016-06-03 10:17:19.998,2.12,2016-06-03 11:00:00,
1.125111227,2581407,Tobias Kamke,Kamke v T Monteiro,100,2016-06-03 10:31:15.519,2.16,2016-06-03 11:00:00,
1.125111227,8326656,Thiago Monteiro,Kamke v T Monteiro,0,2016-06-02 14:11:39.653,2.36,2016-06-03 12:00:00,
1.125111227,8326656,Thiago Monteiro,Kamke v T Monteiro,10,2016-06-02 20:28:11.650,1.9,2016-06-03 11:00:00,
1.125111227,8326656,Thiago Monteiro,Kamke v T Monteiro,20,2016-06-03 03:16:17.032,1.86,2016-06-03 11:00:00,
1.125111227,8326656,Thiago Monteiro,Kamke v T Monteiro,30,2016-06-03 07:39:07.776,1.84,2016-06-03 11:00:00,
1.125111227,8326656,Thiago Monteiro,Kamke v T Monteiro,40,2016-06-03 08:45:24.788,1.93,2016-06-03 11:00:00,
1.125111227,8326656,Thiago Monteiro,Kamke v T Monteiro,50,2016-06-03 09:04:12.786,2.0,2016-06-03 11:00:00,
1.125111227,8326656,Thiago Monteiro,Kamke v T Monteiro,60,2016-06-03 09:44:18.204,1.94,2016-06-03 11:00:00,
1.125111227,8326656,Thiago Monteiro,Kamke v T Monteiro,70,2016-06-03 10:03:16.440,2.08,2016-06-03 11:00:00,
1.125111227,8326656,Thiago Monteiro,Kamke v T Monteiro,80,2016-06-03 10:18:19.137,1.87,2016-06-03 11:00:00,
1.125111227,8326656,Thiago Monteiro,Kamke v T Monteiro,90,2016-06-03 10:27:16.320,1.83,2016-06-03 11:00:00,
1.125111227,8326656,Thiago Monteiro,Kamke v T Monteiro,100,2016-06-03 10:52:59.938,1.83,2016-06-03 11:00:00,
1.125111259,1502771,Bryan/Bryan,Bryan/Bryan v Kubot/Peya,0,2016-06-01 19:22:53.532,1.4,2016-06-02 12:00:00,
1.125111259,1502771,Bryan/Bryan,Bryan/Bryan v Kubot/Peya,10,2016-06-01 20:14:34.381,1.34,2016-06-02 12:00:00,
1.125111259,1502771,Bryan/Bryan,Bryan/Bryan v Kubot/Peya,20,2016-06-02 09:10:55.564,1.33,2016-06-03 12:00:00,
1.125111259,1502771,Bryan/Bryan,Bryan/Bryan v Kubot/Peya,30,2016-06-02 22:39:13.076,1.3,2016-06-03 13:00:00,
1.125111259,1502771,Bryan/Bryan,Bryan/Bryan v Kubot/Peya,40,2016-06-03 04:19:19.725,1.34,2016-06-03 13:00:00,
1.125111259,1502771,Bryan/Bryan,Bryan/Bryan v Kubot/Peya,50,2016-06-03 06:23:48.179,1.32,2016-06-03 13:00:00,
1.125111259,1502771,Bryan/Bryan,Bryan/Bryan v Kubot/Peya,60,2016-06-03 08:38:46.806,1.29,2016-06-03 13:00:00,
1.125111259,1502771,Bryan/Bryan,Bryan/Bryan v Kubot/Peya,70,2016-06-03 10:16:51.362,1.29,2016-06-03 13:00:00,
1.125111259,1502771,Bryan/Bryan,Bryan/Bryan v Kubot/Peya,80,2016-06-03 11:56:51.501,1.3,2016-06-03 12:55:00,
1.125111259,1502771,Bryan/Bryan,Bryan/Bryan v Kubot/Peya,90,2016-06-03 12:48:44.658,1.3,2016-06-03 12:55:00,
1.125111259,1502771,Bryan/Bryan,Bryan/Bryan v Kubot/Peya,100,2016-06-03 13:09:29.168,1.29,2016-06-03 13:10:00,
1.125111259,11208988,Kubot/Peya,Bryan/Bryan v Kubot/Peya,0,2016-06-01 19:22:53.532,3.5,2016-06-02 12:00:00,
1.125111259,11208988,Kubot/Peya,Bryan/Bryan v Kubot/Peya,10,2016-06-02 09:10:55.564,4.0,2016-06-03 12:00:00,
1.125111259,11208988,Kubot/Peya,Bryan/Bryan v Kubot/Peya,20,2016-06-02 18:49:46.668,4.4,2016-06-03 13:00:00,
1.125111259,11208988,Kubot/Peya,Bryan/Bryan v Kubot/Peya,30,2016-06-02 23:07:41.822,4.1,2016-06-03 13:00:00,
1.125111259,11208988,Kubot/Peya,Bryan/Bryan v Kubot/Peya,40,2016-06-03 06:23:48.179,4.1,2016-06-03 13:00:00,
1.125111259,11208988,Kubot/Peya,Bryan/Bryan v Kubot/Peya,50,2016-06-03 07:32:18.842,4.4,2016-06-03 13:00:00,
1.125111259,11208988,Kubot/Peya,Bryan/Bryan v Kubot/Peya,60,2016-06-03 08:14:22.354,4.1,2016-06-03 13:00:00,
1.125111259,11208988,Kubot/Peya,Bryan/Bryan v Kubot/Peya,70,2016-06-03 08:31:58.212,4.4,2016-06-03 13:00:00,
1.125111259,11208988,Kubot/Peya,Bryan/Bryan v Kubot/Peya,80,2016-06-03 10:02:49.380,4.5,2016-06-03 13:00:00,
1.125111259,11208988,Kubot/Peya,Bryan/Bryan v Kubot/Peya,90,2016-06-03 11:42:44.078,4.4,2016-06-03 12:55:00,
1.125111259,11208988,Kubot/Peya,Bryan/Bryan v Kubot/Peya,100,2016-06-03 13:09:29.168,4.4,2016-06-03 13:10:00,
1.125111276,2263599,Albert Montanes,Albot v Montanes,0,2016-06-02 18:31:09.327,2.0,2016-06-03 11:00:00,
1.125111276,2263599,Albert Montanes,Albot v Montanes,10,2016-06-02 22:05:12.995,1.93,2016-06-03 11:00:00,
1.125111276,2263599,Albert Montanes,Albot v Montanes,20,2016-06-02 23:43:54.717,1.92,2016-06-03 11:00:00,
1.125111276,2263599,Albert Montanes,Albot v Montanes,30,2016-06-03 04:00:32.617,1.85,2016-06-03 11:00:00,
1.125111276,2263599,Albert Montanes,Albot v Montanes,40,2016-06-03 07:40:07.700,1.87,2016-06-03 11:00:00,
1.125111276,2263599,Albert Montanes,Albot v Montanes,50,2016-06-03 09:20:05.087,1.9,2016-06-03 11:00:00,
1.125111276,2263599,Albert Montanes,Albot v Montanes,60,2016-06-03 09:45:13.546,1.92,2016-06-03 11:00:00,
1.125111276,2263599,Albert Montanes,Albot v Montanes,70,2016-06-03 10:07:55.991,1.89,2016-06-03 11:00:00,
1.125111276,2263599,Albert Montanes,Albot v Montanes,80,2016-06-03 10:16:54.708,1.85,2016-06-03 11:00:00,
1.125111276,2263599,Albert Montanes,Albot v Montanes,90,2016-06-03 10:36:52.176,1.82,2016-06-03 11:00:00,
1.125111276,2263599,Albert Montanes,Albot v Montanes,100,2016-06-03 11:04:09.842,1.8,2016-06-03 11:15:00,
1.125111276,6603898,Radu Albot,Albot v Montanes,0,2016-06-02 18:31:09.327,2.0,2016-06-03 11:00:00,
1.125111276,6603898,Radu Albot,Albot v Montanes,10,2016-06-02 22:07:10.458,2.18,2016-06-03 11:00:00,
1.125111276,6603898,Radu Albot,Albot v Montanes,20,2016-06-03 03:14:11.022,1.98,2016-06-03 11:00:00,
1.125111276,6603898,Radu Albot,Albot v Montanes,30,2016-06-03 07:18:40.040,2.12,2016-06-03 11:00:00,
1.125111276,6603898,Radu Albot,Albot v Montanes,40,2016-06-03 07:59:12.759,2.08,2016-06-03 11:00:00,
1.125111276,6603898,Radu Albot,Albot v Montanes,50,2016-06-03 09:00:58.785,2.12,2016-06-03 11:00:00,
1.125111276,6603898,Radu Albot,Albot v Montanes,60,2016-06-03 09:43:41.427,2.08,2016-06-03 11:00:00,
1.125111276,6603898,Radu Albot,Albot v Montanes,70,2016-06-03 09:54:04.216,2.1,2016-06-03 11:00:00,
1.125111276,6603898,Radu Albot,Albot v Montanes,80,2016-06-03 10:30:42.581,2.26,2016-06-03 11:00:00,
1.125111276,6603898,Radu Albot,Albot v Montanes,90,2016-06-03 10:36:52.176,2.22,2016-06-03 11:00:00,
1.125111276,6603898,Radu Albot,Albot v Montanes,100,2016-06-03 11:04:09.842,2.24,2016-06-03 11:15:00,
1.125111306,2609424,Mikhail Kukushkin,Kukushkin v Vesely,0,2016-06-01 21:18:22.087,2.6,2016-06-02 13:00:00,
1.125111306,2609424,Mikhail Kukushkin,Kukushkin v Vesely,10,2016-06-02 06:50:59.288,2.44,2016-06-02 13:00:00,
1.125111306,2609424,Mikhail Kukushkin,Kukushkin v Vesely,20,2016-06-02 07:32:03.579,2.62,2016-06-02 13:00:00,
1.125111306,2609424,Mikhail Kukushkin,Kukushkin v Vesely,30,2016-06-02 08:32:45.390,2.58,2016-06-02 13:00:00,
1.125111306,2609424,Mikhail Kukushkin,Kukushkin v Vesely,40,2016-06-02 08:56:21.124,2.6,2016-06-02 12:52:00,
1.125111306,2609424,Mikhail Kukushkin,Kukushkin v Vesely,50,2016-06-02 09:41:31.471,2.62,2016-06-02 12:52:00,
1.125111306,2609424,Mikhail Kukushkin,Kukushkin v Vesely,60,2016-06-02 10:06:55.298,2.62,2016-06-02 12:52:00,
1.125111306,2609424,Mikhail Kukushkin,Kukushkin v Vesely,70,2016-06-02 11:49:10.977,2.6,2016-06-02 13:08:00,
1.125111306,2609424,Mikhail Kukushkin,Kukushkin v Vesely,80,2016-06-02 12:07:58.439,2.68,2016-06-02 13:08:00,
1.125111306,2609424,Mikhail Kukushkin,Kukushkin v Vesely,90,2016-06-02 13:37:59.888,2.7,2016-06-02 13:38:00,
1.125111306,2609424,Mikhail Kukushkin,Kukushkin v Vesely,100,2016-06-02 14:06:08.231,2.7,2016-06-02 14:08:00,
1.125111306,7032143,Jiri Vesely,Kukushkin v Vesely,0,2016-06-01 21:07:50.398,1.66,2016-06-02 13:00:00,
1.125111306,7032143,Jiri Vesely,Kukushkin v Vesely,10,2016-06-01 22:16:35.590,1.6,2016-06-02 13:00:00,
1.125111306,7032143,Jiri Vesely,Kukushkin v Vesely,20,2016-06-02 03:59:47.332,1.55,2016-06-02 13:00:00,
1.125111306,7032143,Jiri Vesely,Kukushkin v Vesely,30,2016-06-02 08:01:11.085,1.69,2016-06-02 13:00:00,
1.125111306,7032143,Jiri Vesely,Kukushkin v Vesely,40,2016-06-02 08:33:54.097,1.66,2016-06-02 13:00:00,
1.125111306,7032143,Jiri Vesely,Kukushkin v Vesely,50,2016-06-02 09:28:37.869,1.62,2016-06-02 12:52:00,
1.125111306,7032143,Jiri Vesely,Kukushkin v Vesely,60,2016-06-02 10:49:00.650,1.63,2016-06-02 12:52:00,
1.125111306,7032143,Jiri Vesely,Kukushkin v Vesely,70,2016-06-02 12:07:58.439,1.6,2016-06-02 13:08:00,
1.125111306,7032143,Jiri Vesely,Kukushkin v Vesely,80,2016-06-02 13:04:37.045,1.56,2016-06-02 13:08:00,
1.125111306,7032143,Jiri Vesely,Kukushkin v Vesely,90,2016-06-02 14:04:06.717,1.49,2016-06-02 14:08:00,
1.125111306,7032143,Jiri Vesely,Kukushkin v Vesely,100,2016-06-02 14:10:09.118,1.59,2016-06-02 14:13:00,
1.125111319,10801160,Gonzalez/Martinez,Krawietz/Marcan v Gonzalez/Martinez,0,2016-06-02 14:16:56.843,1.69,2016-06-02 14:24:00,
1.125111319,10801160,Gonzalez/Martinez,Krawietz/Marcan v Gonzalez/Martinez,10,2016-06-02 21:57:18.781,1.45,2016-06-03 15:00:00,2016-06-02 15:16:56.196
1.125111319,10801160,Gonzalez/Martinez,Krawietz/Marcan v Gonzalez/Martinez,20,2016-06-03 05:54:12.565,2.18,2016-06-03 15:00:00,2016-06-02 15:16:56.196
1.125111319,10801160,Gonzalez/Martinez,Krawietz/Marcan v Gonzalez/Martinez,30,2016-06-03 07:55:40.779,1.54,2016-06-03 15:00:00,2016-06-02 15:16:56.196
1.125111319,10801160,Gonzalez/Martinez,Krawietz/Marcan v Gonzalez/Martinez,40,2016-06-03 09:35:27.283,1.19,2016-06-03 15:00:00,2016-06-02 15:16:56.196
1.125111319,10801160,Gonzalez/Martinez,Krawietz/Marcan v Gonzalez/Martinez,50,2016-06-03 10:50:28.214,1.5,2016-06-03 15:00:00,2016-06-02 15:16:56.196
1.125111319,10801160,Gonzalez/Martinez,Krawietz/Marcan v Gonzalez/Martinez,60,2016-06-03 11:36:47.595,1.63,2016-06-03 15:00:00,2016-06-02 15:16:56.196
1.125111319,10801160,Gonzalez/Martinez,Krawietz/Marcan v Gonzalez/Martinez,70,2016-06-03 13:20:24.791,1.45,2016-06-03 15:30:00,2016-06-02 15:16:56.196
1.125111319,10801160,Gonzalez/Martinez,Krawietz/Marcan v Gonzalez/Martinez,80,2016-06-03 15:01:05.112,1.18,2016-06-03 16:13:00,2016-06-02 15:16:56.196
1.125111319,10801160,Gonzalez/Martinez,Krawietz/Marcan v Gonzalez/Martinez,90,2016-06-03 15:06:57.732,1.19,2016-06-03 16:13:00,2016-06-02 15:16:56.196
1.125111319,10801160,Gonzalez/Martinez,Krawietz/Marcan v Gonzalez/Martinez,100,2016-06-03 17:13:02.015,2.0,2016-06-03 17:19:00,2016-06-02 15:16:56.196
1.125111319,11180537,Krawietz/Marcan,Krawietz/Marcan v Gonzalez/Martinez,0,2016-06-02 12:58:52.675,2.06,2016-06-02 14:24:00,
1.125111319,11180537,Krawietz/Marcan,Krawietz/Marcan v Gonzalez/Martinez,10,2016-06-02 12:59:05.372,2.04,2016-06-02 14:24:00,
1.125111319,11180537,Krawietz/Marcan,Krawietz/Marcan v Gonzalez/Martinez,20,2016-06-02 20:28:13.932,1.7,2016-06-03 15:00:00,2016-06-02 15:16:56.196
1.125111319,11180537,Krawietz/Marcan,Krawietz/Marcan v Gonzalez/Martinez,30,2016-06-02 20:53:01.075,1.81,2016-06-03 15:00:00,2016-06-02 15:16:56.196
1.125111319,11180537,Krawietz/Marcan,Krawietz/Marcan v Gonzalez/Martinez,40,2016-06-02 21:57:18.781,3.25,2016-06-03 15:00:00,2016-06-02 15:16:56.196
1.125111319,11180537,Krawietz/Marcan,Krawietz/Marcan v Gonzalez/Martinez,50,2016-06-03 06:22:27.811,2.34,2016-06-03 15:00:00,2016-06-02 15:16:56.196
1.125111319,11180537,Krawietz/Marcan,Krawietz/Marcan v Gonzalez/Martinez,60,2016-06-03 07:07:01.055,2.0,2016-06-03 15:00:00,2016-06-02 15:16:56.196
1.125111319,11180537,Krawietz/Marcan,Krawietz/Marcan v Gonzalez/Martinez,70,2016-06-03 07:55:40.779,2.82,2016-06-03 15:00:00,2016-06-02 15:16:56.196
1.125111319,11180537,Krawietz/Marcan,Krawietz/Marcan v Gonzalez/Martinez,80,2016-06-03 10:46:22.854,3.0,2016-06-03 15:00:00,2016-06-02 15:16:56.196
1.125111319,11180537,Krawietz/Marcan,Krawietz/Marcan v Gonzalez/Martinez,90,2016-06-03 15:05:55.395,4.8,2016-06-03 16:13:00,2016-06-02 15:16:56.196
1.125111319,11180537,Krawietz/Marcan,Krawietz/Marcan v Gonzalez/Martinez,100,2016-06-03 17:21:36.222,1.4,2016-06-03 17:34:00,2016-06-02 15:16:56.196
1.125111365,11241749,Junaid/Reyes-varela,Junaid/Reyes-varela v Arnaboldi/Satschko,0,2016-06-02 14:16:56.891,1.65,2016-06-02 14:22:00,
1.125111365,11241749,Junaid/Reyes-varela,Junaid/Reyes-varela v Arnaboldi/Satschko,10,2016-06-02 18:52:41.722,1.25,2016-06-03 14:51:00,2016-06-02 15:17:06.452
1.125111365,11241749,Junaid/Reyes-varela,Junaid/Reyes-varela v Arnaboldi/Satschko,20,2016-06-02 19:14:06.879,1.22,2016-06-03 14:51:00,2016-06-02 15:17:06.452
1.125111365,11241749,Junaid/Reyes-varela,Junaid/Reyes-varela v Arnaboldi/Satschko,30,2016-06-02 20:50:03.836,1.22,2016-06-03 14:51:00,2016-06-02 15:17:06.452
1.125111365,11241749,Junaid/Reyes-varela,Junaid/Reyes-varela v Arnaboldi/Satschko,40,2016-06-02 22:06:50.528,1.23,2016-06-03 14:51:00,2016-06-02 15:17:06.452
1.125111365,11241749,Junaid/Reyes-varela,Junaid/Reyes-varela v Arnaboldi/Satschko,50,2016-06-03 00:57:00.238,1.17,2016-06-03 14:51:00,2016-06-02 15:17:06.452
1.125111365,11241749,Junaid/Reyes-varela,Junaid/Reyes-varela v Arnaboldi/Satschko,60,2016-06-03 04:39:03.234,1.19,2016-06-03 11:00:00,2016-06-02 15:17:06.452
1.125111365,11241749,Junaid/Reyes-varela,Junaid/Reyes-varela v Arnaboldi/Satschko,70,2016-06-03 06:27:47.009,1.21,2016-06-03 11:00:00,2016-06-02 15:17:06.452
1.125111365,11241749,Junaid/Reyes-varela,Junaid/Reyes-varela v Arnaboldi/Satschko,80,2016-06-03 07:53:53.522,1.2,2016-06-03 11:00:00,2016-06-02 15:17:06.452
1.125111365,11241749,Junaid/Reyes-varela,Junaid/Reyes-varela v Arnaboldi/Satschko,90,2016-06-03 09:26:34.409,1.16,2016-06-03 11:00:00,2016-06-02 15:17:06.452
1.125111365,11241749,Junaid/Reyes-varela,Junaid/Reyes-varela v Arnaboldi/Satschko,100,2016-06-03 10:59:55.322,1.19,2016-06-03 11:00:00,2016-06-02 15:17:06.452
1.125111365,11241751,Arnaboldi/Satschko,Junaid/Reyes-varela v Arnaboldi/Satschko,0,2016-06-02 17:41:53.633,6.0,2016-06-03 14:51:00,2016-06-02 15:17:06.452
1.125111365,11241751,Arnaboldi/Satschko,Junaid/Reyes-varela v Arnaboldi/Satschko,10,2016-06-02 18:27:05.763,5.0,2016-06-03 14:51:00,2016-06-02 15:17:06.452
1.125111365,11241751,Arnaboldi/Satschko,Junaid/Reyes-varela v Arnaboldi/Satschko,20,2016-06-02 18:55:02.761,6.0,2016-06-03 14:51:00,2016-06-02 15:17:06.452
1.125111365,11241751,Arnaboldi/Satschko,Junaid/Reyes-varela v Arnaboldi/Satschko,30,2016-06-02 20:16:38.225,5.8,2016-06-03 14:51:00,2016-06-02 15:17:06.452
1.125111365,11241751,Arnaboldi/Satschko,Junaid/Reyes-varela v Arnaboldi/Satschko,40,2016-06-02 21:35:51.888,5.3,2016-06-03 14:51:00,2016-06-02 15:17:06.452
1.125111365,11241751,Arnaboldi/Satschko,Junaid/Reyes-varela v Arnaboldi/Satschko,50,2016-06-02 22:24:01.821,6.4,2016-06-03 14:51:00,2016-06-02 15:17:06.452
1.125111365,11241751,Arnaboldi/Satschko,Junaid/Reyes-varela v Arnaboldi/Satschko,60,2016-06-03 03:32:47.486,6.6,2016-06-03 11:00:00,2016-06-02 15:17:06.452
1.125111365,11241751,Arnaboldi/Satschko,Junaid/Reyes-varela v Arnaboldi/Satschko,70,2016-06-03 06:44:20.194,6.0,2016-06-03 11:00:00,2016-06-02 15:17:06.452
1.125111365,11241751,Arnaboldi/Satschko,Junaid/Reyes-varela v Arnaboldi/Satschko,80,2016-06-03 07:43:46.224,5.7,2016-06-03 11:00:00,2016-06-02 15:17:06.452
1.125111365,11241751,Arnaboldi/Satschko,Junaid/Reyes-varela v Arnaboldi/Satschko,90,2016-06-03 09:10:50.479,6.2,2016-06-03 11:00:00,2016-06-02 15:17:06.452
1.125111365,11241751,Arnaboldi/Satschko,Junaid/Reyes-varela v Arnaboldi/Satschko,100,2016-06-03 10:28:04.387,6.2,2016-06-03 11:00:00,2016-06-02 15:17:06.452
1.125111377,2258415,Lukas Rosol,Khachanov v Rosol,0,2016-06-01 21:38:04.198,1.67,2016-06-02 15:00:00,
1.125111377,2258415,Lukas Rosol,Khachanov v Rosol,10,2016-06-02 03:43:16.545,1.62,2016-06-02 15:00:00,
1.125111377,2258415,Lukas Rosol,Khachanov v Rosol,20,2016-06-02 08:51:55.157,1.69,2016-06-02 15:00:00,
1.125111377,2258415,Lukas Rosol,Khachanov v Rosol,30,2016-06-02 10:52:34.647,1.68,2016-06-02 14:52:00,
1.125111377,2258415,Lukas Rosol,Khachanov v Rosol,40,2016-06-02 11:59:45.141,1.63,2016-06-02 15:08:00,
1.125111377,2258415,Lukas Rosol,Khachanov v Rosol,50,2016-06-02 12:42:25.640,1.62,2016-06-02 15:08:00,
1.125111377,2258415,Lukas Rosol,Khachanov v Rosol,60,2016-06-02 14:09:55.042,1.62,2016-06-02 16:13:00,
1.125111377,2258415,Lukas Rosol,Khachanov v Rosol,70,2016-06-02 15:35:49.528,1.61,2016-06-02 16:13:00,
1.125111377,2258415,Lukas Rosol,Khachanov v Rosol,80,2016-06-02 16:06:48.252,1.56,2016-06-02 16:13:00,
1.125111377,2258415,Lukas Rosol,Khachanov v Rosol,90,2016-06-02 16:18:53.114,1.6,2016-06-02 16:28:00,
1.125111377,2258415,Lukas Rosol,Khachanov v Rosol,100,2016-06-02 16:35:54.348,1.57,2016-06-02 16:36:00,
1.125111377,7659623,Karen Khachanov,Khachanov v Rosol,0,2016-06-01 21:38:04.198,2.48,2016-06-02 15:00:00,
1.125111377,7659623,Karen Khachanov,Khachanov v Rosol,10,2016-06-02 01:59:19.000,2.5,2016-06-02 15:00:00,
1.125111377,7659623,Karen Khachanov,Khachanov v Rosol,20,2016-06-02 08:00:53.549,2.5,2016-06-02 15:00:00,
1.125111377,7659623,Karen Khachanov,Khachanov v Rosol,30,2016-06-02 08:55:11.784,2.42,2016-06-02 14:52:00,
1.125111377,7659623,Karen Khachanov,Khachanov v Rosol,40,2016-06-02 09:46:51.878,2.44,2016-06-02 14:52:00,
1.125111377,7659623,Karen Khachanov,Khachanov v Rosol,50,2016-06-02 11:56:51.046,2.6,2016-06-02 15:08:00,
1.125111377,7659623,Karen Khachanov,Khachanov v Rosol,60,2016-06-02 12:20:32.799,2.58,2016-06-02 15:08:00,
1.125111377,7659623,Karen Khachanov,Khachanov v Rosol,70,2016-06-02 14:09:55.042,2.6,2016-06-02 16:13:00,
1.125111377,7659623,Karen Khachanov,Khachanov v Rosol,80,2016-06-02 15:30:43.215,2.62,2016-06-02 16:13:00,
1.125111377,7659623,Karen Khachanov,Khachanov v Rosol,90,2016-06-02 16:23:49.767,2.6,2016-06-02 16:28:00,
1.125111377,7659623,Karen Khachanov,Khachanov v Rosol,100,2016-06-02 16:35:54.348,2.74,2016-06-02 16:36:00,
1.125111399,2248502,Samantha Stosur,Muguruza v Stosur,0,2016-06-01 18:59:23.537,3.45,2016-06-02 12:00:00,
1.125111399,2248502,Samantha Stosur,Muguruza v Stosur,10,2016-06-02 02:38:49.908,3.5,2016-06-03 12:00:00,
1.125111399,2248502,Samantha Stosur,Muguruza v Stosur,20,2016-06-02 11:15:27.895,3.6,2016-06-03 12:00:00,
1.125111399,2248502,Samantha Stosur,Muguruza v Stosur,30,2016-06-02 20:34:56.125,3.8,2016-06-03 11:00:00,
1.125111399,2248502,Samantha Stosur,Muguruza v Stosur,40,2016-06-02 22:38:31.389,3.9,2016-06-03 11:00:00,
1.125111399,2248502,Samantha Stosur,Muguruza v Stosur,50,2016-06-03 04:04:45.870,3.8,2016-06-03 11:00:00,
1.125111399,2248502,Samantha Stosur,Muguruza v Stosur,60,2016-06-03 07:02:06.926,3.9,2016-06-03 11:00:00,
1.125111399,2248502,Samantha Stosur,Muguruza v Stosur,70,2016-06-03 08:31:33.258,3.9,2016-06-03 11:00:00,
1.125111399,2248502,Samantha Stosur,Muguruza v Stosur,80,2016-06-03 09:53:25.258,3.85,2016-06-03 11:00:00,
1.125111399,2248502,Samantha Stosur,Muguruza v Stosur,90,2016-06-03 10:25:31.491,3.75,2016-06-03 11:00:00,
1.125111399,2248502,Samantha Stosur,Muguruza v Stosur,100,2016-06-03 11:04:32.018,3.7,2016-06-03 11:15:00,
1.125111399,8735952,Garbiñe Muguruza,Muguruza v Stosur,0,2016-06-01 18:58:32.780,1.43,2016-06-02 12:00:00,
1.125111399,8735952,Garbiñe Muguruza,Muguruza v Stosur,10,2016-06-01 22:57:36.876,1.41,2016-06-02 12:00:00,
1.125111399,8735952,Garbiñe Muguruza,Muguruza v Stosur,20,2016-06-02 10:32:31.047,1.39,2016-06-03 12:00:00,
1.125111399,8735952,Garbiñe Muguruza,Muguruza v Stosur,30,2016-06-02 17:45:07.866,1.37,2016-06-03 12:00:00,
1.125111399,8735952,Garbiñe Muguruza,Muguruza v Stosur,40,2016-06-02 21:02:03.979,1.35,2016-06-03 11:00:00,
1.125111399,8735952,Garbiñe Muguruza,Muguruza v Stosur,50,2016-06-03 02:35:11.349,1.36,2016-06-03 11:00:00,
1.125111399,8735952,Garbiñe Muguruza,Muguruza v Stosur,60,2016-06-03 07:32:38.244,1.35,2016-06-03 11:00:00,
1.125111399,8735952,Garbiñe Muguruza,Muguruza v Stosur,70,2016-06-03 08:53:34.010,1.35,2016-06-03 11:00:00,
1.125111399,8735952,Garbiñe Muguruza,Muguruza v Stosur,80,2016-06-03 09:32:27.498,1.34,2016-06-03 11:00:00,
1.125111399,8735952,Garbiñe Muguruza,Muguruza v Stosur,90,2016-06-03 10:17:56.518,1.35,2016-06-03 11:00:00,
1.125111399,8735952,Garbiñe Muguruza,Muguruza v Stosur,100,2016-06-03 11:04:32.018,1.36,2016-06-03 11:15:00,
1.125115344,6195133,Dodig/Melo,Lopez/Lopez v Dodig/Melo,0,2016-06-02 19:58:10.078,1.66,2016-06-03 11:00:00,
1.125115344,6195133,Dodig/Melo,Lopez/Lopez v Dodig/Melo,10,2016-06-02 21:45:01.365,1.7,2016-06-03 11:00:00,
1.125115344,6195133,Dodig/Melo,Lopez/Lopez v Dodig/Melo,20,2016-06-03 02:04:50.318,1.66,2016-06-03 11:00:00,
1.125115344,6195133,Dodig/Melo,Lopez/Lopez v Dodig/Melo,30,2016-06-03 08:46:42.685,1.76,2016-06-03 11:00:00,
1.125115344,6195133,Dodig/Melo,Lopez/Lopez v Dodig/Melo,40,2016-06-03 09:08:33.577,1.66,2016-06-03 11:00:00,
1.125115344,6195133,Dodig/Melo,Lopez/Lopez v Dodig/Melo,50,2016-06-03 09:46:59.875,1.66,2016-06-03 11:00:00,
1.125115344,6195133,Dodig/Melo,Lopez/Lopez v Dodig/Melo,60,2016-06-03 10:07:01.549,1.8,2016-06-03 11:00:00,
1.125115344,6195133,Dodig/Melo,Lopez/Lopez v Dodig/Melo,70,2016-06-03 10:07:55.940,1.67,2016-06-03 11:00:00,
1.125115344,6195133,Dodig/Melo,Lopez/Lopez v Dodig/Melo,80,2016-06-03 10:17:51.527,1.74,2016-06-03 11:00:00,
1.125115344,6195133,Dodig/Melo,Lopez/Lopez v Dodig/Melo,90,2016-06-03 10:31:50.290,1.68,2016-06-03 11:00:00,
1.125115344,6195133,Dodig/Melo,Lopez/Lopez v Dodig/Melo,100,2016-06-03 10:59:51.191,1.7,2016-06-03 11:00:00,
1.125116964,2489416,Maximo Gonzalez,G Melzer v Ma Gonzalez,0,2016-06-03 04:50:21.186,2.18,2016-06-03 13:00:00,
1.125116964,2489416,Maximo Gonzalez,G Melzer v Ma Gonzalez,10,2016-06-03 08:00:25.135,2.12,2016-06-03 13:00:00,
1.125116964,2489416,Maximo Gonzalez,G Melzer v Ma Gonzalez,20,2016-06-03 08:27:12.147,2.18,2016-06-03 13:00:00,
1.125116964,2489416,Maximo Gonzalez,G Melzer v Ma Gonzalez,30,2016-06-03 09:09:50.133,2.24,2016-06-03 13:00:00,
1.125116964,2489416,Maximo Gonzalez,G Melzer v Ma Gonzalez,40,2016-06-03 10:56:17.459,2.24,2016-06-03 13:00:00,
1.125116964,2489416,Maximo Gonzalez,G Melzer v Ma Gonzalez,50,2016-06-03 11:20:01.668,2.24,2016-06-03 13:00:00,
1.125116964,2489416,Maximo Gonzalez,G Melzer v Ma Gonzalez,60,2016-06-03 11:39:55.943,2.24,2016-06-03 13:00:00,
1.125116964,2489416,Maximo Gonzalez,G Melzer v Ma Gonzalez,70,2016-06-03 11:53:50.344,2.22,2016-06-03 13:00:00,
1.125116964,2489416,Maximo Gonzalez,G Melzer v Ma Gonzalez,80,2016-06-03 12:48:01.142,2.22,2016-06-03 13:00:00,
1.125116964,2489416,Maximo Gonzalez,G Melzer v Ma Gonzalez,90,2016-06-03 12:55:00.425,2.12,2016-06-03 13:00:00,
1.125116964,2489416,Maximo Gonzalez,G Melzer v Ma Gonzalez,100,2016-06-03 14:07:01.295,2.12,2016-06-03 14:10:00,
1.125116964,4876705,Gerald Melzer,G Melzer v Ma Gonzalez,0,2016-06-02 18:57:51.443,1.85,2016-06-03 13:00:00,
1.125116964,4876705,Gerald Melzer,G Melzer v Ma Gonzalez,10,2016-06-02 21:16:54.516,1.91,2016-06-03 13:00:00,
1.125116964,4876705,Gerald Melzer,G Melzer v Ma Gonzalez,20,2016-06-03 07:25:55.107,1.88,2016-06-03 13:00:00,
1.125116964,4876705,Gerald Melzer,G Melzer v Ma Gonzalez,30,2016-06-03 08:46:54.169,1.84,2016-06-03 13:00:00,
1.125116964,4876705,Gerald Melzer,G Melzer v Ma Gonzalez,40,2016-06-03 10:52:11.633,1.82,2016-06-03 13:00:00,
1.125116964,4876705,Gerald Melzer,G Melzer v Ma Gonzalez,50,2016-06-03 11:39:00.398,1.81,2016-06-03 13:00:00,
1.125116964,4876705,Gerald Melzer,G Melzer v Ma Gonzalez,60,2016-06-03 11:45:57.052,1.83,2016-06-03 13:00:00,
1.125116964,4876705,Gerald Melzer,G Melzer v Ma Gonzalez,70,2016-06-03 12:17:37.385,1.79,2016-06-03 13:00:00,
1.125116964,4876705,Gerald Melzer,G Melzer v Ma Gonzalez,80,2016-06-03 12:50:58.437,1.89,2016-06-03 13:00:00,
1.125116964,4876705,Gerald Melzer,G Melzer v Ma Gonzalez,90,2016-06-03 13:01:33.391,1.9,2016-06-03 13:15:00,
1.125116964,4876705,Gerald Melzer,G Melzer v Ma Gonzalez,100,2016-06-03 14:07:01.295,1.89,2016-06-03 14:10:00,
1.125118898,2370329,James Ward,J Ward v Du Brown,0,2016-06-03 03:07:58.390,2.9,2016-06-03 12:00:00,
1.125118898,2370329,James Ward,J Ward v Du Brown,10,2016-06-03 07:45:10.969,2.78,2016-06-03 12:00:00,
1.125118898,2370329,James Ward,J Ward v Du Brown,20,2016-06-03 07:45:58.815,2.74,2016-06-03 12:00:00,
1.125118898,2370329,James Ward,J Ward v Du Brown,30,2016-06-03 08:03:12.055,2.68,2016-06-03 12:00:00,
1.125118898,2370329,James Ward,J Ward v Du Brown,40,2016-06-03 08:23:14.458,3.05,2016-06-03 12:00:00,
1.125118898,2370329,James Ward,J Ward v Du Brown,50,2016-06-03 08:27:43.617,3.0,2016-06-03 12:00:00,
1.125118898,2370329,James Ward,J Ward v Du Brown,60,2016-06-03 09:03:35.439,2.68,2016-06-03 12:00:00,
1.125118898,2370329,James Ward,J Ward v Du Brown,70,2016-06-03 09:07:35.310,2.66,2016-06-03 12:00:00,
1.125118898,2370329,James Ward,J Ward v Du Brown,80,2016-06-03 09:10:03.938,2.68,2016-06-03 12:00:00,
1.125118898,2370329,James Ward,J Ward v Du Brown,90,2016-06-03 10:01:18.925,2.96,2016-06-03 11:56:00,
1.125118898,2370329,James Ward,J Ward v Du Brown,100,2016-06-03 11:27:52.717,2.82,2016-06-03 11:56:00,
1.125118898,4486603,Dustin Brown,J Ward v Du Brown,0,2016-06-02 19:47:09.641,1.46,2016-06-03 12:00:00,
1.125118898,4486603,Dustin Brown,J Ward v Du Brown,10,2016-06-02 21:03:42.460,1.52,2016-06-03 12:00:00,
1.125118898,4486603,Dustin Brown,J Ward v Du Brown,20,2016-06-02 22:08:01.810,1.52,2016-06-03 12:00:00,
1.125118898,4486603,Dustin Brown,J Ward v Du Brown,30,2016-06-03 03:07:58.390,1.52,2016-06-03 12:00:00,
1.125118898,4486603,Dustin Brown,J Ward v Du Brown,40,2016-06-03 07:14:00.447,1.48,2016-06-03 12:00:00,
1.125118898,4486603,Dustin Brown,J Ward v Du Brown,50,2016-06-03 07:45:58.815,1.57,2016-06-03 12:00:00,
1.125118898,4486603,Dustin Brown,J Ward v Du Brown,60,2016-06-03 08:33:50.576,1.5,2016-06-03 12:00:00,
1.125118898,4486603,Dustin Brown,J Ward v Du Brown,70,2016-06-03 09:07:35.310,1.6,2016-06-03 12:00:00,
1.125118898,4486603,Dustin Brown,J Ward v Du Brown,80,2016-06-03 09:36:27.542,1.61,2016-06-03 12:00:00,
1.125118898,4486603,Dustin Brown,J Ward v Du Brown,90,2016-06-03 10:11:16.901,1.49,2016-06-03 11:56:00,
1.125118898,4486603,Dustin Brown,J Ward v Du Brown,100,2016-06-03 11:27:52.717,1.57,2016-06-03 11:56:00,
1.125118912,9169651,Hingis/Paes,Hlavackova/Roger-vassel v Hingis/Paes,0,2016-06-02 14:17:22.972,1.35,2016-06-02 15:00:00,
1.125118912,9169651,Hingis/Paes,Hlavackova/Roger-vassel v Hingis/Paes,10,2016-06-02 14:27:08.647,1.42,2016-06-02 15:00:00,
1.125118912,9169651,Hingis/Paes,Hlavackova/Roger-vassel v Hingis/Paes,20,2016-06-02 14:52:22.271,1.43,2016-06-02 15:00:00,
1.125118912,9169651,Hingis/Paes,Hlavackova/Roger-vassel v Hingis/Paes,30,2016-06-02 15:00:13.811,1.45,2016-06-02 15:15:00,
1.125118912,9169651,Hingis/Paes,Hlavackova/Roger-vassel v Hingis/Paes,40,2016-06-02 15:49:17.495,1.44,2016-06-02 16:00:00,
1.125118912,9169651,Hingis/Paes,Hlavackova/Roger-vassel v Hingis/Paes,50,2016-06-02 15:54:25.112,1.5,2016-06-02 16:00:00,
1.125118912,9169651,Hingis/Paes,Hlavackova/Roger-vassel v Hingis/Paes,60,2016-06-02 15:56:24.571,1.51,2016-06-02 16:00:00,
1.125118912,9169651,Hingis/Paes,Hlavackova/Roger-vassel v Hingis/Paes,70,2016-06-02 16:05:06.790,1.52,2016-06-02 16:15:00,
1.125118912,9169651,Hingis/Paes,Hlavackova/Roger-vassel v Hingis/Paes,80,2016-06-02 16:14:15.676,1.57,2016-06-02 16:15:00,
1.125118912,9169651,Hingis/Paes,Hlavackova/Roger-vassel v Hingis/Paes,90,2016-06-02 16:15:19.940,1.48,2016-06-02 16:30:00,
1.125118912,9169651,Hingis/Paes,Hlavackova/Roger-vassel v Hingis/Paes,100,2016-06-02 16:17:23.959,1.58,2016-06-02 16:30:00,
1.125119603,2548781,Polona Hercog,K Kucova v Hercog,0,2016-06-02 16:59:32.857,1.88,2016-06-03 12:00:00,
1.125119603,2548781,Polona Hercog,K Kucova v Hercog,10,2016-06-02 18:34:00.863,1.87,2016-06-03 12:00:00,
1.125119603,2548781,Polona Hercog,K Kucova v Hercog,20,2016-06-02 21:11:45.388,1.87,2016-06-03 12:00:00,
1.125119603,2548781,Polona Hercog,K Kucova v Hercog,30,2016-06-03 01:57:00.800,1.73,2016-06-03 12:00:00,
1.125119603,2548781,Polona Hercog,K Kucova v Hercog,40,2016-06-03 07:21:55.658,1.8,2016-06-03 12:00:00,
1.125119603,2548781,Polona Hercog,K Kucova v Hercog,50,2016-06-03 08:50:51.334,1.82,2016-06-03 12:00:00,
1.125119603,2548781,Polona Hercog,K Kucova v Hercog,60,2016-06-03 08:55:19.772,1.8,2016-06-03 12:00:00,
1.125119603,2548781,Polona Hercog,K Kucova v Hercog,70,2016-06-03 09:05:03.833,1.79,2016-06-03 12:00:00,
1.125119603,2548781,Polona Hercog,K Kucova v Hercog,80,2016-06-03 09:50:34.491,1.79,2016-06-03 12:00:00,
1.125119603,2548781,Polona Hercog,K Kucova v Hercog,90,2016-06-03 10:37:34.946,1.79,2016-06-03 11:51:00,
1.125119603,2548781,Polona Hercog,K Kucova v Hercog,100,2016-06-03 11:32:51.735,1.77,2016-06-03 11:34:00,
1.125119603,3990441,Kristina Kucova,K Kucova v Hercog,0,2016-06-03 03:50:20.934,2.36,2016-06-03 12:00:00,
1.125119603,3990441,Kristina Kucova,K Kucova v Hercog,10,2016-06-03 06:52:13.190,2.22,2016-06-03 12:00:00,
1.125119603,3990441,Kristina Kucova,K Kucova v Hercog,20,2016-06-03 07:21:55.658,2.24,2016-06-03 12:00:00,
1.125119603,3990441,Kristina Kucova,K Kucova v Hercog,30,2016-06-03 07:31:12.688,2.2,2016-06-03 12:00:00,
1.125119603,3990441,Kristina Kucova,K Kucova v Hercog,40,2016-06-03 08:16:03.886,2.24,2016-06-03 12:00:00,
1.125119603,3990441,Kristina Kucova,K Kucova v Hercog,50,2016-06-03 08:48:57.932,2.2,2016-06-03 12:00:00,
1.125119603,3990441,Kristina Kucova,K Kucova v Hercog,60,2016-06-03 08:50:51.334,2.22,2016-06-03 12:00:00,
1.125119603,3990441,Kristina Kucova,K Kucova v Hercog,70,2016-06-03 08:54:31.096,2.24,2016-06-03 12:00:00,
1.125119603,3990441,Kristina Kucova,K Kucova v Hercog,80,2016-06-03 09:05:03.833,2.26,2016-06-03 12:00:00,
1.125119603,3990441,Kristina Kucova,K Kucova v Hercog,90,2016-06-03 11:09:21.912,2.28,2016-06-03 11:51:00,
1.125119603,3990441,Kristina Kucova,K Kucova v Hercog,100,2016-06-03 11:26:29.208,2.24,2016-06-03 11:51:00,
1.125122635,2249229,Novak Djokovic,N Djokovic v D Thiem,0,2016-06-02 14:15:05.737,1.19,2016-06-03 12:00:00,
1.125122635,2249229,Novak Djokovic,N Djokovic v D Thiem,10,2016-06-02 16:53:59.351,1.12,2016-06-03 12:00:00,
1.125122635,2249229,Novak Djokovic,N Djokovic v D Thiem,20,2016-06-02 19:57:43.358,1.11,2016-06-03 13:00:00,
1.125122635,2249229,Novak Djokovic,N Djokovic v D Thiem,30,2016-06-02 23:12:01.754,1.11,2016-06-03 13:00:00,
1.125122635,2249229,Novak Djokovic,N Djokovic v D Thiem,40,2016-06-03 05:09:55.183,1.12,2016-06-03 13:00:00,
1.125122635,2249229,Novak Djokovic,N Djokovic v D Thiem,50,2016-06-03 07:39:47.664,1.12,2016-06-03 13:00:00,
1.125122635,2249229,Novak Djokovic,N Djokovic v D Thiem,60,2016-06-03 09:03:31.783,1.11,2016-06-03 13:00:00,
1.125122635,2249229,Novak Djokovic,N Djokovic v D Thiem,70,2016-06-03 10:01:19.142,1.11,2016-06-03 13:00:00,
1.125122635,2249229,Novak Djokovic,N Djokovic v D Thiem,80,2016-06-03 11:11:03.365,1.12,2016-06-03 13:00:00,
1.125122635,2249229,Novak Djokovic,N Djokovic v D Thiem,90,2016-06-03 12:03:19.471,1.12,2016-06-03 13:00:00,
1.125122635,2249229,Novak Djokovic,N Djokovic v D Thiem,100,2016-06-03 12:53:08.620,1.11,2016-06-03 13:00:00,
1.125122635,5720747,Dominic Thiem,N Djokovic v D Thiem,0,2016-06-02 14:21:05.481,8.0,2016-06-03 12:00:00,
1.125122635,5720747,Dominic Thiem,N Djokovic v D Thiem,10,2016-06-02 16:53:59.351,9.4,2016-06-03 12:00:00,
1.125122635,5720747,Dominic Thiem,N Djokovic v D Thiem,20,2016-06-02 19:14:59.314,9.4,2016-06-03 13:00:00,
1.125122635,5720747,Dominic Thiem,N Djokovic v D Thiem,30,2016-06-02 21:26:01.103,9.4,2016-06-03 13:00:00,
1.125122635,5720747,Dominic Thiem,N Djokovic v D Thiem,40,2016-06-03 01:25:07.224,10.0,2016-06-03 13:00:00,
1.125122635,5720747,Dominic Thiem,N Djokovic v D Thiem,50,2016-06-03 06:33:05.245,9.6,2016-06-03 13:00:00,
1.125122635,5720747,Dominic Thiem,N Djokovic v D Thiem,60,2016-06-03 08:03:44.017,9.6,2016-06-03 13:00:00,
1.125122635,5720747,Dominic Thiem,N Djokovic v D Thiem,70,2016-06-03 09:45:52.393,9.8,2016-06-03 13:00:00,
1.125122635,5720747,Dominic Thiem,N Djokovic v D Thiem,80,2016-06-03 11:11:03.365,10.0,2016-06-03 13:00:00,
1.125122635,5720747,Dominic Thiem,N Djokovic v D Thiem,90,2016-06-03 12:17:09.045,10.0,2016-06-03 13:00:00,
1.125122635,5720747,Dominic Thiem,N Djokovic v D Thiem,100,2016-06-03 12:59:09.411,10.0,2016-06-03 13:00:00,
1.125122717,4829260,Denis Kudla,Kudla v Groth,0,2016-06-02 18:51:32.582,1.85,2016-06-03 13:30:00,
1.125122717,4829260,Denis Kudla,Kudla v Groth,10,2016-06-02 21:57:49.472,1.55,2016-06-03 13:30:00,
1.125122717,4829260,Denis Kudla,Kudla v Groth,20,2016-06-02 23:17:14.561,1.6,2016-06-03 13:30:00,
1.125122717,4829260,Denis Kudla,Kudla v Groth,30,2016-06-03 07:06:39.010,1.53,2016-06-03 13:30:00,
1.125122717,4829260,Denis Kudla,Kudla v Groth,40,2016-06-03 08:09:37.818,1.48,2016-06-03 13:30:00,
1.125122717,4829260,Denis Kudla,Kudla v Groth,50,2016-06-03 08:57:36.293,1.58,2016-06-03 13:30:00,
1.125122717,4829260,Denis Kudla,Kudla v Groth,60,2016-06-03 09:36:34.376,1.6,2016-06-03 13:30:00,
1.125122717,4829260,Denis Kudla,Kudla v Groth,70,2016-06-03 11:43:19.127,1.53,2016-06-03 13:30:00,
1.125122717,4829260,Denis Kudla,Kudla v Groth,80,2016-06-03 12:55:09.913,1.55,2016-06-03 13:30:00,
1.125122717,4829260,Denis Kudla,Kudla v Groth,90,2016-06-03 13:04:59.053,1.52,2016-06-03 13:30:00,
1.125122717,4829260,Denis Kudla,Kudla v Groth,100,2016-06-03 13:23:19.127,1.61,2016-06-03 13:30:00,
1.125122717,8639819,Sam Groth,Kudla v Groth,0,2016-06-03 01:50:35.043,2.9,2016-06-03 13:30:00,
1.125122717,8639819,Sam Groth,Kudla v Groth,10,2016-06-03 05:20:27.470,3.05,2016-06-03 13:30:00,
1.125122717,8639819,Sam Groth,Kudla v Groth,20,2016-06-03 08:57:36.293,2.72,2016-06-03 13:30:00,
1.125122717,8639819,Sam Groth,Kudla v Groth,30,2016-06-03 09:09:03.423,2.68,2016-06-03 13:30:00,
1.125122717,8639819,Sam Groth,Kudla v Groth,40,2016-06-03 11:20:18.802,2.62,2016-06-03 13:30:00,
1.125122717,8639819,Sam Groth,Kudla v Groth,50,2016-06-03 12:38:53.986,2.76,2016-06-03 13:30:00,
1.125122717,8639819,Sam Groth,Kudla v Groth,60,2016-06-03 12:55:09.913,2.8,2016-06-03 13:30:00,
1.125122717,8639819,Sam Groth,Kudla v Groth,70,2016-06-03 12:58:16.885,2.88,2016-06-03 13:30:00,
1.125122717,8639819,Sam Groth,Kudla v Groth,80,2016-06-03 13:04:59.053,2.94,2016-06-03 13:30:00,
1.125122717,8639819,Sam Groth,Kudla v Groth,90,2016-06-03 13:21:13.336,2.68,2016-06-03 13:30:00,
1.125122717,8639819,Sam Groth,Kudla v Groth,100,2016-06-03 13:23:19.127,2.62,2016-06-03 13:30:00,
1.125122727,4827766,Marton Fucsovics,Fucsovics v Cervantes,0,2016-06-02 19:47:21.033,2.42,2016-06-03 09:00:00,
1.125122727,4827766,Marton Fucsovics,Fucsovics v Cervantes,10,2016-06-02 19:56:19.189,3.05,2016-06-03 09:00:00,
1.125122727,4827766,Marton Fucsovics,Fucsovics v Cervantes,20,2016-06-02 22:05:13.049,3.05,2016-06-03 09:00:00,
1.125122727,4827766,Marton Fucsovics,Fucsovics v Cervantes,30,2016-06-03 00:50:19.849,3.35,2016-06-03 09:00:00,
1.125122727,4827766,Marton Fucsovics,Fucsovics v Cervantes,40,2016-06-03 04:19:05.676,3.15,2016-06-03 09:00:00,
1.125122727,4827766,Marton Fucsovics,Fucsovics v Cervantes,50,2016-06-03 06:56:34.431,3.4,2016-06-03 09:00:00,
1.125122727,4827766,Marton Fucsovics,Fucsovics v Cervantes,60,2016-06-03 07:19:16.887,3.15,2016-06-03 09:00:00,
1.125122727,4827766,Marton Fucsovics,Fucsovics v Cervantes,70,2016-06-03 07:35:16.496,3.2,2016-06-03 09:00:00,
1.125122727,4827766,Marton Fucsovics,Fucsovics v Cervantes,80,2016-06-03 07:42:22.038,3.25,2016-06-03 09:00:00,
1.125122727,4827766,Marton Fucsovics,Fucsovics v Cervantes,90,2016-06-03 08:26:24.505,3.45,2016-06-03 09:00:00,
1.125122727,4827766,Marton Fucsovics,Fucsovics v Cervantes,100,2016-06-03 08:31:13.342,3.4,2016-06-03 09:00:00,
1.125122727,6297238,Inigo Cervantes,Fucsovics v Cervantes,0,2016-06-02 19:56:19.189,1.42,2016-06-03 09:00:00,
1.125122727,6297238,Inigo Cervantes,Fucsovics v Cervantes,10,2016-06-02 20:22:04.334,1.48,2016-06-03 09:00:00,
1.125122727,6297238,Inigo Cervantes,Fucsovics v Cervantes,20,2016-06-02 22:49:00.650,1.44,2016-06-03 09:00:00,
1.125122727,6297238,Inigo Cervantes,Fucsovics v Cervantes,30,2016-06-03 03:22:21.520,1.43,2016-06-03 09:00:00,
1.125122727,6297238,Inigo Cervantes,Fucsovics v Cervantes,40,2016-06-03 07:17:07.804,1.45,2016-06-03 09:00:00,
1.125122727,6297238,Inigo Cervantes,Fucsovics v Cervantes,50,2016-06-03 07:19:16.887,1.48,2016-06-03 09:00:00,
1.125122727,6297238,Inigo Cervantes,Fucsovics v Cervantes,60,2016-06-03 07:36:21.004,1.46,2016-06-03 09:00:00,
1.125122727,6297238,Inigo Cervantes,Fucsovics v Cervantes,70,2016-06-03 07:47:14.010,1.46,2016-06-03 09:00:00,
1.125122727,6297238,Inigo Cervantes,Fucsovics v Cervantes,80,2016-06-03 08:26:24.505,1.43,2016-06-03 09:00:00,
1.125122727,6297238,Inigo Cervantes,Fucsovics v Cervantes,90,2016-06-03 08:31:13.342,1.42,2016-06-03 09:00:00,
1.125122727,6297238,Inigo Cervantes,Fucsovics v Cervantes,100,2016-06-03 08:53:06.858,1.45,2016-06-03 09:00:00,
1.125122737,3622149,Stefanie Voegele,Hibino v Voegele,0,2016-06-02 17:01:16.001,1.49,2016-06-03 12:00:00,
1.125122737,3622149,Stefanie Voegele,Hibino v Voegele,10,2016-06-02 21:10:29.127,1.62,2016-06-03 10:00:00,
1.125122737,3622149,Stefanie Voegele,Hibino v Voegele,20,2016-06-02 23:22:32.904,1.52,2016-06-03 10:00:00,
1.125122737,3622149,Stefanie Voegele,Hibino v Voegele,30,2016-06-03 02:02:37.626,1.51,2016-06-03 10:00:00,
1.125122737,3622149,Stefanie Voegele,Hibino v Voegele,40,2016-06-03 08:26:34.621,1.54,2016-06-03 10:00:00,
1.125122737,3622149,Stefanie Voegele,Hibino v Voegele,50,2016-06-03 08:42:00.692,1.56,2016-06-03 10:00:00,
1.125122737,3622149,Stefanie Voegele,Hibino v Voegele,60,2016-06-03 08:56:40.092,1.56,2016-06-03 10:00:00,
1.125122737,3622149,Stefanie Voegele,Hibino v Voegele,70,2016-06-03 08:58:38.993,1.54,2016-06-03 10:00:00,
1.125122737,3622149,Stefanie Voegele,Hibino v Voegele,80,2016-06-03 09:06:59.068,1.55,2016-06-03 10:00:00,
1.125122737,3622149,Stefanie Voegele,Hibino v Voegele,90,2016-06-03 09:25:20.667,1.54,2016-06-03 10:00:00,
1.125122737,3622149,Stefanie Voegele,Hibino v Voegele,100,2016-06-03 09:49:35.555,1.54,2016-06-03 10:00:00,
1.125122737,7683152,Nao Hibino,Hibino v Voegele,0,2016-06-02 23:22:32.904,2.82,2016-06-03 10:00:00,
1.125122737,7683152,Nao Hibino,Hibino v Voegele,10,2016-06-03 00:05:32.552,2.66,2016-06-03 10:00:00,
1.125122737,7683152,Nao Hibino,Hibino v Voegele,20,2016-06-03 01:50:20.353,2.98,2016-06-03 10:00:00,
1.125122737,7683152,Nao Hibino,Hibino v Voegele,30,2016-06-03 07:34:40.337,2.76,2016-06-03 10:00:00,
1.125122737,7683152,Nao Hibino,Hibino v Voegele,40,2016-06-03 08:26:34.621,2.88,2016-06-03 10:00:00,
1.125122737,7683152,Nao Hibino,Hibino v Voegele,50,2016-06-03 08:33:40.615,2.74,2016-06-03 10:00:00,
1.125122737,7683152,Nao Hibino,Hibino v Voegele,60,2016-06-03 08:44:54.796,2.78,2016-06-03 10:00:00,
1.125122737,7683152,Nao Hibino,Hibino v Voegele,70,2016-06-03 08:56:40.092,2.82,2016-06-03 10:00:00,
1.125122737,7683152,Nao Hibino,Hibino v Voegele,80,2016-06-03 09:06:59.068,2.8,2016-06-03 10:00:00,
1.125122737,7683152,Nao Hibino,Hibino v Voegele,90,2016-06-03 09:23:34.667,2.82,2016-06-03 10:00:00,
1.125122737,7683152,Nao Hibino,Hibino v Voegele,100,2016-06-03 09:54:21.708,2.82,2016-06-03 10:00:00,
1.125123261,7287668,Jozef Kovalik,Struff v Kovalik,0,2016-06-03 00:11:11.830,2.68,2016-06-03 13:00:00,
1.125123261,7287668,Jozef Kovalik,Struff v Kovalik,10,2016-06-03 04:50:21.187,2.7,2016-06-03 13:00:00,
1.125123261,7287668,Jozef Kovalik,Struff v Kovalik,20,2016-06-03 08:26:52.100,2.7,2016-06-03 13:00:00,
1.125123261,7287668,Jozef Kovalik,Struff v Kovalik,30,2016-06-03 08:44:06.967,2.44,2016-06-03 13:00:00,
1.125123261,7287668,Jozef Kovalik,Struff v Kovalik,40,2016-06-03 09:50:55.536,2.72,2016-06-03 13:00:00,
1.125123261,7287668,Jozef Kovalik,Struff v Kovalik,50,2016-06-03 12:24:38.476,2.74,2016-06-03 12:53:00,
1.125123261,7287668,Jozef Kovalik,Struff v Kovalik,60,2016-06-03 12:29:51.983,2.78,2016-06-03 12:53:00,
1.125123261,7287668,Jozef Kovalik,Struff v Kovalik,70,2016-06-03 13:01:52.076,2.78,2016-06-03 13:08:00,
1.125123261,7287668,Jozef Kovalik,Struff v Kovalik,80,2016-06-03 13:37:49.482,2.66,2016-06-03 13:38:00,
1.125123261,7287668,Jozef Kovalik,Struff v Kovalik,90,2016-06-03 13:55:54.000,2.66,2016-06-03 14:08:00,
1.125123261,7287668,Jozef Kovalik,Struff v Kovalik,100,2016-06-03 14:18:52.804,2.8,2016-06-03 14:23:00,
1.125123261,11204363,Jan-Lennard Struff,Struff v Kovalik,0,2016-06-02 21:21:25.823,1.59,2016-06-03 13:00:00,
1.125123261,11204363,Jan-Lennard Struff,Struff v Kovalik,10,2016-06-02 22:39:51.879,1.59,2016-06-03 13:00:00,
1.125123261,11204363,Jan-Lennard Struff,Struff v Kovalik,20,2016-06-03 05:02:08.916,1.58,2016-06-03 13:00:00,
1.125123261,11204363,Jan-Lennard Struff,Struff v Kovalik,30,2016-06-03 08:00:42.281,1.61,2016-06-03 13:00:00,
1.125123261,11204363,Jan-Lennard Struff,Struff v Kovalik,40,2016-06-03 09:29:34.046,1.69,2016-06-03 13:00:00,
1.125123261,11204363,Jan-Lennard Struff,Struff v Kovalik,50,2016-06-03 09:50:55.536,1.58,2016-06-03 13:00:00,
1.125123261,11204363,Jan-Lennard Struff,Struff v Kovalik,60,2016-06-03 12:29:51.983,1.56,2016-06-03 12:53:00,
1.125123261,11204363,Jan-Lennard Struff,Struff v Kovalik,70,2016-06-03 12:33:31.968,1.56,2016-06-03 12:53:00,
1.125123261,11204363,Jan-Lennard Struff,Struff v Kovalik,80,2016-06-03 13:37:49.482,1.6,2016-06-03 13:38:00,
1.125123261,11204363,Jan-Lennard Struff,Struff v Kovalik,90,2016-06-03 13:55:54.000,1.6,2016-06-03 14:08:00,
1.125123261,11204363,Jan-Lennard Struff,Struff v Kovalik,100,2016-06-03 14:37:53.544,1.57,2016-06-03 14:38:00,
1.125123271,8173632,Ana Konjuh,Ana Konjuh v Mrdeza,0,2016-06-02 21:12:19.209,1.31,2016-06-03 15:30:00,
1.125123271,8173632,Ana Konjuh,Ana Konjuh v Mrdeza,10,2016-06-03 02:39:09.872,1.25,2016-06-03 15:30:00,
1.125123271,8173632,Ana Konjuh,Ana Konjuh v Mrdeza,20,2016-06-03 08:58:35.444,1.25,2016-06-03 15:30:00,
1.125123271,8173632,Ana Konjuh,Ana Konjuh v Mrdeza,30,2016-06-03 09:08:15.102,1.24,2016-06-03 15:30:00,
1.125123271,8173632,Ana Konjuh,Ana Konjuh v Mrdeza,40,2016-06-03 11:38:29.765,1.21,2016-06-03 15:30:00,
1.125123271,8173632,Ana Konjuh,Ana Konjuh v Mrdeza,50,2016-06-03 13:32:49.795,1.21,2016-06-03 15:30:00,
1.125123271,8173632,Ana Konjuh,Ana Konjuh v Mrdeza,60,2016-06-03 13:56:28.422,1.22,2016-06-03 15:30:00,
1.125123271,8173632,Ana Konjuh,Ana Konjuh v Mrdeza,70,2016-06-03 14:07:28.058,1.22,2016-06-03 15:30:00,
1.125123271,8173632,Ana Konjuh,Ana Konjuh v Mrdeza,80,2016-06-03 14:30:39.362,1.24,2016-06-03 15:30:00,
1.125123271,8173632,Ana Konjuh,Ana Konjuh v Mrdeza,90,2016-06-03 14:51:30.402,1.22,2016-06-03 15:30:00,
1.125123271,8173632,Ana Konjuh,Ana Konjuh v Mrdeza,100,2016-06-03 15:17:38.908,1.21,2016-06-03 15:30:00,
1.125123388,2284304,Sergiy Stakhovsky,Ye Lu v Stakhovsky,0,2016-06-02 19:55:28.574,1.74,2016-06-03 11:00:00,
1.125123388,2284304,Sergiy Stakhovsky,Ye Lu v Stakhovsky,10,2016-06-02 21:19:46.876,1.73,2016-06-03 11:00:00,
1.125123388,2284304,Sergiy Stakhovsky,Ye Lu v Stakhovsky,20,2016-06-02 22:43:11.226,1.8,2016-06-03 11:00:00,
1.125123388,2284304,Sergiy Stakhovsky,Ye Lu v Stakhovsky,30,2016-06-03 03:08:16.445,1.81,2016-06-03 11:00:00,
1.125123388,2284304,Sergiy Stakhovsky,Ye Lu v Stakhovsky,40,2016-06-03 06:20:20.695,1.77,2016-06-03 11:00:00,
1.125123388,2284304,Sergiy Stakhovsky,Ye Lu v Stakhovsky,50,2016-06-03 08:39:09.022,1.8,2016-06-03 11:00:00,
1.125123388,2284304,Sergiy Stakhovsky,Ye Lu v Stakhovsky,60,2016-06-03 09:11:21.543,1.84,2016-06-03 11:00:00,
1.125123388,2284304,Sergiy Stakhovsky,Ye Lu v Stakhovsky,70,2016-06-03 09:21:21.815,1.83,2016-06-03 11:00:00,
1.125123388,2284304,Sergiy Stakhovsky,Ye Lu v Stakhovsky,80,2016-06-03 09:55:23.536,1.88,2016-06-03 11:00:00,
1.125123388,2284304,Sergiy Stakhovsky,Ye Lu v Stakhovsky,90,2016-06-03 10:29:24.261,1.78,2016-06-03 11:00:00,
1.125123388,2284304,Sergiy Stakhovsky,Ye Lu v Stakhovsky,100,2016-06-03 10:52:09.905,1.76,2016-06-03 11:00:00,
1.125123388,11204618,Yen-Hsun Lu,Ye Lu v Stakhovsky,0,2016-06-02 21:24:52.011,2.1,2016-06-03 11:00:00,
1.125123388,11204618,Yen-Hsun Lu,Ye Lu v Stakhovsky,10,2016-06-02 22:43:11.226,2.24,2016-06-03 11:00:00,
1.125123388,11204618,Yen-Hsun Lu,Ye Lu v Stakhovsky,20,2016-06-03 03:08:16.445,2.22,2016-06-03 11:00:00,
1.125123388,11204618,Yen-Hsun Lu,Ye Lu v Stakhovsky,30,2016-06-03 06:45:14.505,2.2,2016-06-03 11:00:00,
1.125123388,11204618,Yen-Hsun Lu,Ye Lu v Stakhovsky,40,2016-06-03 08:02:22.897,2.3,2016-06-03 11:00:00,
1.125123388,11204618,Yen-Hsun Lu,Ye Lu v Stakhovsky,50,2016-06-03 08:54:41.480,2.22,2016-06-03 11:00:00,
1.125123388,11204618,Yen-Hsun Lu,Ye Lu v Stakhovsky,60,2016-06-03 09:11:21.543,2.18,2016-06-03 11:00:00,
1.125123388,11204618,Yen-Hsun Lu,Ye Lu v Stakhovsky,70,2016-06-03 09:21:21.815,2.2,2016-06-03 11:00:00,
1.125123388,11204618,Yen-Hsun Lu,Ye Lu v Stakhovsky,80,2016-06-03 10:08:22.211,2.16,2016-06-03 11:00:00,
1.125123388,11204618,Yen-Hsun Lu,Ye Lu v Stakhovsky,90,2016-06-03 10:30:19.257,2.3,2016-06-03 11:00:00,
1.125123388,11204618,Yen-Hsun Lu,Ye Lu v Stakhovsky,100,2016-06-03 10:39:06.939,2.2,2016-06-03 11:00:00,
1.125123395,2250859,Marina Erakovic,Erakovic v Minella,0,2016-06-02 19:34:08.396,1.38,2016-06-03 12:00:00,
1.125123395,2250859,Marina Erakovic,Erakovic v Minella,10,2016-06-02 21:09:25.367,1.4,2016-06-03 12:00:00,
1.125123395,2250859,Marina Erakovic,Erakovic v Minella,20,2016-06-03 00:10:40.929,1.4,2016-06-03 12:00:00,
1.125123395,2250859,Marina Erakovic,Erakovic v Minella,30,2016-06-03 05:29:10.935,1.41,2016-06-03 12:00:00,
1.125123395,2250859,Marina Erakovic,Erakovic v Minella,40,2016-06-03 08:38:46.702,1.42,2016-06-03 12:00:00,
1.125123395,2250859,Marina Erakovic,Erakovic v Minella,50,2016-06-03 08:59:49.447,1.42,2016-06-03 12:00:00,
1.125123395,2250859,Marina Erakovic,Erakovic v Minella,60,2016-06-03 09:03:14.338,1.46,2016-06-03 12:00:00,
1.125123395,2250859,Marina Erakovic,Erakovic v Minella,70,2016-06-03 09:23:53.239,1.46,2016-06-03 12:00:00,
1.125123395,2250859,Marina Erakovic,Erakovic v Minella,80,2016-06-03 09:51:39.651,1.43,2016-06-03 12:00:00,
1.125123395,2250859,Marina Erakovic,Erakovic v Minella,90,2016-06-03 10:37:32.506,1.42,2016-06-03 12:00:00,
1.125123395,2250859,Marina Erakovic,Erakovic v Minella,100,2016-06-03 11:51:06.654,1.43,2016-06-03 12:00:00,
1.125126349,4691416,Peter Gojowczyk,A Ward v Gojowczyk,0,2016-06-02 22:16:16.135,1.62,2016-06-03 10:00:00,
1.125126349,4691416,Peter Gojowczyk,A Ward v Gojowczyk,10,2016-06-03 05:48:55.123,1.65,2016-06-03 10:00:00,
1.125126349,4691416,Peter Gojowczyk,A Ward v Gojowczyk,20,2016-06-03 08:27:15.766,1.63,2016-06-03 10:00:00,
1.125126349,4691416,Peter Gojowczyk,A Ward v Gojowczyk,30,2016-06-03 08:46:45.303,1.63,2016-06-03 10:00:00,
1.125126349,4691416,Peter Gojowczyk,A Ward v Gojowczyk,40,2016-06-03 09:36:21.463,1.56,2016-06-03 10:00:00,
1.125126349,4691416,Peter Gojowczyk,A Ward v Gojowczyk,50,2016-06-03 09:45:46.809,1.62,2016-06-03 10:00:00,
1.125126349,4691416,Peter Gojowczyk,A Ward v Gojowczyk,60,2016-06-03 09:47:38.519,1.64,2016-06-03 10:00:00,
1.125126349,4691416,Peter Gojowczyk,A Ward v Gojowczyk,70,2016-06-03 09:50:41.700,1.68,2016-06-03 10:00:00,
1.125126349,4691416,Peter Gojowczyk,A Ward v Gojowczyk,80,2016-06-03 09:53:46.703,1.64,2016-06-03 10:00:00,
1.125126349,4691416,Peter Gojowczyk,A Ward v Gojowczyk,90,2016-06-03 09:55:45.239,1.6,2016-06-03 10:00:00,
1.125126349,4691416,Peter Gojowczyk,A Ward v Gojowczyk,100,2016-06-03 09:58:42.760,1.63,2016-06-03 10:00:00,
1.125131387,2538236,Serena Williams,Ser Williams v Bertens,0,2016-06-02 16:46:22.493,1.17,2016-06-03 12:00:00,
1.125131387,2538236,Serena Williams,Ser Williams v Bertens,10,2016-06-02 19:14:19.795,1.15,2016-06-03 11:00:00,
1.125131387,2538236,Serena Williams,Ser Williams v Bertens,20,2016-06-02 21:08:18.838,1.15,2016-06-03 11:00:00,
1.125131387,2538236,Serena Williams,Ser Williams v Bertens,30,2016-06-02 23:12:03.809,1.15,2016-06-03 11:00:00,
1.125131387,2538236,Serena Williams,Ser Williams v Bertens,40,2016-06-03 04:46:29.896,1.16,2016-06-03 11:00:00,
1.125131387,2538236,Serena Williams,Ser Williams v Bertens,50,2016-06-03 06:37:07.982,1.16,2016-06-03 11:00:00,
1.125131387,2538236,Serena Williams,Ser Williams v Bertens,60,2016-06-03 07:45:17.827,1.16,2016-06-03 11:00:00,
1.125131387,2538236,Serena Williams,Ser Williams v Bertens,70,2016-06-03 08:50:14.385,1.14,2016-06-03 11:00:00,
1.125131387,2538236,Serena Williams,Ser Williams v Bertens,80,2016-06-03 09:42:24.360,1.14,2016-06-03 11:00:00,
1.125131387,2538236,Serena Williams,Ser Williams v Bertens,90,2016-06-03 10:26:23.414,1.14,2016-06-03 11:00:00,
1.125131387,2538236,Serena Williams,Ser Williams v Bertens,100,2016-06-03 11:09:24.833,1.14,2016-06-03 11:15:00,
1.125131387,5611697,Kiki Bertens,Ser Williams v Bertens,0,2016-06-02 16:46:22.493,6.8,2016-06-03 12:00:00,
1.125131387,5611697,Kiki Bertens,Ser Williams v Bertens,10,2016-06-02 19:49:34.678,7.8,2016-06-03 11:00:00,
1.125131387,5611697,Kiki Bertens,Ser Williams v Bertens,20,2016-06-02 22:27:46.711,7.6,2016-06-03 11:00:00,
1.125131387,5611697,Kiki Bertens,Ser Williams v Bertens,30,2016-06-03 00:00:04.047,7.8,2016-06-03 11:00:00,
1.125131387,5611697,Kiki Bertens,Ser Williams v Bertens,40,2016-06-03 04:38:13.822,7.4,2016-06-03 11:00:00,
1.125131387,5611697,Kiki Bertens,Ser Williams v Bertens,50,2016-06-03 06:56:05.386,7.6,2016-06-03 11:00:00,
1.125131387,5611697,Kiki Bertens,Ser Williams v Bertens,60,2016-06-03 08:00:05.604,7.6,2016-06-03 11:00:00,
1.125131387,5611697,Kiki Bertens,Ser Williams v Bertens,70,2016-06-03 08:36:28.962,7.8,2016-06-03 11:00:00,
1.125131387,5611697,Kiki Bertens,Ser Williams v Bertens,80,2016-06-03 09:50:24.831,7.8,2016-06-03 11:00:00,
1.125131387,5611697,Kiki Bertens,Ser Williams v Bertens,90,2016-06-03 10:38:18.933,8.0,2016-06-03 11:00:00,
1.125131387,5611697,Kiki Bertens,Ser Williams v Bertens,100,2016-06-03 11:07:25.152,7.8,2016-06-03 11:15:00,
1.125131917,9169651,Hingis/Paes,Hingis/Paes v Mirza/Dodig,0,2016-06-02 21:37:55.754,1.3,2016-06-03 15:00:00,
1.125131917,9169651,Hingis/Paes,Hingis/Paes v Mirza/Dodig,10,2016-06-03 07:57:31.025,1.61,2016-06-03 15:00:00,
1.125131917,9169651,Hingis/Paes,Hingis/Paes v Mirza/Dodig,20,2016-06-03 08:49:05.647,1.79,2016-06-03 15:00:00,
1.125131917,9169651,Hingis/Paes,Hingis/Paes v Mirza/Dodig,30,2016-06-03 10:39:24.441,1.61,2016-06-03 15:00:00,
1.125131917,9169651,Hingis/Paes,Hingis/Paes v Mirza/Dodig,40,2016-06-03 12:06:49.583,1.75,2016-06-03 15:00:00,
1.125131917,9169651,Hingis/Paes,Hingis/Paes v Mirza/Dodig,50,2016-06-03 13:58:09.063,1.77,2016-06-03 15:07:00,
1.125131917,9169651,Hingis/Paes,Hingis/Paes v Mirza/Dodig,60,2016-06-03 14:55:30.501,1.77,2016-06-03 15:07:00,
1.125131917,9169651,Hingis/Paes,Hingis/Paes v Mirza/Dodig,70,2016-06-03 15:05:31.030,1.74,2016-06-03 15:07:00,
1.125131917,9169651,Hingis/Paes,Hingis/Paes v Mirza/Dodig,80,2016-06-03 15:15:07.616,1.71,2016-06-03 15:22:00,
1.125131917,9169651,Hingis/Paes,Hingis/Paes v Mirza/Dodig,90,2016-06-03 15:56:25.841,1.75,2016-06-03 16:07:00,
1.125131917,9169651,Hingis/Paes,Hingis/Paes v Mirza/Dodig,100,2016-06-03 16:08:27.465,1.65,2016-06-03 16:17:00,
1.125131917,10738213,Mirza/Dodig,Hingis/Paes v Mirza/Dodig,0,2016-06-03 05:00:29.996,2.5,2016-06-03 15:00:00,
1.125131917,10738213,Mirza/Dodig,Hingis/Paes v Mirza/Dodig,10,2016-06-03 08:48:33.343,2.3,2016-06-03 15:00:00,
1.125131917,10738213,Mirza/Dodig,Hingis/Paes v Mirza/Dodig,20,2016-06-03 10:16:23.604,2.06,2016-06-03 15:00:00,
1.125131917,10738213,Mirza/Dodig,Hingis/Paes v Mirza/Dodig,30,2016-06-03 11:32:29.236,2.34,2016-06-03 15:00:00,
1.125131917,10738213,Mirza/Dodig,Hingis/Paes v Mirza/Dodig,40,2016-06-03 13:09:19.027,2.28,2016-06-03 15:15:00,
1.125131917,10738213,Mirza/Dodig,Hingis/Paes v Mirza/Dodig,50,2016-06-03 14:33:23.149,2.32,2016-06-03 15:07:00,
1.125131917,10738213,Mirza/Dodig,Hingis/Paes v Mirza/Dodig,60,2016-06-03 14:54:07.844,2.32,2016-06-03 15:07:00,
1.125131917,10738213,Mirza/Dodig,Hingis/Paes v Mirza/Dodig,70,2016-06-03 14:56:24.828,2.16,2016-06-03 15:07:00,
1.125131917,10738213,Mirza/Dodig,Hingis/Paes v Mirza/Dodig,80,2016-06-03 15:13:12.749,2.46,2016-06-03 15:22:00,
1.125131917,10738213,Mirza/Dodig,Hingis/Paes v Mirza/Dodig,90,2016-06-03 15:56:25.841,2.32,2016-06-03 16:07:00,
1.125131917,10738213,Mirza/Dodig,Hingis/Paes v Mirza/Dodig,100,2016-06-03 16:08:27.465,2.52,2016-06-03 16:17:00,
1.125132152,2609424,Mikhail Kukushkin,Kukushkin v Khachanov,0,2016-06-02 20:22:04.275,1.66,2016-06-03 11:00:00,
1.125132152,2609424,Mikhail Kukushkin,Kukushkin v Khachanov,10,2016-06-02 22:14:59.894,1.71,2016-06-03 11:00:00,
1.125132152,2609424,Mikhail Kukushkin,Kukushkin v Khachanov,20,2016-06-03 05:57:11.071,1.77,2016-06-03 11:00:00,
1.125132152,2609424,Mikhail Kukushkin,Kukushkin v Khachanov,30,2016-06-03 06:16:51.286,1.79,2016-06-03 11:00:00,
1.125132152,2609424,Mikhail Kukushkin,Kukushkin v Khachanov,40,2016-06-03 08:39:11.337,1.8,2016-06-03 11:00:00,
1.125132152,2609424,Mikhail Kukushkin,Kukushkin v Khachanov,50,2016-06-03 08:56:18.275,1.81,2016-06-03 10:50:00,
1.125132152,2609424,Mikhail Kukushkin,Kukushkin v Khachanov,60,2016-06-03 09:00:37.991,1.87,2016-06-03 10:50:00,
1.125132152,2609424,Mikhail Kukushkin,Kukushkin v Khachanov,70,2016-06-03 09:27:10.711,1.9,2016-06-03 10:50:00,
1.125132152,2609424,Mikhail Kukushkin,Kukushkin v Khachanov,80,2016-06-03 10:07:55.991,1.91,2016-06-03 10:50:00,
1.125132152,2609424,Mikhail Kukushkin,Kukushkin v Khachanov,90,2016-06-03 10:10:49.674,1.9,2016-06-03 10:50:00,
1.125132152,2609424,Mikhail Kukushkin,Kukushkin v Khachanov,100,2016-06-03 10:22:14.435,1.92,2016-06-03 10:50:00,
1.125132152,7659623,Karen Khachanov,Kukushkin v Khachanov,0,2016-06-02 19:44:13.491,2.66,2016-06-03 11:00:00,
1.125132152,7659623,Karen Khachanov,Kukushkin v Khachanov,10,2016-06-02 19:54:09.537,2.06,2016-06-03 11:00:00,
1.125132152,7659623,Karen Khachanov,Kukushkin v Khachanov,20,2016-06-02 19:55:08.065,2.02,2016-06-03 11:00:00,
1.125132152,7659623,Karen Khachanov,Kukushkin v Khachanov,30,2016-06-02 22:05:12.995,2.14,2016-06-03 11:00:00,
1.125132152,7659623,Karen Khachanov,Kukushkin v Khachanov,40,2016-06-03 02:50:20.579,2.28,2016-06-03 11:00:00,
1.125132152,7659623,Karen Khachanov,Kukushkin v Khachanov,50,2016-06-03 03:25:10.967,2.04,2016-06-03 11:00:00,
1.125132152,7659623,Karen Khachanov,Kukushkin v Khachanov,60,2016-06-03 05:57:11.071,2.28,2016-06-03 11:00:00,
1.125132152,7659623,Karen Khachanov,Kukushkin v Khachanov,70,2016-06-03 08:56:18.275,2.24,2016-06-03 10:50:00,
1.125132152,7659623,Karen Khachanov,Kukushkin v Khachanov,80,2016-06-03 09:00:18.886,2.16,2016-06-03 10:50:00,
1.125132152,7659623,Karen Khachanov,Kukushkin v Khachanov,90,2016-06-03 09:16:10.468,2.14,2016-06-03 10:50:00,
1.125132152,7659623,Karen Khachanov,Kukushkin v Khachanov,100,2016-06-03 10:22:14.435,2.08,2016-06-03 10:50:00,
1.125132677,9627264,D Kovinic,D Kovinic v F Ferro,0,2016-06-03 09:34:08.002,1.24,2016-06-03 15:05:00,
1.125132677,9627264,D Kovinic,D Kovinic v F Ferro,10,2016-06-03 09:51:40.066,1.13,2016-06-03 15:05:00,
1.125132677,9627264,D Kovinic,D Kovinic v F Ferro,20,2016-06-03 13:00:07.731,1.15,2016-06-03 15:05:00,
1.125132677,9627264,D Kovinic,D Kovinic v F Ferro,30,2016-06-03 14:06:32.768,1.18,2016-06-03 15:05:00,
1.125132677,9627264,D Kovinic,D Kovinic v F Ferro,40,2016-06-03 14:18:58.638,1.13,2016-06-03 15:05:00,
1.125132677,9627264,D Kovinic,D Kovinic v F Ferro,50,2016-06-03 14:35:14.360,1.15,2016-06-03 15:05:00,
1.125132677,9627264,D Kovinic,D Kovinic v F Ferro,60,2016-06-03 14:48:47.675,1.14,2016-06-03 15:05:00,2016-06-03 14:48:47.675
1.125132677,9627264,D Kovinic,D Kovinic v F Ferro,70,2016-06-03 14:52:10.236,1.15,2016-06-03 15:05:00,2016-06-03 14:48:47.675
1.125132677,9627264,D Kovinic,D Kovinic v F Ferro,80,2016-06-03 14:56:13.242,1.09,2016-06-03 15:05:00,2016-06-03 14:48:47.675
1.125132677,9627264,D Kovinic,D Kovinic v F Ferro,90,2016-06-03 15:02:16.687,1.12,2016-06-03 15:05:00,2016-06-03 14:48:47.675
1.125132677,9627264,D Kovinic,D Kovinic v F Ferro,100,2016-06-03 15:03:30.256,1.12,2016-06-03 15:05:00,2016-06-03 14:48:47.675
1.125132681,9628866,A Riske,A Riske v T Moore,0,2016-06-03 08:37:57.282,1.17,2016-06-03 10:05:00,
1.125132681,9628866,A Riske,A Riske v T Moore,10,2016-06-03 08:59:01.446,1.2,2016-06-03 10:05:00,
1.125132681,9628866,A Riske,A Riske v T Moore,20,2016-06-03 09:06:00.194,1.19,2016-06-03 10:05:00,
1.125132681,9628866,A Riske,A Riske v T Moore,30,2016-06-03 09:19:04.587,1.14,2016-06-03 10:05:00,
1.125132681,9628866,A Riske,A Riske v T Moore,40,2016-06-03 09:20:02.239,1.15,2016-06-03 10:05:00,
1.125132681,9628866,A Riske,A Riske v T Moore,50,2016-06-03 09:33:39.052,1.2,2016-06-03 10:05:00,
1.125132681,9628866,A Riske,A Riske v T Moore,60,2016-06-03 09:44:02.682,1.22,2016-06-03 10:05:00,
1.125132681,9628866,A Riske,A Riske v T Moore,70,2016-06-03 09:47:45.821,1.24,2016-06-03 10:05:00,
1.125132681,9628866,A Riske,A Riske v T Moore,80,2016-06-03 09:51:01.175,1.22,2016-06-03 10:05:00,
1.125132681,9628866,A Riske,A Riske v T Moore,90,2016-06-03 10:04:05.363,1.12,2016-06-03 10:05:00,2016-06-03 10:00:05.489
1.125132681,9628866,A Riske,A Riske v T Moore,100,2016-06-03 10:04:44.806,1.23,2016-06-03 10:05:00,2016-06-03 10:00:05.489
1.125134684,2609424,Mikhail Kukushkin,Fucsovics v Kukushkin,0,2016-06-03 17:06:55.379,1.42,2016-06-04 09:00:00,
1.125134684,2609424,Mikhail Kukushkin,Fucsovics v Kukushkin,10,2016-06-03 18:33:15.197,1.38,2016-06-04 09:00:00,
1.125134684,2609424,Mikhail Kukushkin,Fucsovics v Kukushkin,20,2016-06-03 22:59:46.704,1.39,2016-06-04 09:00:00,
1.125134684,2609424,Mikhail Kukushkin,Fucsovics v Kukushkin,30,2016-06-04 02:36:02.141,1.42,2016-06-04 09:00:00,
1.125134684,2609424,Mikhail Kukushkin,Fucsovics v Kukushkin,40,2016-06-04 03:36:12.005,1.41,2016-06-04 09:00:00,
1.125134684,2609424,Mikhail Kukushkin,Fucsovics v Kukushkin,50,2016-06-04 06:34:38.147,1.36,2016-06-04 09:00:00,
1.125134684,2609424,Mikhail Kukushkin,Fucsovics v Kukushkin,60,2016-06-04 07:27:16.398,1.38,2016-06-04 09:00:00,
1.125134684,2609424,Mikhail Kukushkin,Fucsovics v Kukushkin,70,2016-06-04 08:00:04.407,1.35,2016-06-04 09:00:00,
1.125134684,2609424,Mikhail Kukushkin,Fucsovics v Kukushkin,80,2016-06-04 08:28:54.623,1.34,2016-06-04 09:00:00,
1.125134684,2609424,Mikhail Kukushkin,Fucsovics v Kukushkin,90,2016-06-04 08:48:15.118,1.34,2016-06-04 09:00:00,
1.125134684,2609424,Mikhail Kukushkin,Fucsovics v Kukushkin,100,2016-06-04 08:54:08.648,1.27,2016-06-04 09:00:00,
1.125136563,2538236,Serena Williams,Ser Williams v Muguruza,0,2016-06-03 13:23:33.509,1.63,2016-06-04 12:00:00,
1.125136563,2538236,Serena Williams,Ser Williams v Muguruza,10,2016-06-03 16:01:34.410,1.66,2016-06-04 12:00:00,
1.125136563,2538236,Serena Williams,Ser Williams v Muguruza,20,2016-06-03 18:43:03.253,1.63,2016-06-04 13:00:00,
1.125136563,2538236,Serena Williams,Ser Williams v Muguruza,30,2016-06-03 21:50:35.423,1.64,2016-06-04 13:00:00,
1.125136563,2538236,Serena Williams,Ser Williams v Muguruza,40,2016-06-04 03:48:10.115,1.64,2016-06-04 13:00:00,
1.125136563,2538236,Serena Williams,Ser Williams v Muguruza,50,2016-06-04 06:39:08.045,1.63,2016-06-04 13:00:00,
1.125136563,2538236,Serena Williams,Ser Williams v Muguruza,60,2016-06-04 07:51:29.961,1.64,2016-06-04 13:00:00,
1.125136563,2538236,Serena Williams,Ser Williams v Muguruza,70,2016-06-04 09:37:34.909,1.64,2016-06-04 13:00:00,
1.125136563,2538236,Serena Williams,Ser Williams v Muguruza,80,2016-06-04 10:58:26.535,1.65,2016-06-04 13:00:00,
1.125136563,2538236,Serena Williams,Ser Williams v Muguruza,90,2016-06-04 12:07:35.500,1.66,2016-06-04 13:00:00,
1.125136563,2538236,Serena Williams,Ser Williams v Muguruza,100,2016-06-04 13:08:34.419,1.69,2016-06-04 13:15:00,
1.125136563,8735952,Garbiñe Muguruza,Ser Williams v Muguruza,0,2016-06-03 13:23:33.509,2.58,2016-06-04 12:00:00,
1.125136563,8735952,Garbiñe Muguruza,Ser Williams v Muguruza,10,2016-06-03 16:06:28.840,2.5,2016-06-04 12:00:00,
1.125136563,8735952,Garbiñe Muguruza,Ser Williams v Muguruza,20,2016-06-03 19:13:33.230,2.58,2016-06-04 13:00:00,
1.125136563,8735952,Garbiñe Muguruza,Ser Williams v Muguruza,30,2016-06-04 00:47:08.741,2.52,2016-06-04 13:00:00,
1.125136563,8735952,Garbiñe Muguruza,Ser Williams v Muguruza,40,2016-06-04 06:20:26.247,2.56,2016-06-04 13:00:00,
1.125136563,8735952,Garbiñe Muguruza,Ser Williams v Muguruza,50,2016-06-04 08:11:32.988,2.54,2016-06-04 13:00:00,
1.125136563,8735952,Garbiñe Muguruza,Ser Williams v Muguruza,60,2016-06-04 09:13:35.105,2.54,2016-06-04 13:00:00,
1.125136563,8735952,Garbiñe Muguruza,Ser Williams v Muguruza,70,2016-06-04 10:25:21.732,2.54,2016-06-04 13:00:00,
1.125136563,8735952,Garbiñe Muguruza,Ser Williams v Muguruza,80,2016-06-04 11:20:32.233,2.56,2016-06-04 13:00:00,
1.125136563,8735952,Garbiñe Muguruza,Ser Williams v Muguruza,90,2016-06-04 12:17:31.738,2.48,2016-06-04 13:00:00,
1.125136563,8735952,Garbiñe Muguruza,Ser Williams v Muguruza,100,2016-06-04 13:09:35.377,2.42,2016-06-04 13:15:00,
1.125136574,2538236,Serena Williams,Ser Williams v Muguruza,0,2016-06-03 20:31:20.723,1.63,2016-06-04 13:00:00,
1.125136574,2538236,Serena Williams,Ser Williams v Muguruza,10,2016-06-04 06:39:08.045,1.62,2016-06-04 13:00:00,
1.125136574,2538236,Serena Williams,Ser Williams v Muguruza,20,2016-06-04 08:06:30.874,1.63,2016-06-04 13:00:00,
1.125136574,2538236,Serena Williams,Ser Williams v Muguruza,30,2016-06-04 10:09:32.907,1.64,2016-06-04 13:00:00,
1.125136574,2538236,Serena Williams,Ser Williams v Muguruza,40,2016-06-04 12:08:34.128,1.65,2016-06-04 13:00:00,
1.125136574,2538236,Serena Williams,Ser Williams v Muguruza,50,2016-06-04 12:19:34.673,1.68,2016-06-04 13:00:00,
1.125136574,2538236,Serena Williams,Ser Williams v Muguruza,60,2016-06-04 12:28:34.724,1.67,2016-06-04 13:00:00,
1.125136574,2538236,Serena Williams,Ser Williams v Muguruza,70,2016-06-04 12:37:33.603,1.69,2016-06-04 13:00:00,
1.125136574,2538236,Serena Williams,Ser Williams v Muguruza,80,2016-06-04 12:41:35.666,1.7,2016-06-04 13:00:00,
1.125136574,2538236,Serena Williams,Ser Williams v Muguruza,90,2016-06-04 12:51:34.263,1.66,2016-06-04 13:00:00,
1.125136574,2538236,Serena Williams,Ser Williams v Muguruza,100,2016-06-04 13:02:35.320,1.68,2016-06-04 13:15:00,
1.125136574,8735952,Garbiñe Muguruza,Ser Williams v Muguruza,0,2016-06-03 15:11:34.950,2.6,2016-06-04 12:00:00,
1.125136574,8735952,Garbiñe Muguruza,Ser Williams v Muguruza,10,2016-06-03 17:31:28.556,2.54,2016-06-04 13:00:00,
1.125136574,8735952,Garbiñe Muguruza,Ser Williams v Muguruza,20,2016-06-04 08:39:55.165,2.54,2016-06-04 13:00:00,
1.125136574,8735952,Garbiñe Muguruza,Ser Williams v Muguruza,30,2016-06-04 10:10:30.025,2.56,2016-06-04 13:00:00,
1.125136574,8735952,Garbiñe Muguruza,Ser Williams v Muguruza,40,2016-06-04 11:09:35.305,2.54,2016-06-04 13:00:00,
1.125136574,8735952,Garbiñe Muguruza,Ser Williams v Muguruza,50,2016-06-04 12:05:34.490,2.48,2016-06-04 13:00:00,
1.125136574,8735952,Garbiñe Muguruza,Ser Williams v Muguruza,60,2016-06-04 12:35:34.798,2.46,2016-06-04 13:00:00,
1.125136574,8735952,Garbiñe Muguruza,Ser Williams v Muguruza,70,2016-06-04 12:36:27.411,2.5,2016-06-04 13:00:00,
1.125136574,8735952,Garbiñe Muguruza,Ser Williams v Muguruza,80,2016-06-04 12:44:34.286,2.46,2016-06-04 13:00:00,
1.125136574,8735952,Garbiñe Muguruza,Ser Williams v Muguruza,90,2016-06-04 12:51:34.263,2.44,2016-06-04 13:00:00,
1.125136574,8735952,Garbiñe Muguruza,Ser Williams v Muguruza,100,2016-06-04 13:07:35.472,2.48,2016-06-04 13:15:00,
1.125136731,4486603,Dustin Brown,Gojowczyk v Du Brown,0,2016-06-03 23:05:18.735,1.54,2016-06-04 11:30:00,
1.125136731,4486603,Dustin Brown,Gojowczyk v Du Brown,10,2016-06-03 23:17:58.855,1.52,2016-06-04 11:30:00,
1.125136731,4486603,Dustin Brown,Gojowczyk v Du Brown,20,2016-06-04 07:59:02.342,1.54,2016-06-04 11:30:00,
1.125136731,4486603,Dustin Brown,Gojowczyk v Du Brown,30,2016-06-04 11:07:46.223,1.5,2016-06-04 11:30:00,
1.125136731,4486603,Dustin Brown,Gojowczyk v Du Brown,40,2016-06-04 11:08:22.311,1.49,2016-06-04 11:30:00,
1.125136731,4486603,Dustin Brown,Gojowczyk v Du Brown,50,2016-06-04 11:24:55.444,1.49,2016-06-04 11:30:00,
1.125136731,4486603,Dustin Brown,Gojowczyk v Du Brown,60,2016-06-04 11:39:48.713,1.57,2016-06-04 11:45:00,
1.125136731,4486603,Dustin Brown,Gojowczyk v Du Brown,70,2016-06-04 11:40:47.288,1.52,2016-06-04 11:45:00,
1.125136731,4486603,Dustin Brown,Gojowczyk v Du Brown,80,2016-06-04 11:45:20.640,1.49,2016-06-04 12:00:00,
1.125136731,4486603,Dustin Brown,Gojowczyk v Du Brown,90,2016-06-04 11:59:48.728,1.45,2016-06-04 12:15:00,
1.125136731,4486603,Dustin Brown,Gojowczyk v Du Brown,100,2016-06-04 12:03:37.071,1.5,2016-06-04 12:15:00,
1.125136908,2548781,Polona Hercog,Hercog v Hibino,0,2016-06-03 16:23:57.103,1.49,2016-06-04 11:30:00,
1.125136908,2548781,Polona Hercog,Hercog v Hibino,10,2016-06-03 16:53:42.414,1.39,2016-06-04 11:30:00,
1.125136908,2548781,Polona Hercog,Hercog v Hibino,20,2016-06-03 19:08:02.613,1.35,2016-06-04 11:30:00,
1.125136908,2548781,Polona Hercog,Hercog v Hibino,30,2016-06-04 09:10:20.525,1.37,2016-06-04 11:30:00,
1.125136908,2548781,Polona Hercog,Hercog v Hibino,40,2016-06-04 09:14:07.692,1.39,2016-06-04 11:30:00,
1.125136908,2548781,Polona Hercog,Hercog v Hibino,50,2016-06-04 10:00:04.987,1.38,2016-06-04 11:30:00,
1.125136908,2548781,Polona Hercog,Hercog v Hibino,60,2016-06-04 10:19:09.730,1.38,2016-06-04 11:30:00,
1.125136908,2548781,Polona Hercog,Hercog v Hibino,70,2016-06-04 10:30:22.253,1.37,2016-06-04 11:30:00,
1.125136908,2548781,Polona Hercog,Hercog v Hibino,80,2016-06-04 11:05:05.925,1.37,2016-06-04 11:30:00,
1.125136908,2548781,Polona Hercog,Hercog v Hibino,90,2016-06-04 11:10:02.842,1.36,2016-06-04 11:30:00,
1.125136908,2548781,Polona Hercog,Hercog v Hibino,100,2016-06-04 11:19:07.980,1.36,2016-06-04 11:30:00,
1.125136908,7683152,Nao Hibino,Hercog v Hibino,0,2016-06-03 16:23:57.103,3.05,2016-06-04 11:30:00,
1.125136908,7683152,Nao Hibino,Hercog v Hibino,10,2016-06-03 17:56:55.853,3.45,2016-06-04 11:30:00,
1.125136908,7683152,Nao Hibino,Hercog v Hibino,20,2016-06-03 19:53:03.795,3.55,2016-06-04 11:30:00,
1.125136908,7683152,Nao Hibino,Hercog v Hibino,30,2016-06-04 09:14:07.692,3.6,2016-06-04 11:30:00,
1.125136908,7683152,Nao Hibino,Hercog v Hibino,40,2016-06-04 10:04:55.284,3.55,2016-06-04 11:30:00,
1.125136908,7683152,Nao Hibino,Hercog v Hibino,50,2016-06-04 10:19:09.730,3.65,2016-06-04 11:30:00,
1.125136908,7683152,Nao Hibino,Hercog v Hibino,60,2016-06-04 10:59:03.786,3.7,2016-06-04 11:30:00,
1.125136908,7683152,Nao Hibino,Hercog v Hibino,70,2016-06-04 11:02:25.499,3.65,2016-06-04 11:30:00,
1.125136908,7683152,Nao Hibino,Hercog v Hibino,80,2016-06-04 11:05:05.925,3.7,2016-06-04 11:30:00,
1.125136908,7683152,Nao Hibino,Hercog v Hibino,90,2016-06-04 11:07:41.545,3.65,2016-06-04 11:30:00,
1.125136908,7683152,Nao Hibino,Hercog v Hibino,100,2016-06-04 11:10:02.842,3.7,2016-06-04 11:30:00,
1.125143121,2581407,Tobias Kamke,Albot v Kamke,0,2016-06-04 06:10:43.397,1.81,2016-06-04 11:00:00,
1.125143121,2581407,Tobias Kamke,Albot v Kamke,10,2016-06-04 07:56:48.870,1.93,2016-06-04 11:00:00,
1.125143121,2581407,Tobias Kamke,Albot v Kamke,20,2016-06-04 08:37:34.912,1.96,2016-06-04 11:00:00,
1.125143121,2581407,Tobias Kamke,Albot v Kamke,30,2016-06-04 09:01:51.978,1.95,2016-06-04 11:00:00,
1.125143121,2581407,Tobias Kamke,Albot v Kamke,40,2016-06-04 09:15:55.213,1.91,2016-06-04 11:00:00,
1.125143121,2581407,Tobias Kamke,Albot v Kamke,50,2016-06-04 09:41:43.384,1.89,2016-06-04 11:00:00,
1.125143121,2581407,Tobias Kamke,Albot v Kamke,60,2016-06-04 09:52:35.697,1.89,2016-06-04 11:00:00,
1.125143121,2581407,Tobias Kamke,Albot v Kamke,70,2016-06-04 10:00:55.031,1.96,2016-06-04 11:00:00,
1.125143121,2581407,Tobias Kamke,Albot v Kamke,80,2016-06-04 10:03:45.334,1.95,2016-06-04 11:00:00,
1.125143121,2581407,Tobias Kamke,Albot v Kamke,90,2016-06-04 10:26:48.689,1.91,2016-06-04 11:00:00,
1.125143121,2581407,Tobias Kamke,Albot v Kamke,100,2016-06-04 10:52:49.997,1.87,2016-06-04 11:00:00,
1.125143121,6603898,Radu Albot,Albot v Kamke,0,2016-06-03 23:22:04.240,2.08,2016-06-04 11:00:00,
1.125143121,6603898,Radu Albot,Albot v Kamke,10,2016-06-04 07:39:54.169,2.16,2016-06-04 11:00:00,
1.125143121,6603898,Radu Albot,Albot v Kamke,20,2016-06-04 07:56:48.870,2.06,2016-06-04 11:00:00,
1.125143121,6603898,Radu Albot,Albot v Kamke,30,2016-06-04 08:46:55.028,2.02,2016-06-04 11:00:00,
1.125143121,6603898,Radu Albot,Albot v Kamke,40,2016-06-04 09:00:52.607,2.04,2016-06-04 11:00:00,
1.125143121,6603898,Radu Albot,Albot v Kamke,50,2016-06-04 09:12:36.516,2.08,2016-06-04 11:00:00,
1.125143121,6603898,Radu Albot,Albot v Kamke,60,2016-06-04 09:17:51.123,2.1,2016-06-04 11:00:00,
1.125143121,6603898,Radu Albot,Albot v Kamke,70,2016-06-04 10:00:55.031,2.04,2016-06-04 11:00:00,
1.125143121,6603898,Radu Albot,Albot v Kamke,80,2016-06-04 10:02:45.273,2.12,2016-06-04 11:00:00,
1.125143121,6603898,Radu Albot,Albot v Kamke,90,2016-06-04 10:05:45.503,2.12,2016-06-04 11:00:00,
1.125143121,6603898,Radu Albot,Albot v Kamke,100,2016-06-04 10:46:38.505,2.14,2016-06-04 11:00:00,
1.125143166,1502771,Bryan/Bryan,Lopez/Lopez v Bryan/Bryan,0,2016-06-03 17:57:20.206,1.29,2016-06-04 15:00:00,
1.125143166,1502771,Bryan/Bryan,Lopez/Lopez v Bryan/Bryan,10,2016-06-03 21:33:10.316,1.43,2016-06-04 15:00:00,
1.125143166,1502771,Bryan/Bryan,Lopez/Lopez v Bryan/Bryan,20,2016-06-03 23:02:09.835,1.36,2016-06-04 15:00:00,
1.125143166,1502771,Bryan/Bryan,Lopez/Lopez v Bryan/Bryan,30,2016-06-04 08:11:31.454,1.39,2016-06-04 15:00:00,
1.125143166,1502771,Bryan/Bryan,Lopez/Lopez v Bryan/Bryan,40,2016-06-04 11:46:08.213,1.39,2016-06-04 15:00:00,
1.125143166,1502771,Bryan/Bryan,Lopez/Lopez v Bryan/Bryan,50,2016-06-04 12:42:19.261,1.37,2016-06-04 15:00:00,
1.125143166,1502771,Bryan/Bryan,Lopez/Lopez v Bryan/Bryan,60,2016-06-04 13:50:08.273,1.38,2016-06-04 15:06:00,
1.125143166,1502771,Bryan/Bryan,Lopez/Lopez v Bryan/Bryan,70,2016-06-04 14:59:30.288,1.4,2016-06-04 15:06:00,
1.125143166,1502771,Bryan/Bryan,Lopez/Lopez v Bryan/Bryan,80,2016-06-04 15:22:26.533,1.38,2016-06-04 15:23:00,
1.125143166,1502771,Bryan/Bryan,Lopez/Lopez v Bryan/Bryan,90,2016-06-04 15:32:32.430,1.38,2016-06-04 15:38:00,
1.125143166,1502771,Bryan/Bryan,Lopez/Lopez v Bryan/Bryan,100,2016-06-04 15:44:30.127,1.41,2016-06-04 15:53:00,
1.125143166,2010693,Lopez/Lopez,Lopez/Lopez v Bryan/Bryan,0,2016-06-03 16:21:30.120,3.15,2016-06-04 12:00:00,
1.125143166,2010693,Lopez/Lopez,Lopez/Lopez v Bryan/Bryan,10,2016-06-03 19:53:47.459,3.3,2016-06-04 15:00:00,
1.125143166,2010693,Lopez/Lopez,Lopez/Lopez v Bryan/Bryan,20,2016-06-03 22:44:43.433,3.75,2016-06-04 15:00:00,
1.125143166,2010693,Lopez/Lopez,Lopez/Lopez v Bryan/Bryan,30,2016-06-04 09:57:03.790,3.65,2016-06-04 15:00:00,
1.125143166,2010693,Lopez/Lopez,Lopez/Lopez v Bryan/Bryan,40,2016-06-04 11:51:28.599,3.75,2016-06-04 15:00:00,
1.125143166,2010693,Lopez/Lopez,Lopez/Lopez v Bryan/Bryan,50,2016-06-04 14:06:34.121,3.7,2016-06-04 15:06:00,
1.125143166,2010693,Lopez/Lopez,Lopez/Lopez v Bryan/Bryan,60,2016-06-04 14:50:32.091,3.55,2016-06-04 15:06:00,
1.125143166,2010693,Lopez/Lopez,Lopez/Lopez v Bryan/Bryan,70,2016-06-04 15:05:34.245,3.45,2016-06-04 15:08:00,
1.125143166,2010693,Lopez/Lopez,Lopez/Lopez v Bryan/Bryan,80,2016-06-04 15:17:17.335,3.75,2016-06-04 15:23:00,
1.125143166,2010693,Lopez/Lopez,Lopez/Lopez v Bryan/Bryan,90,2016-06-04 15:26:33.139,3.6,2016-06-04 15:38:00,
1.125143166,2010693,Lopez/Lopez,Lopez/Lopez v Bryan/Bryan,100,2016-06-04 15:44:30.127,3.25,2016-06-04 15:53:00,
1.125143171,4829260,Denis Kudla,Kudla v Ye Lu,0,2016-06-03 17:55:29.231,1.74,2016-06-04 10:00:00,
1.125143171,4829260,Denis Kudla,Kudla v Ye Lu,10,2016-06-04 01:29:53.163,2.18,2016-06-04 10:00:00,
1.125143171,4829260,Denis Kudla,Kudla v Ye Lu,20,2016-06-04 03:41:45.883,1.94,2016-06-04 10:00:00,
1.125143171,4829260,Denis Kudla,Kudla v Ye Lu,30,2016-06-04 05:24:48.522,2.08,2016-06-04 10:00:00,
1.125143171,4829260,Denis Kudla,Kudla v Ye Lu,40,2016-06-04 07:57:50.280,2.1,2016-06-04 10:00:00,
1.125143171,4829260,Denis Kudla,Kudla v Ye Lu,50,2016-06-04 08:45:44.915,2.06,2016-06-04 10:00:00,
1.125143171,4829260,Denis Kudla,Kudla v Ye Lu,60,2016-06-04 09:10:52.533,2.08,2016-06-04 10:00:00,
1.125143171,4829260,Denis Kudla,Kudla v Ye Lu,70,2016-06-04 09:37:50.821,2.0,2016-06-04 10:00:00,
1.125143171,4829260,Denis Kudla,Kudla v Ye Lu,80,2016-06-04 09:50:48.833,2.06,2016-06-04 10:00:00,
1.125143171,4829260,Denis Kudla,Kudla v Ye Lu,90,2016-06-04 09:52:52.808,1.9,2016-06-04 10:00:00,
1.125143171,4829260,Denis Kudla,Kudla v Ye Lu,100,2016-06-04 09:54:45.740,1.96,2016-06-04 10:00:00,
1.125143171,11204618,Yen-Hsun Lu,Kudla v Ye Lu,0,2016-06-03 17:58:53.490,2.34,2016-06-04 10:00:00,
1.125143171,11204618,Yen-Hsun Lu,Kudla v Ye Lu,10,2016-06-04 01:29:53.163,1.85,2016-06-04 10:00:00,
1.125143171,11204618,Yen-Hsun Lu,Kudla v Ye Lu,20,2016-06-04 02:57:11.901,1.91,2016-06-04 10:00:00,
1.125143171,11204618,Yen-Hsun Lu,Kudla v Ye Lu,30,2016-06-04 04:27:19.092,1.94,2016-06-04 10:00:00,
1.125143171,11204618,Yen-Hsun Lu,Kudla v Ye Lu,40,2016-06-04 06:11:07.414,1.94,2016-06-04 10:00:00,
1.125143171,11204618,Yen-Hsun Lu,Kudla v Ye Lu,50,2016-06-04 07:56:27.850,1.91,2016-06-04 10:00:00,
1.125143171,11204618,Yen-Hsun Lu,Kudla v Ye Lu,60,2016-06-04 08:08:49.547,1.92,2016-06-04 10:00:00,
1.125143171,11204618,Yen-Hsun Lu,Kudla v Ye Lu,70,2016-06-04 09:02:51.473,1.95,2016-06-04 10:00:00,
1.125143171,11204618,Yen-Hsun Lu,Kudla v Ye Lu,80,2016-06-04 09:11:35.457,1.95,2016-06-04 10:00:00,
1.125143171,11204618,Yen-Hsun Lu,Kudla v Ye Lu,90,2016-06-04 09:51:49.895,2.0,2016-06-04 10:00:00,
1.125143171,11204618,Yen-Hsun Lu,Kudla v Ye Lu,100,2016-06-04 09:54:45.740,2.04,2016-06-04 10:00:00,
1.125143446,2249229,Novak Djokovic,N Djokovic v A Murray,0,2016-06-03 16:13:14.865,1.35,2016-06-04 12:00:00,
1.125143446,2249229,Novak Djokovic,N Djokovic v A Murray,10,2016-06-03 22:56:29.467,1.36,2016-06-04 12:00:00,
1.125143446,2249229,Novak Djokovic,N Djokovic v A Murray,20,2016-06-04 11:58:30.144,1.35,2016-06-05 12:00:00,
1.125143446,2249229,Novak Djokovic,N Djokovic v A Murray,30,2016-06-04 16:43:25.639,1.35,2016-06-05 13:00:00,
1.125143446,2249229,Novak Djokovic,N Djokovic v A Murray,40,2016-06-04 21:30:31.584,1.36,2016-06-05 13:00:00,
1.125143446,2249229,Novak Djokovic,N Djokovic v A Murray,50,2016-06-05 04:15:35.585,1.37,2016-06-05 13:00:00,
1.125143446,2249229,Novak Djokovic,N Djokovic v A Murray,60,2016-06-05 06:47:28.868,1.37,2016-06-05 13:00:00,
1.125143446,2249229,Novak Djokovic,N Djokovic v A Murray,70,2016-06-05 08:46:30.430,1.36,2016-06-05 13:00:00,
1.125143446,2249229,Novak Djokovic,N Djokovic v A Murray,80,2016-06-05 10:12:35.785,1.36,2016-06-05 13:00:00,
1.125143446,2249229,Novak Djokovic,N Djokovic v A Murray,90,2016-06-05 11:38:30.977,1.35,2016-06-05 13:00:00,
1.125143446,2249229,Novak Djokovic,N Djokovic v A Murray,100,2016-06-05 12:58:34.894,1.38,2016-06-05 13:00:00,
1.125143446,2256509,Andy Murray,N Djokovic v A Murray,0,2016-06-03 16:14:35.411,3.75,2016-06-04 12:00:00,
1.125143446,2256509,Andy Murray,N Djokovic v A Murray,10,2016-06-03 19:06:35.658,3.85,2016-06-04 12:00:00,
1.125143446,2256509,Andy Murray,N Djokovic v A Murray,20,2016-06-04 05:32:27.269,3.8,2016-06-05 12:00:00,
1.125143446,2256509,Andy Murray,N Djokovic v A Murray,30,2016-06-04 13:10:48.716,3.85,2016-06-05 12:00:00,
1.125143446,2256509,Andy Murray,N Djokovic v A Murray,40,2016-06-04 17:56:23.068,3.8,2016-06-05 13:00:00,
1.125143446,2256509,Andy Murray,N Djokovic v A Murray,50,2016-06-04 21:22:53.389,3.75,2016-06-05 13:00:00,
1.125143446,2256509,Andy Murray,N Djokovic v A Murray,60,2016-06-05 00:40:34.158,3.75,2016-06-05 13:00:00,
1.125143446,2256509,Andy Murray,N Djokovic v A Murray,70,2016-06-05 06:20:46.327,3.7,2016-06-05 13:00:00,
1.125143446,2256509,Andy Murray,N Djokovic v A Murray,80,2016-06-05 08:36:35.050,3.7,2016-06-05 13:00:00,
1.125143446,2256509,Andy Murray,N Djokovic v A Murray,90,2016-06-05 10:43:35.283,3.75,2016-06-05 13:00:00,
1.125143446,2256509,Andy Murray,N Djokovic v A Murray,100,2016-06-05 12:59:35.892,3.65,2016-06-05 13:00:00,
1.125143457,2249229,Novak Djokovic,N Djokovic v A Murray,0,2016-06-03 20:32:06.379,1.37,2016-06-04 12:00:00,
1.125143457,2249229,Novak Djokovic,N Djokovic v A Murray,10,2016-06-04 10:10:13.521,1.34,2016-06-05 12:00:00,
1.125143457,2249229,Novak Djokovic,N Djokovic v A Murray,20,2016-06-05 06:37:35.967,1.37,2016-06-05 13:00:00,
1.125143457,2249229,Novak Djokovic,N Djokovic v A Murray,30,2016-06-05 08:30:35.364,1.35,2016-06-05 13:00:00,
1.125143457,2249229,Novak Djokovic,N Djokovic v A Murray,40,2016-06-05 10:17:35.500,1.35,2016-06-05 13:00:00,
1.125143457,2249229,Novak Djokovic,N Djokovic v A Murray,50,2016-06-05 11:25:35.679,1.34,2016-06-05 13:00:00,
1.125143457,2249229,Novak Djokovic,N Djokovic v A Murray,60,2016-06-05 11:55:34.030,1.36,2016-06-05 13:00:00,
1.125143457,2249229,Novak Djokovic,N Djokovic v A Murray,70,2016-06-05 12:11:34.411,1.34,2016-06-05 13:00:00,
1.125143457,2249229,Novak Djokovic,N Djokovic v A Murray,80,2016-06-05 12:14:33.985,1.35,2016-06-05 13:00:00,
1.125143457,2249229,Novak Djokovic,N Djokovic v A Murray,90,2016-06-05 12:23:32.782,1.37,2016-06-05 13:00:00,
1.125143457,2249229,Novak Djokovic,N Djokovic v A Murray,100,2016-06-05 12:57:35.368,1.37,2016-06-05 13:00:00,
1.125143457,2256509,Andy Murray,N Djokovic v A Murray,0,2016-06-03 21:08:16.711,3.95,2016-06-04 12:00:00,
1.125143457,2256509,Andy Murray,N Djokovic v A Murray,10,2016-06-04 15:25:35.648,3.85,2016-06-05 12:00:00,
1.125143457,2256509,Andy Murray,N Djokovic v A Murray,20,2016-06-04 20:36:10.792,3.9,2016-06-05 13:00:00,
1.125143457,2256509,Andy Murray,N Djokovic v A Murray,30,2016-06-04 20:57:15.920,3.75,2016-06-05 13:00:00,
1.125143457,2256509,Andy Murray,N Djokovic v A Murray,40,2016-06-05 05:32:54.623,3.75,2016-06-05 13:00:00,
1.125143457,2256509,Andy Murray,N Djokovic v A Murray,50,2016-06-05 08:30:35.364,3.85,2016-06-05 13:00:00,
1.125143457,2256509,Andy Murray,N Djokovic v A Murray,60,2016-06-05 09:48:21.457,3.9,2016-06-05 13:00:00,
1.125143457,2256509,Andy Murray,N Djokovic v A Murray,70,2016-06-05 10:01:22.692,3.8,2016-06-05 13:00:00,
1.125143457,2256509,Andy Murray,N Djokovic v A Murray,80,2016-06-05 11:55:34.030,3.8,2016-06-05 13:00:00,
1.125143457,2256509,Andy Murray,N Djokovic v A Murray,90,2016-06-05 12:13:35.004,3.75,2016-06-05 13:00:00,
1.125143457,2256509,Andy Murray,N Djokovic v A Murray,100,2016-06-05 12:56:35.950,3.75,2016-06-05 13:00:00,
1.125143866,2489416,Maximo Gonzalez,Ma Gonzalez v Struff,0,2016-06-04 01:18:55.754,2.66,2016-06-04 13:00:00,
1.125143866,2489416,Maximo Gonzalez,Ma Gonzalez v Struff,10,2016-06-04 01:19:55.457,2.14,2016-06-04 13:00:00,
1.125143866,2489416,Maximo Gonzalez,Ma Gonzalez v Struff,20,2016-06-04 01:20:55.627,2.0,2016-06-04 13:00:00,
1.125143866,2489416,Maximo Gonzalez,Ma Gonzalez v Struff,30,2016-06-04 01:21:55.976,1.8,2016-06-04 13:00:00,
1.125143866,2489416,Maximo Gonzalez,Ma Gonzalez v Struff,40,2016-06-04 08:36:29.826,2.42,2016-06-04 13:00:00,
1.125143866,2489416,Maximo Gonzalez,Ma Gonzalez v Struff,50,2016-06-04 12:01:48.479,2.68,2016-06-04 12:51:00,
1.125143866,2489416,Maximo Gonzalez,Ma Gonzalez v Struff,60,2016-06-04 12:30:52.186,2.74,2016-06-04 12:51:00,
1.125143866,2489416,Maximo Gonzalez,Ma Gonzalez v Struff,70,2016-06-04 12:33:48.997,2.7,2016-06-04 12:51:00,
1.125143866,2489416,Maximo Gonzalez,Ma Gonzalez v Struff,80,2016-06-04 12:34:49.178,2.62,2016-06-04 12:51:00,
1.125143866,2489416,Maximo Gonzalez,Ma Gonzalez v Struff,90,2016-06-04 12:36:48.139,2.6,2016-06-04 12:51:00,
1.125143866,2489416,Maximo Gonzalez,Ma Gonzalez v Struff,100,2016-06-04 12:48:53.227,2.5,2016-06-04 13:01:00,
1.125143866,11204363,Jan-Lennard Struff,Ma Gonzalez v Struff,0,2016-06-03 23:23:47.553,1.51,2016-06-04 13:00:00,
1.125143866,11204363,Jan-Lennard Struff,Ma Gonzalez v Struff,10,2016-06-04 01:18:55.754,1.61,2016-06-04 13:00:00,
1.125143866,11204363,Jan-Lennard Struff,Ma Gonzalez v Struff,20,2016-06-04 01:19:55.457,1.88,2016-06-04 13:00:00,
1.125143866,11204363,Jan-Lennard Struff,Ma Gonzalez v Struff,30,2016-06-04 01:23:55.641,2.1,2016-06-04 13:00:00,
1.125143866,11204363,Jan-Lennard Struff,Ma Gonzalez v Struff,40,2016-06-04 08:45:48.157,1.62,2016-06-04 13:00:00,
1.125143866,11204363,Jan-Lennard Struff,Ma Gonzalez v Struff,50,2016-06-04 11:29:49.345,1.6,2016-06-04 12:51:00,
1.125143866,11204363,Jan-Lennard Struff,Ma Gonzalez v Struff,60,2016-06-04 11:57:40.727,1.61,2016-06-04 12:51:00,
1.125143866,11204363,Jan-Lennard Struff,Ma Gonzalez v Struff,70,2016-06-04 12:01:48.479,1.6,2016-06-04 12:51:00,
1.125143866,11204363,Jan-Lennard Struff,Ma Gonzalez v Struff,80,2016-06-04 12:33:48.997,1.57,2016-06-04 12:51:00,
1.125143866,11204363,Jan-Lennard Struff,Ma Gonzalez v Struff,90,2016-06-04 12:34:49.178,1.61,2016-06-04 12:51:00,
1.125143866,11204363,Jan-Lennard Struff,Ma Gonzalez v Struff,100,2016-06-04 12:46:41.862,1.63,2016-06-04 13:01:00,
1.125143871,3425152,Mandy Minella,Ana Konjuh v Minella,0,2016-06-03 21:46:26.795,4.7,2016-06-04 15:00:00,
1.125143871,3425152,Mandy Minella,Ana Konjuh v Minella,10,2016-06-04 07:02:58.386,4.5,2016-06-04 15:00:00,
1.125143871,3425152,Mandy Minella,Ana Konjuh v Minella,20,2016-06-04 09:12:05.574,4.5,2016-06-04 15:00:00,
1.125143871,3425152,Mandy Minella,Ana Konjuh v Minella,30,2016-06-04 10:13:06.381,4.5,2016-06-04 15:00:00,
1.125143871,3425152,Mandy Minella,Ana Konjuh v Minella,40,2016-06-04 10:44:13.985,5.1,2016-06-04 15:00:00,
1.125143871,3425152,Mandy Minella,Ana Konjuh v Minella,50,2016-06-04 11:55:40.674,4.7,2016-06-04 15:00:00,
1.125143871,3425152,Mandy Minella,Ana Konjuh v Minella,60,2016-06-04 14:01:13.210,5.0,2016-06-04 15:00:00,
1.125143871,3425152,Mandy Minella,Ana Konjuh v Minella,70,2016-06-04 14:04:10.362,5.0,2016-06-04 15:00:00,
1.125143871,3425152,Mandy Minella,Ana Konjuh v Minella,80,2016-06-04 14:07:10.820,5.0,2016-06-04 15:00:00,
1.125143871,3425152,Mandy Minella,Ana Konjuh v Minella,90,2016-06-04 14:51:14.177,4.9,2016-06-04 15:00:00,
1.125143871,3425152,Mandy Minella,Ana Konjuh v Minella,100,2016-06-04 14:54:12.541,5.0,2016-06-04 15:00:00,
1.125143871,8173632,Ana Konjuh,Ana Konjuh v Minella,0,2016-06-03 21:46:26.795,1.27,2016-06-04 15:00:00,
1.125143871,8173632,Ana Konjuh,Ana Konjuh v Minella,10,2016-06-04 07:20:29.734,1.28,2016-06-04 15:00:00,
1.125143871,8173632,Ana Konjuh,Ana Konjuh v Minella,20,2016-06-04 09:37:42.340,1.26,2016-06-04 15:00:00,
1.125143871,8173632,Ana Konjuh,Ana Konjuh v Minella,30,2016-06-04 10:13:06.381,1.29,2016-06-04 15:00:00,
1.125143871,8173632,Ana Konjuh,Ana Konjuh v Minella,40,2016-06-04 10:35:32.658,1.28,2016-06-04 15:00:00,
1.125143871,8173632,Ana Konjuh,Ana Konjuh v Minella,50,2016-06-04 10:48:51.463,1.25,2016-06-04 15:00:00,
1.125143871,8173632,Ana Konjuh,Ana Konjuh v Minella,60,2016-06-04 12:04:04.197,1.27,2016-06-04 15:00:00,
1.125143871,8173632,Ana Konjuh,Ana Konjuh v Minella,70,2016-06-04 12:15:48.071,1.26,2016-06-04 15:00:00,
1.125143871,8173632,Ana Konjuh,Ana Konjuh v Minella,80,2016-06-04 14:00:14.147,1.25,2016-06-04 15:00:00,
1.125143871,8173632,Ana Konjuh,Ana Konjuh v Minella,90,2016-06-04 14:48:53.903,1.25,2016-06-04 15:00:00,
1.125143871,8173632,Ana Konjuh,Ana Konjuh v Minella,100,2016-06-04 14:54:12.541,1.25,2016-06-04 15:00:00,
1.125143968,6369481,Makarova/Vesnina,Makarova/Vesnina v Garcia/Mladenovic,0,2016-06-03 21:16:19.305,2.24,2016-06-04 12:00:00,
1.125143968,6369481,Makarova/Vesnina,Makarova/Vesnina v Garcia/Mladenovic,10,2016-06-04 07:17:28.751,2.38,2016-06-05 12:00:00,
1.125143968,6369481,Makarova/Vesnina,Makarova/Vesnina v Garcia/Mladenovic,20,2016-06-04 12:47:34.862,2.28,2016-06-05 12:00:00,
1.125143968,6369481,Makarova/Vesnina,Makarova/Vesnina v Garcia/Mladenovic,30,2016-06-04 20:46:12.525,2.18,2016-06-05 09:30:00,
1.125143968,6369481,Makarova/Vesnina,Makarova/Vesnina v Garcia/Mladenovic,40,2016-06-04 23:56:28.863,2.26,2016-06-05 09:30:00,
1.125143968,6369481,Makarova/Vesnina,Makarova/Vesnina v Garcia/Mladenovic,50,2016-06-05 04:58:37.235,2.46,2016-06-05 09:30:00,
1.125143968,6369481,Makarova/Vesnina,Makarova/Vesnina v Garcia/Mladenovic,60,2016-06-05 06:59:23.677,2.54,2016-06-05 09:30:00,
1.125143968,6369481,Makarova/Vesnina,Makarova/Vesnina v Garcia/Mladenovic,70,2016-06-05 08:01:24.739,2.44,2016-06-05 09:30:00,
1.125143968,6369481,Makarova/Vesnina,Makarova/Vesnina v Garcia/Mladenovic,80,2016-06-05 08:41:32.405,2.36,2016-06-05 09:30:00,
1.125143968,6369481,Makarova/Vesnina,Makarova/Vesnina v Garcia/Mladenovic,90,2016-06-05 09:22:30.837,2.42,2016-06-05 09:30:00,
1.125143968,6369481,Makarova/Vesnina,Makarova/Vesnina v Garcia/Mladenovic,100,2016-06-05 09:34:26.046,2.5,2016-06-05 09:45:00,
1.125143968,10704359,Garcia/Mladenovic,Makarova/Vesnina v Garcia/Mladenovic,0,2016-06-03 20:25:11.797,1.57,2016-06-04 12:00:00,
1.125143968,10704359,Garcia/Mladenovic,Makarova/Vesnina v Garcia/Mladenovic,10,2016-06-04 07:21:26.463,1.74,2016-06-05 12:00:00,
1.125143968,10704359,Garcia/Mladenovic,Makarova/Vesnina v Garcia/Mladenovic,20,2016-06-04 20:27:34.298,1.83,2016-06-05 09:30:00,
1.125143968,10704359,Garcia/Mladenovic,Makarova/Vesnina v Garcia/Mladenovic,30,2016-06-05 04:08:34.228,1.7,2016-06-05 09:30:00,
1.125143968,10704359,Garcia/Mladenovic,Makarova/Vesnina v Garcia/Mladenovic,40,2016-06-05 05:00:05.154,1.68,2016-06-05 09:30:00,
1.125143968,10704359,Garcia/Mladenovic,Makarova/Vesnina v Garcia/Mladenovic,50,2016-06-05 06:57:40.844,1.65,2016-06-05 09:30:00,
1.125143968,10704359,Garcia/Mladenovic,Makarova/Vesnina v Garcia/Mladenovic,60,2016-06-05 07:51:27.164,1.66,2016-06-05 09:30:00,
1.125143968,10704359,Garcia/Mladenovic,Makarova/Vesnina v Garcia/Mladenovic,70,2016-06-05 08:16:04.001,1.73,2016-06-05 09:30:00,
1.125143968,10704359,Garcia/Mladenovic,Makarova/Vesnina v Garcia/Mladenovic,80,2016-06-05 08:43:27.584,1.71,2016-06-05 09:30:00,
1.125143968,10704359,Garcia/Mladenovic,Makarova/Vesnina v Garcia/Mladenovic,90,2016-06-05 09:23:28.284,1.69,2016-06-05 09:30:00,
1.125143968,10704359,Garcia/Mladenovic,Makarova/Vesnina v Garcia/Mladenovic,100,2016-06-05 09:34:26.046,1.66,2016-06-05 09:45:00,
1.125144479,8257807,Nikoloz Basilashvili,Basilashvili v Bachinger,0,2016-06-04 03:40:10.290,1.21,2016-06-04 08:30:00,
1.125144479,8257807,Nikoloz Basilashvili,Basilashvili v Bachinger,10,2016-06-04 06:27:23.673,1.65,2016-06-04 08:30:00,
1.125144479,8257807,Nikoloz Basilashvili,Basilashvili v Bachinger,20,2016-06-04 06:44:40.672,1.63,2016-06-04 08:30:00,
1.125144479,8257807,Nikoloz Basilashvili,Basilashvili v Bachinger,30,2016-06-04 07:24:01.872,1.62,2016-06-04 08:30:00,
1.125144479,8257807,Nikoloz Basilashvili,Basilashvili v Bachinger,40,2016-06-04 07:30:31.908,1.56,2016-06-04 08:30:00,
1.125144479,8257807,Nikoloz Basilashvili,Basilashvili v Bachinger,50,2016-06-04 08:29:33.380,1.58,2016-06-04 08:45:00,
1.125144479,8257807,Nikoloz Basilashvili,Basilashvili v Bachinger,60,2016-06-04 08:39:37.153,1.5,2016-06-04 08:45:00,
1.125144479,8257807,Nikoloz Basilashvili,Basilashvili v Bachinger,70,2016-06-04 08:45:41.248,1.45,2016-06-04 09:00:00,
1.125144479,8257807,Nikoloz Basilashvili,Basilashvili v Bachinger,80,2016-06-04 08:48:44.468,1.5,2016-06-04 09:00:00,
1.125144479,8257807,Nikoloz Basilashvili,Basilashvili v Bachinger,90,2016-06-04 08:51:43.494,1.59,2016-06-04 09:00:00,
1.125144479,8257807,Nikoloz Basilashvili,Basilashvili v Bachinger,100,2016-06-04 08:56:28.547,1.61,2016-06-04 09:00:00,
1.125144489,4994683,Axel Michon,F Moser v Michon,0,2016-06-04 07:43:39.712,1.5,2016-06-04 14:30:00,
1.125144489,4994683,Axel Michon,F Moser v Michon,10,2016-06-04 09:38:24.494,1.61,2016-06-04 14:57:00,
1.125144489,4994683,Axel Michon,F Moser v Michon,20,2016-06-04 10:46:52.574,1.6,2016-06-04 12:57:00,
1.125144489,4994683,Axel Michon,F Moser v Michon,30,2016-06-04 11:52:00.856,1.61,2016-06-04 13:57:00,
1.125144489,4994683,Axel Michon,F Moser v Michon,40,2016-06-04 12:37:41.531,1.73,2016-06-04 14:42:00,
1.125144489,4994683,Axel Michon,F Moser v Michon,50,2016-06-04 13:12:42.484,1.6,2016-06-04 15:12:00,
1.125144489,4994683,Axel Michon,F Moser v Michon,60,2016-06-04 14:16:08.142,1.59,2016-06-04 16:27:00,
1.125144489,4994683,Axel Michon,F Moser v Michon,70,2016-06-04 14:47:46.442,1.6,2016-06-04 15:00:00,
1.125144489,4994683,Axel Michon,F Moser v Michon,80,2016-06-04 14:49:31.203,1.59,2016-06-04 15:00:00,
1.125144489,4994683,Axel Michon,F Moser v Michon,90,2016-06-04 14:57:06.696,1.57,2016-06-04 15:00:00,
1.125144489,4994683,Axel Michon,F Moser v Michon,100,2016-06-04 15:20:15.668,1.59,2016-06-04 15:30:00,
1.125145812,6438850,B Haas,B Haas v J Maleckova,0,2016-06-04 05:37:27.478,1.62,2016-06-04 14:15:00,
1.125145812,6438850,B Haas,B Haas v J Maleckova,10,2016-06-04 07:38:36.207,1.64,2016-06-04 14:15:00,
1.125145812,6438850,B Haas,B Haas v J Maleckova,20,2016-06-04 11:45:23.138,1.64,2016-06-04 14:15:00,
1.125145812,6438850,B Haas,B Haas v J Maleckova,30,2016-06-04 12:28:43.107,1.72,2016-06-04 14:15:00,
1.125145812,6438850,B Haas,B Haas v J Maleckova,40,2016-06-04 14:02:00.415,1.64,2016-06-04 14:15:00,
1.125145812,6438850,B Haas,B Haas v J Maleckova,50,2016-06-05 03:06:36.162,1.96,2016-06-05 08:05:00,2016-06-04 14:33:06.017
1.125145812,6438850,B Haas,B Haas v J Maleckova,60,2016-06-05 06:50:10.319,1.84,2016-06-05 08:05:00,2016-06-04 14:33:06.017
1.125145812,6438850,B Haas,B Haas v J Maleckova,70,2016-06-05 06:55:36.225,1.85,2016-06-05 08:05:00,2016-06-04 14:33:06.017
1.125145812,6438850,B Haas,B Haas v J Maleckova,80,2016-06-05 07:18:43.352,1.84,2016-06-05 08:05:00,2016-06-04 14:33:06.017
1.125145812,6438850,B Haas,B Haas v J Maleckova,90,2016-06-05 07:48:35.992,1.74,2016-06-05 08:05:00,2016-06-04 14:33:06.017
1.125145812,6438850,B Haas,B Haas v J Maleckova,100,2016-06-05 08:01:05.363,1.78,2016-06-05 08:05:00,2016-06-04 14:33:06.017
1.125145984,2426262,Alexandre Sidorenko,Shapovalov v Sidorenko,0,2016-06-04 14:26:55.792,2.44,2016-06-05 12:00:00,
1.125145984,2426262,Alexandre Sidorenko,Shapovalov v Sidorenko,10,2016-06-07 01:45:58.181,1.66,2016-06-07 07:00:00,
1.125145984,2426262,Alexandre Sidorenko,Shapovalov v Sidorenko,20,2016-06-07 03:48:10.421,1.67,2016-06-07 07:00:00,
1.125145984,2426262,Alexandre Sidorenko,Shapovalov v Sidorenko,30,2016-06-07 04:56:28.414,1.75,2016-06-07 07:00:00,
1.125145984,2426262,Alexandre Sidorenko,Shapovalov v Sidorenko,40,2016-06-07 06:09:02.658,1.72,2016-06-07 07:00:00,
1.125145984,2426262,Alexandre Sidorenko,Shapovalov v Sidorenko,50,2016-06-07 06:37:56.741,1.76,2016-06-07 07:00:00,
1.125145984,2426262,Alexandre Sidorenko,Shapovalov v Sidorenko,60,2016-06-07 06:58:11.897,1.72,2016-06-07 07:00:00,
1.125145984,2426262,Alexandre Sidorenko,Shapovalov v Sidorenko,70,2016-06-07 07:00:47.820,1.76,2016-06-07 07:15:00,
1.125145984,2426262,Alexandre Sidorenko,Shapovalov v Sidorenko,80,2016-06-07 07:14:30.932,1.77,2016-06-07 07:15:00,
1.125145984,2426262,Alexandre Sidorenko,Shapovalov v Sidorenko,90,2016-06-07 07:20:50.084,1.76,2016-06-07 07:30:00,
1.125145984,2426262,Alexandre Sidorenko,Shapovalov v Sidorenko,100,2016-06-07 07:29:51.422,1.82,2016-06-07 07:30:00,
1.125145994,5908538,Alexander Kudryavtsev,Popko v Kudryavtsev,0,2016-06-05 23:22:57.994,3.0,2016-06-06 10:00:00,
1.125145994,5908538,Alexander Kudryavtsev,Popko v Kudryavtsev,10,2016-06-06 08:00:38.218,2.92,2016-06-06 09:52:00,
1.125145994,5908538,Alexander Kudryavtsev,Popko v Kudryavtsev,20,2016-06-06 08:17:00.674,3.0,2016-06-06 09:52:00,
1.125145994,5908538,Alexander Kudryavtsev,Popko v Kudryavtsev,30,2016-06-06 08:20:04.887,2.92,2016-06-06 09:52:00,
1.125145994,5908538,Alexander Kudryavtsev,Popko v Kudryavtsev,40,2016-06-06 08:39:50.192,3.2,2016-06-06 09:52:00,
1.125145994,5908538,Alexander Kudryavtsev,Popko v Kudryavtsev,50,2016-06-06 08:52:04.596,2.96,2016-06-06 09:52:00,
1.125145994,5908538,Alexander Kudryavtsev,Popko v Kudryavtsev,60,2016-06-06 09:25:16.039,2.92,2016-06-06 09:52:00,
1.125145994,5908538,Alexander Kudryavtsev,Popko v Kudryavtsev,70,2016-06-06 09:50:59.619,2.94,2016-06-06 10:07:00,
1.125145994,5908538,Alexander Kudryavtsev,Popko v Kudryavtsev,80,2016-06-06 09:58:02.698,2.86,2016-06-06 10:07:00,
1.125145994,5908538,Alexander Kudryavtsev,Popko v Kudryavtsev,90,2016-06-06 09:59:01.221,3.15,2016-06-06 10:07:00,
1.125145994,5908538,Alexander Kudryavtsev,Popko v Kudryavtsev,100,2016-06-06 10:03:30.133,2.94,2016-06-06 10:07:00,
1.125145994,8284522,Dmitry Popko,Popko v Kudryavtsev,0,2016-06-05 22:41:44.011,1.55,2016-06-06 10:00:00,
1.125145994,8284522,Dmitry Popko,Popko v Kudryavtsev,10,2016-06-05 23:22:57.994,1.5,2016-06-06 10:00:00,
1.125145994,8284522,Dmitry Popko,Popko v Kudryavtsev,20,2016-06-06 06:14:36.284,1.47,2016-06-06 10:00:00,
1.125145994,8284522,Dmitry Popko,Popko v Kudryavtsev,30,2016-06-06 08:17:00.674,1.5,2016-06-06 09:52:00,
1.125145994,8284522,Dmitry Popko,Popko v Kudryavtsev,40,2016-06-06 08:39:50.192,1.47,2016-06-06 09:52:00,
1.125145994,8284522,Dmitry Popko,Popko v Kudryavtsev,50,2016-06-06 08:52:04.596,1.51,2016-06-06 09:52:00,
1.125145994,8284522,Dmitry Popko,Popko v Kudryavtsev,60,2016-06-06 09:50:59.619,1.52,2016-06-06 10:07:00,
1.125145994,8284522,Dmitry Popko,Popko v Kudryavtsev,70,2016-06-06 09:55:01.905,1.46,2016-06-06 10:07:00,
1.125145994,8284522,Dmitry Popko,Popko v Kudryavtsev,80,2016-06-06 10:10:57.612,1.52,2016-06-06 10:22:00,
1.125145994,8284522,Dmitry Popko,Popko v Kudryavtsev,90,2016-06-06 10:16:06.256,1.47,2016-06-06 10:22:00,
1.125145994,8284522,Dmitry Popko,Popko v Kudryavtsev,100,2016-06-06 10:33:57.274,1.52,2016-06-06 10:37:00,
1.125145999,2489421,Pere Riba,Karatsev v Riba,0,2016-06-06 14:18:08.886,1.86,2016-06-07 12:00:00,
1.125145999,2489421,Pere Riba,Karatsev v Riba,10,2016-06-07 02:57:07.878,1.77,2016-06-07 09:00:00,
1.125145999,2489421,Pere Riba,Karatsev v Riba,20,2016-06-07 03:00:50.568,1.73,2016-06-07 09:00:00,
1.125145999,2489421,Pere Riba,Karatsev v Riba,30,2016-06-07 06:13:02.135,1.7,2016-06-07 09:00:00,
1.125145999,2489421,Pere Riba,Karatsev v Riba,40,2016-06-07 06:43:30.930,1.71,2016-06-07 09:00:00,
1.125145999,2489421,Pere Riba,Karatsev v Riba,50,2016-06-07 07:50:03.641,1.87,2016-06-07 09:00:00,
1.125145999,2489421,Pere Riba,Karatsev v Riba,60,2016-06-07 08:40:33.448,1.73,2016-06-07 09:00:00,
1.125145999,2489421,Pere Riba,Karatsev v Riba,70,2016-06-07 08:54:08.510,1.71,2016-06-07 09:00:00,
1.125145999,2489421,Pere Riba,Karatsev v Riba,80,2016-06-07 09:16:36.381,1.73,2016-06-07 09:30:00,
1.125145999,2489421,Pere Riba,Karatsev v Riba,90,2016-06-07 09:39:06.783,1.73,2016-06-07 09:45:00,
1.125145999,2489421,Pere Riba,Karatsev v Riba,100,2016-06-07 11:04:02.022,1.8,2016-06-07 11:15:00,
1.125145999,7659748,Aslan Karatsev,Karatsev v Riba,0,2016-06-07 00:11:55.479,2.22,2016-06-07 09:00:00,
1.125145999,7659748,Aslan Karatsev,Karatsev v Riba,10,2016-06-07 06:13:02.135,2.36,2016-06-07 09:00:00,
1.125145999,7659748,Aslan Karatsev,Karatsev v Riba,20,2016-06-07 07:30:58.570,2.28,2016-06-07 09:00:00,
1.125145999,7659748,Aslan Karatsev,Karatsev v Riba,30,2016-06-07 07:48:59.283,2.3,2016-06-07 09:00:00,
1.125145999,7659748,Aslan Karatsev,Karatsev v Riba,40,2016-06-07 07:50:03.641,2.16,2016-06-07 09:00:00,
1.125145999,7659748,Aslan Karatsev,Karatsev v Riba,50,2016-06-07 08:19:37.192,2.32,2016-06-07 09:00:00,
1.125145999,7659748,Aslan Karatsev,Karatsev v Riba,60,2016-06-07 08:40:33.448,2.36,2016-06-07 09:00:00,
1.125145999,7659748,Aslan Karatsev,Karatsev v Riba,70,2016-06-07 08:42:08.605,2.3,2016-06-07 09:00:00,
1.125145999,7659748,Aslan Karatsev,Karatsev v Riba,80,2016-06-07 08:55:02.280,2.16,2016-06-07 09:00:00,
1.125145999,7659748,Aslan Karatsev,Karatsev v Riba,90,2016-06-07 08:57:06.823,2.42,2016-06-07 09:00:00,
1.125145999,7659748,Aslan Karatsev,Karatsev v Riba,100,2016-06-07 09:25:58.580,2.24,2016-06-07 09:30:00,
1.125146004,2609424,Mikhail Kukushkin,Kukushkin v Lipovsek Puches,0,2016-06-05 09:14:36.791,1.12,2016-06-06 12:00:00,
1.125146004,2609424,Mikhail Kukushkin,Kukushkin v Lipovsek Puches,10,2016-06-06 08:01:58.323,1.15,2016-06-07 12:00:00,
1.125146004,2609424,Mikhail Kukushkin,Kukushkin v Lipovsek Puches,20,2016-06-06 19:01:06.139,1.24,2016-06-07 12:00:00,
1.125146004,2609424,Mikhail Kukushkin,Kukushkin v Lipovsek Puches,30,2016-06-07 00:59:04.338,1.11,2016-06-07 12:00:00,
1.125146004,2609424,Mikhail Kukushkin,Kukushkin v Lipovsek Puches,40,2016-06-07 06:42:26.496,1.11,2016-06-07 12:00:00,
1.125146004,2609424,Mikhail Kukushkin,Kukushkin v Lipovsek Puches,50,2016-06-07 08:23:10.296,1.11,2016-06-07 12:00:00,
1.125146004,2609424,Mikhail Kukushkin,Kukushkin v Lipovsek Puches,60,2016-06-07 09:52:04.599,1.11,2016-06-07 12:00:00,
1.125146004,2609424,Mikhail Kukushkin,Kukushkin v Lipovsek Puches,70,2016-06-07 11:37:37.924,1.13,2016-06-07 12:00:00,
1.125146004,2609424,Mikhail Kukushkin,Kukushkin v Lipovsek Puches,80,2016-06-07 12:10:06.426,1.13,2016-06-07 12:15:00,
1.125146004,2609424,Mikhail Kukushkin,Kukushkin v Lipovsek Puches,90,2016-06-07 13:25:07.837,1.11,2016-06-07 13:30:00,
1.125146004,2609424,Mikhail Kukushkin,Kukushkin v Lipovsek Puches,100,2016-06-07 14:50:49.898,1.16,2016-06-07 15:00:00,
1.125146004,8174492,Tomas Lipovsek Puches,Kukushkin v Lipovsek Puches,0,2016-06-06 09:59:47.127,11.0,2016-06-07 12:00:00,
1.125146004,8174492,Tomas Lipovsek Puches,Kukushkin v Lipovsek Puches,10,2016-06-06 19:01:06.139,5.0,2016-06-07 12:00:00,
1.125146004,8174492,Tomas Lipovsek Puches,Kukushkin v Lipovsek Puches,20,2016-06-07 04:37:26.512,7.6,2016-06-07 12:00:00,
1.125146004,8174492,Tomas Lipovsek Puches,Kukushkin v Lipovsek Puches,30,2016-06-07 08:23:10.296,10.0,2016-06-07 12:00:00,
1.125146004,8174492,Tomas Lipovsek Puches,Kukushkin v Lipovsek Puches,40,2016-06-07 10:59:15.250,7.6,2016-06-07 12:00:00,
1.125146004,8174492,Tomas Lipovsek Puches,Kukushkin v Lipovsek Puches,50,2016-06-07 11:31:37.727,9.2,2016-06-07 12:00:00,
1.125146004,8174492,Tomas Lipovsek Puches,Kukushkin v Lipovsek Puches,60,2016-06-07 12:09:05.238,8.0,2016-06-07 12:15:00,
1.125146004,8174492,Tomas Lipovsek Puches,Kukushkin v Lipovsek Puches,70,2016-06-07 12:56:49.830,10.5,2016-06-07 13:00:00,
1.125146004,8174492,Tomas Lipovsek Puches,Kukushkin v Lipovsek Puches,80,2016-06-07 13:25:07.837,9.2,2016-06-07 13:30:00,
1.125146004,8174492,Tomas Lipovsek Puches,Kukushkin v Lipovsek Puches,90,2016-06-07 13:48:29.475,11.0,2016-06-07 14:00:00,
1.125146004,8174492,Tomas Lipovsek Puches,Kukushkin v Lipovsek Puches,100,2016-06-07 14:50:49.898,7.2,2016-06-07 15:00:00,
1.125146015,6603898,Radu Albot,Albot v Lindell,0,2016-06-05 23:27:39.680,1.35,2016-06-06 12:00:00,
1.125146015,6603898,Radu Albot,Albot v Lindell,10,2016-06-06 21:54:22.255,1.34,2016-06-07 09:00:00,
1.125146015,6603898,Radu Albot,Albot v Lindell,20,2016-06-06 22:09:07.261,1.35,2016-06-07 09:00:00,
1.125146015,6603898,Radu Albot,Albot v Lindell,30,2016-06-07 01:54:12.582,1.32,2016-06-07 09:00:00,
1.125146015,6603898,Radu Albot,Albot v Lindell,40,2016-06-07 02:21:59.469,1.33,2016-06-07 09:00:00,
1.125146015,6603898,Radu Albot,Albot v Lindell,50,2016-06-07 06:20:03.190,1.33,2016-06-07 09:00:00,
1.125146015,6603898,Radu Albot,Albot v Lindell,60,2016-06-07 06:28:00.875,1.29,2016-06-07 09:00:00,
1.125146015,6603898,Radu Albot,Albot v Lindell,70,2016-06-07 08:22:13.669,1.31,2016-06-07 09:29:00,
1.125146015,6603898,Radu Albot,Albot v Lindell,80,2016-06-07 08:40:31.571,1.31,2016-06-07 09:29:00,
1.125146015,6603898,Radu Albot,Albot v Lindell,90,2016-06-07 08:53:15.211,1.27,2016-06-07 09:29:00,
1.125146015,6603898,Radu Albot,Albot v Lindell,100,2016-06-07 09:08:12.778,1.28,2016-06-07 09:20:00,
1.12514602,4147957,Marsel Ilhan,S Diez v Ilhan,0,2016-06-06 04:44:35.262,1.54,2016-06-06 11:00:00,
1.12514602,4147957,Marsel Ilhan,S Diez v Ilhan,10,2016-06-06 08:08:20.209,1.38,2016-06-06 11:00:00,
1.12514602,4147957,Marsel Ilhan,S Diez v Ilhan,20,2016-06-06 08:13:19.636,1.39,2016-06-06 11:00:00,
1.12514602,4147957,Marsel Ilhan,S Diez v Ilhan,30,2016-06-06 08:23:19.505,1.43,2016-06-06 11:00:00,
1.12514602,4147957,Marsel Ilhan,S Diez v Ilhan,40,2016-06-06 08:40:07.927,1.4,2016-06-06 11:00:00,
1.12514602,4147957,Marsel Ilhan,S Diez v Ilhan,50,2016-06-06 08:58:40.596,1.42,2016-06-06 11:00:00,
1.12514602,4147957,Marsel Ilhan,S Diez v Ilhan,60,2016-06-06 09:14:19.446,1.43,2016-06-06 11:00:00,
1.12514602,4147957,Marsel Ilhan,S Diez v Ilhan,70,2016-06-06 10:00:28.505,1.42,2016-06-06 11:00:00,
1.12514602,4147957,Marsel Ilhan,S Diez v Ilhan,80,2016-06-06 10:48:51.325,1.41,2016-06-06 11:00:00,
1.12514602,4147957,Marsel Ilhan,S Diez v Ilhan,90,2016-06-06 11:43:13.220,1.36,2016-06-06 11:45:00,
1.12514602,4147957,Marsel Ilhan,S Diez v Ilhan,100,2016-06-06 12:29:19.200,1.4,2016-06-06 12:30:00,
1.12514602,4903593,Steven Diez,S Diez v Ilhan,0,2016-06-06 04:49:17.595,2.86,2016-06-06 11:00:00,
1.12514602,4903593,Steven Diez,S Diez v Ilhan,10,2016-06-06 08:09:15.296,3.55,2016-06-06 11:00:00,
1.12514602,4903593,Steven Diez,S Diez v Ilhan,20,2016-06-06 08:12:20.158,4.0,2016-06-06 11:00:00,
1.12514602,4903593,Steven Diez,S Diez v Ilhan,30,2016-06-06 08:19:39.063,3.5,2016-06-06 11:00:00,
1.12514602,4903593,Steven Diez,S Diez v Ilhan,40,2016-06-06 08:40:55.401,3.4,2016-06-06 11:00:00,
1.12514602,4903593,Steven Diez,S Diez v Ilhan,50,2016-06-06 08:58:40.596,3.4,2016-06-06 11:00:00,
1.12514602,4903593,Steven Diez,S Diez v Ilhan,60,2016-06-06 09:07:17.447,3.45,2016-06-06 11:00:00,
1.12514602,4903593,Steven Diez,S Diez v Ilhan,70,2016-06-06 09:47:17.280,3.4,2016-06-06 11:00:00,
1.12514602,4903593,Steven Diez,S Diez v Ilhan,80,2016-06-06 10:12:20.163,3.35,2016-06-06 11:00:00,
1.12514602,4903593,Steven Diez,S Diez v Ilhan,90,2016-06-06 11:37:19.746,3.6,2016-06-06 11:45:00,
1.12514602,4903593,Steven Diez,S Diez v Ilhan,100,2016-06-06 12:29:19.200,3.5,2016-06-06 12:30:00,
1.12514603,7659623,Karen Khachanov,Ramanathan v Khachanov,0,2016-06-07 01:54:41.493,1.2,2016-06-07 09:00:00,
1.12514603,7659623,Karen Khachanov,Ramanathan v Khachanov,10,2016-06-07 06:28:14.434,1.19,2016-06-07 09:00:00,
1.12514603,7659623,Karen Khachanov,Ramanathan v Khachanov,20,2016-06-07 06:44:05.681,1.27,2016-06-07 09:00:00,
1.12514603,7659623,Karen Khachanov,Ramanathan v Khachanov,30,2016-06-07 07:47:13.820,1.25,2016-06-07 09:00:00,
1.12514603,7659623,Karen Khachanov,Ramanathan v Khachanov,40,2016-06-07 08:19:25.853,1.26,2016-06-07 09:00:00,
1.12514603,7659623,Karen Khachanov,Ramanathan v Khachanov,50,2016-06-07 09:05:55.158,1.19,2016-06-07 09:15:00,
1.12514603,7659623,Karen Khachanov,Ramanathan v Khachanov,60,2016-06-07 09:08:27.188,1.24,2016-06-07 09:15:00,
1.12514603,7659623,Karen Khachanov,Ramanathan v Khachanov,70,2016-06-07 10:13:27.475,1.18,2016-06-07 10:15:00,
1.12514603,7659623,Karen Khachanov,Ramanathan v Khachanov,80,2016-06-07 10:34:40.730,1.18,2016-06-07 10:45:00,
1.12514603,7659623,Karen Khachanov,Ramanathan v Khachanov,90,2016-06-07 11:02:58.018,1.25,2016-06-07 11:15:00,
1.12514603,7659623,Karen Khachanov,Ramanathan v Khachanov,100,2016-06-07 11:24:28.015,1.25,2016-06-07 11:30:00,
1.125146046,2386930,Farrukh Dustov,Dustov v Bublik,0,2016-06-05 19:44:23.980,1.49,2016-06-06 12:30:00,
1.125146046,2386930,Farrukh Dustov,Dustov v Bublik,10,2016-06-06 08:55:59.045,1.58,2016-06-06 12:30:00,
1.125146046,2386930,Farrukh Dustov,Dustov v Bublik,20,2016-06-06 09:51:43.709,2.0,2016-06-06 12:30:00,
1.125146046,2386930,Farrukh Dustov,Dustov v Bublik,30,2016-06-06 10:16:32.227,2.6,2016-06-06 12:30:00,
1.125146046,2386930,Farrukh Dustov,Dustov v Bublik,40,2016-06-06 10:31:27.248,2.48,2016-06-06 12:30:00,
1.125146046,2386930,Farrukh Dustov,Dustov v Bublik,50,2016-06-06 11:10:23.970,2.68,2016-06-06 12:30:00,
1.125146046,2386930,Farrukh Dustov,Dustov v Bublik,60,2016-06-06 11:20:36.873,2.52,2016-06-06 12:30:00,
1.125146046,2386930,Farrukh Dustov,Dustov v Bublik,70,2016-06-06 11:38:34.512,2.48,2016-06-06 12:30:00,
1.125146046,2386930,Farrukh Dustov,Dustov v Bublik,80,2016-06-06 12:06:06.628,3.7,2016-06-06 12:30:00,
1.125146046,2386930,Farrukh Dustov,Dustov v Bublik,90,2016-06-06 12:13:12.217,3.25,2016-06-06 12:30:00,
1.125146046,2386930,Farrukh Dustov,Dustov v Bublik,100,2016-06-06 12:40:41.598,2.78,2016-06-06 12:45:00,
1.125146046,8907933,Alexander Bublik,Dustov v Bublik,0,2016-06-06 08:55:59.045,2.72,2016-06-06 12:30:00,
1.125146046,8907933,Alexander Bublik,Dustov v Bublik,10,2016-06-06 09:09:43.525,2.56,2016-06-06 12:30:00,
1.125146046,8907933,Alexander Bublik,Dustov v Bublik,20,2016-06-06 09:34:32.497,2.22,2016-06-06 12:30:00,
1.125146046,8907933,Alexander Bublik,Dustov v Bublik,30,2016-06-06 09:54:26.286,2.0,2016-06-06 12:30:00,
1.125146046,8907933,Alexander Bublik,Dustov v Bublik,40,2016-06-06 10:01:41.325,1.79,2016-06-06 12:30:00,
1.125146046,8907933,Alexander Bublik,Dustov v Bublik,50,2016-06-06 10:21:41.805,1.62,2016-06-06 12:30:00,
1.125146046,8907933,Alexander Bublik,Dustov v Bublik,60,2016-06-06 11:11:40.926,1.6,2016-06-06 12:30:00,
1.125146046,8907933,Alexander Bublik,Dustov v Bublik,70,2016-06-06 12:00:31.029,1.5,2016-06-06 12:30:00,
1.125146046,8907933,Alexander Bublik,Dustov v Bublik,80,2016-06-06 12:10:43.206,1.38,2016-06-06 12:30:00,
1.125146046,8907933,Alexander Bublik,Dustov v Bublik,90,2016-06-06 12:24:15.238,1.37,2016-06-06 12:30:00,
1.125146046,8907933,Alexander Bublik,Dustov v Bublik,100,2016-06-06 13:05:40.895,1.41,2016-06-06 13:15:00,
1.125146935,7692106,Laslo Djere,Djere v Volandri,0,2016-06-06 05:36:23.077,2.5,2016-06-07 12:00:00,
1.125146935,7692106,Laslo Djere,Djere v Volandri,10,2016-06-06 19:14:19.374,2.26,2016-06-07 15:00:00,
1.125146935,7692106,Laslo Djere,Djere v Volandri,20,2016-06-06 19:16:15.393,2.24,2016-06-07 15:00:00,
1.125146935,7692106,Laslo Djere,Djere v Volandri,30,2016-06-06 20:16:09.282,2.2,2016-06-07 15:00:00,
1.125146935,7692106,Laslo Djere,Djere v Volandri,40,2016-06-07 09:25:45.253,2.06,2016-06-07 15:00:00,
1.125146935,7692106,Laslo Djere,Djere v Volandri,50,2016-06-07 10:08:00.696,2.02,2016-06-07 15:00:00,
1.125146935,7692106,Laslo Djere,Djere v Volandri,60,2016-06-07 11:54:17.148,2.0,2016-06-07 15:00:00,
1.125146935,7692106,Laslo Djere,Djere v Volandri,70,2016-06-07 12:30:17.984,2.06,2016-06-07 15:00:00,
1.125146935,7692106,Laslo Djere,Djere v Volandri,80,2016-06-07 14:31:51.468,2.04,2016-06-07 15:00:00,
1.125146935,7692106,Laslo Djere,Djere v Volandri,90,2016-06-07 14:50:10.946,2.08,2016-06-07 15:00:00,
1.125146935,7692106,Laslo Djere,Djere v Volandri,100,2016-06-07 16:14:06.461,2.04,2016-06-07 16:15:00,
1.12514694,9132669,Thiemo De Bakker,Reister v de Bakker,0,2016-06-05 15:14:52.624,1.81,2016-06-06 14:30:00,
1.12514694,9132669,Thiemo De Bakker,Reister v de Bakker,10,2016-06-05 15:16:53.688,1.73,2016-06-06 14:30:00,
1.12514694,9132669,Thiemo De Bakker,Reister v de Bakker,20,2016-06-06 08:51:16.635,1.69,2016-06-06 14:30:00,
1.12514694,9132669,Thiemo De Bakker,Reister v de Bakker,30,2016-06-06 10:00:39.663,1.8,2016-06-06 14:30:00,
1.12514694,9132669,Thiemo De Bakker,Reister v de Bakker,40,2016-06-06 12:44:21.404,1.72,2016-06-06 14:45:00,
1.12514694,9132669,Thiemo De Bakker,Reister v de Bakker,50,2016-06-06 14:02:12.331,1.69,2016-06-06 15:42:00,
1.12514694,9132669,Thiemo De Bakker,Reister v de Bakker,60,2016-06-06 14:11:47.427,1.82,2016-06-06 15:42:00,
1.12514694,9132669,Thiemo De Bakker,Reister v de Bakker,70,2016-06-06 14:30:49.783,1.73,2016-06-06 15:42:00,
1.12514694,9132669,Thiemo De Bakker,Reister v de Bakker,80,2016-06-06 14:42:53.495,1.76,2016-06-06 15:42:00,
1.12514694,9132669,Thiemo De Bakker,Reister v de Bakker,90,2016-06-06 15:11:04.858,1.72,2016-06-06 15:42:00,
1.12514694,9132669,Thiemo De Bakker,Reister v de Bakker,100,2016-06-06 15:31:18.514,1.75,2016-06-06 15:32:00,
1.12514696,7414305,Elias Ymer,E Ymer v Y Bai,0,2016-06-05 18:25:45.421,1.21,2016-06-06 12:00:00,
1.12514696,7414305,Elias Ymer,E Ymer v Y Bai,10,2016-06-05 18:30:29.203,1.16,2016-06-06 12:00:00,
1.12514696,7414305,Elias Ymer,E Ymer v Y Bai,20,2016-06-06 23:40:14.608,1.18,2016-06-07 13:30:00,
1.12514696,7414305,Elias Ymer,E Ymer v Y Bai,30,2016-06-07 01:47:26.570,1.13,2016-06-07 13:30:00,
1.12514696,7414305,Elias Ymer,E Ymer v Y Bai,40,2016-06-07 04:31:48.741,1.13,2016-06-07 13:30:00,
1.12514696,7414305,Elias Ymer,E Ymer v Y Bai,50,2016-06-07 09:51:50.675,1.12,2016-06-07 13:24:00,
1.12514696,7414305,Elias Ymer,E Ymer v Y Bai,60,2016-06-07 12:06:34.470,1.14,2016-06-07 14:07:00,
1.12514696,7414305,Elias Ymer,E Ymer v Y Bai,70,2016-06-07 12:29:07.812,1.12,2016-06-07 14:07:00,
1.12514696,7414305,Elias Ymer,E Ymer v Y Bai,80,2016-06-07 12:59:17.882,1.11,2016-06-07 14:07:00,
1.12514696,7414305,Elias Ymer,E Ymer v Y Bai,90,2016-06-07 13:20:05.425,1.09,2016-06-07 14:07:00,
1.12514696,7414305,Elias Ymer,E Ymer v Y Bai,100,2016-06-07 14:21:26.344,1.08,2016-06-07 14:22:00,
1.125146965,5304142,Guilherme Clezar,Clezar v Quinzi,0,2016-06-05 15:45:57.947,1.66,2016-06-06 12:00:00,
1.125146965,5304142,Guilherme Clezar,Clezar v Quinzi,10,2016-06-07 03:39:29.027,1.59,2016-06-07 11:30:00,
1.125146965,5304142,Guilherme Clezar,Clezar v Quinzi,20,2016-06-07 04:31:08.443,1.59,2016-06-07 11:30:00,
1.125146965,5304142,Guilherme Clezar,Clezar v Quinzi,30,2016-06-07 07:59:26.781,1.64,2016-06-07 11:30:00,
1.125146965,5304142,Guilherme Clezar,Clezar v Quinzi,40,2016-06-07 09:30:35.427,1.67,2016-06-07 11:24:00,
1.125146965,5304142,Guilherme Clezar,Clezar v Quinzi,50,2016-06-07 09:51:18.760,1.7,2016-06-07 11:24:00,
1.125146965,5304142,Guilherme Clezar,Clezar v Quinzi,60,2016-06-07 09:56:31.756,1.79,2016-06-07 11:24:00,
1.125146965,5304142,Guilherme Clezar,Clezar v Quinzi,70,2016-06-07 10:19:21.817,1.62,2016-06-07 11:24:00,
1.125146965,5304142,Guilherme Clezar,Clezar v Quinzi,80,2016-06-07 11:07:21.849,1.74,2016-06-07 11:24:00,
1.125146965,5304142,Guilherme Clezar,Clezar v Quinzi,90,2016-06-07 11:48:13.790,1.62,2016-06-07 11:54:00,
1.125146965,5304142,Guilherme Clezar,Clezar v Quinzi,100,2016-06-07 12:06:49.966,1.62,2016-06-07 12:07:00,
1.12514697,4520808,Facundo Bagnis,Arnaboldi v Bagnis,0,2016-06-06 08:27:56.802,1.4,2016-06-06 17:00:00,
1.12514697,4520808,Facundo Bagnis,Arnaboldi v Bagnis,10,2016-06-06 11:01:31.891,1.46,2016-06-06 17:00:00,
1.12514697,4520808,Facundo Bagnis,Arnaboldi v Bagnis,20,2016-06-06 14:44:28.535,1.45,2016-06-06 17:00:00,
1.12514697,4520808,Facundo Bagnis,Arnaboldi v Bagnis,30,2016-06-06 15:10:54.757,1.46,2016-06-06 17:00:00,
1.12514697,4520808,Facundo Bagnis,Arnaboldi v Bagnis,40,2016-06-06 15:54:10.845,1.41,2016-06-06 17:00:00,
1.12514697,4520808,Facundo Bagnis,Arnaboldi v Bagnis,50,2016-06-06 16:05:25.443,1.35,2016-06-06 17:00:00,
1.12514697,4520808,Facundo Bagnis,Arnaboldi v Bagnis,60,2016-06-06 16:27:49.392,1.41,2016-06-06 17:00:00,
1.12514697,4520808,Facundo Bagnis,Arnaboldi v Bagnis,70,2016-06-06 17:00:07.226,1.45,2016-06-06 17:15:00,
1.12514697,4520808,Facundo Bagnis,Arnaboldi v Bagnis,80,2016-06-06 17:27:36.475,1.5,2016-06-06 17:30:00,
1.12514697,4520808,Facundo Bagnis,Arnaboldi v Bagnis,90,2016-06-06 17:44:34.933,1.39,2016-06-06 17:45:00,
1.12514697,4520808,Facundo Bagnis,Arnaboldi v Bagnis,100,2016-06-06 18:02:36.485,1.37,2016-06-06 18:15:00,
1.12514697,7593283,Andrea Arnaboldi,Arnaboldi v Bagnis,0,2016-06-06 10:00:30.289,2.94,2016-06-06 17:00:00,
1.12514697,7593283,Andrea Arnaboldi,Arnaboldi v Bagnis,10,2016-06-06 12:51:08.729,3.2,2016-06-06 17:00:00,
1.12514697,7593283,Andrea Arnaboldi,Arnaboldi v Bagnis,20,2016-06-06 15:49:36.369,3.05,2016-06-06 17:00:00,
1.12514697,7593283,Andrea Arnaboldi,Arnaboldi v Bagnis,30,2016-06-06 15:55:02.879,3.05,2016-06-06 17:00:00,
1.12514697,7593283,Andrea Arnaboldi,Arnaboldi v Bagnis,40,2016-06-06 15:59:33.379,3.65,2016-06-06 17:00:00,
1.12514697,7593283,Andrea Arnaboldi,Arnaboldi v Bagnis,50,2016-06-06 16:27:49.392,3.45,2016-06-06 17:00:00,
1.12514697,7593283,Andrea Arnaboldi,Arnaboldi v Bagnis,60,2016-06-06 16:44:11.265,3.25,2016-06-06 17:00:00,
1.12514697,7593283,Andrea Arnaboldi,Arnaboldi v Bagnis,70,2016-06-06 16:53:31.320,3.2,2016-06-06 17:00:00,
1.12514697,7593283,Andrea Arnaboldi,Arnaboldi v Bagnis,80,2016-06-06 17:05:31.737,3.15,2016-06-06 17:15:00,
1.12514697,7593283,Andrea Arnaboldi,Arnaboldi v Bagnis,90,2016-06-06 17:25:27.353,3.3,2016-06-06 17:30:00,
1.12514697,7593283,Andrea Arnaboldi,Arnaboldi v Bagnis,100,2016-06-06 18:06:35.605,3.7,2016-06-06 18:15:00,
1.12514698,2345099,Paolo Lorenzi,P Lorenzi v F Silva,0,2016-06-07 01:48:02.868,1.22,2016-06-07 17:00:00,
1.12514698,2345099,Paolo Lorenzi,P Lorenzi v F Silva,10,2016-06-07 11:26:41.585,1.2,2016-06-07 17:00:00,
1.12514698,2345099,Paolo Lorenzi,P Lorenzi v F Silva,20,2016-06-07 13:03:29.556,1.2,2016-06-07 17:00:00,
1.12514698,2345099,Paolo Lorenzi,P Lorenzi v F Silva,30,2016-06-07 18:04:24.396,1.2,2016-06-07 18:15:00,
1.12514698,2345099,Paolo Lorenzi,P Lorenzi v F Silva,40,2016-06-07 18:07:40.983,1.21,2016-06-07 18:15:00,
1.12514698,2345099,Paolo Lorenzi,P Lorenzi v F Silva,50,2016-06-07 18:16:12.915,1.17,2016-06-07 18:30:00,
1.12514698,2345099,Paolo Lorenzi,P Lorenzi v F Silva,60,2016-06-07 18:49:02.859,1.17,2016-06-07 19:00:00,
1.12514698,2345099,Paolo Lorenzi,P Lorenzi v F Silva,70,2016-06-07 18:58:32.582,1.22,2016-06-07 19:00:00,
1.12514698,2345099,Paolo Lorenzi,P Lorenzi v F Silva,80,2016-06-07 19:06:28.481,1.17,2016-06-07 19:15:00,
1.12514698,2345099,Paolo Lorenzi,P Lorenzi v F Silva,90,2016-06-07 19:17:40.964,1.17,2016-06-07 19:30:00,
1.12514698,2345099,Paolo Lorenzi,P Lorenzi v F Silva,100,2016-06-07 19:33:32.499,1.18,2016-06-07 19:45:00,
1.125146985,8284477,Omar Giacalone,Gimeno-Traver v Giacalone,0,2016-06-07 00:02:47.142,7.0,2016-06-07 11:30:00,
1.125146985,8284477,Omar Giacalone,Gimeno-Traver v Giacalone,10,2016-06-07 01:25:05.131,6.8,2016-06-07 11:30:00,
1.125146985,8284477,Omar Giacalone,Gimeno-Traver v Giacalone,20,2016-06-07 01:26:12.648,7.0,2016-06-07 11:30:00,
1.125146985,8284477,Omar Giacalone,Gimeno-Traver v Giacalone,30,2016-06-07 06:30:40.355,8.6,2016-06-07 11:30:00,
1.125146985,8284477,Omar Giacalone,Gimeno-Traver v Giacalone,40,2016-06-07 09:25:49.523,7.2,2016-06-07 11:21:00,
1.125146985,8284477,Omar Giacalone,Gimeno-Traver v Giacalone,50,2016-06-07 10:36:52.266,7.8,2016-06-07 11:21:00,
1.125146985,8284477,Omar Giacalone,Gimeno-Traver v Giacalone,60,2016-06-07 10:54:53.379,7.4,2016-06-07 11:21:00,
1.125146985,8284477,Omar Giacalone,Gimeno-Traver v Giacalone,70,2016-06-07 11:00:28.846,8.4,2016-06-07 11:21:00,
1.125146985,8284477,Omar Giacalone,Gimeno-Traver v Giacalone,80,2016-06-07 11:23:53.623,8.0,2016-06-07 11:36:00,
1.125146985,8284477,Omar Giacalone,Gimeno-Traver v Giacalone,90,2016-06-07 11:24:45.466,7.0,2016-06-07 11:36:00,
1.125146985,8284477,Omar Giacalone,Gimeno-Traver v Giacalone,100,2016-06-07 12:00:08.342,8.2,2016-06-07 12:06:00,
1.125146985,11204650,Daniel Gimeno-Traver,Gimeno-Traver v Giacalone,0,2016-06-06 23:42:44.920,1.17,2016-06-07 11:30:00,
1.125146985,11204650,Daniel Gimeno-Traver,Gimeno-Traver v Giacalone,10,2016-06-07 01:26:12.648,1.17,2016-06-07 11:30:00,
1.125146985,11204650,Daniel Gimeno-Traver,Gimeno-Traver v Giacalone,20,2016-06-07 01:55:36.367,1.17,2016-06-07 11:30:00,
1.125146985,11204650,Daniel Gimeno-Traver,Gimeno-Traver v Giacalone,30,2016-06-07 08:10:40.229,1.15,2016-06-07 11:30:00,
1.125146985,11204650,Daniel Gimeno-Traver,Gimeno-Traver v Giacalone,40,2016-06-07 09:25:49.523,1.15,2016-06-07 11:21:00,
1.125146985,11204650,Daniel Gimeno-Traver,Gimeno-Traver v Giacalone,50,2016-06-07 10:03:32.223,1.13,2016-06-07 11:21:00,
1.125146985,11204650,Daniel Gimeno-Traver,Gimeno-Traver v Giacalone,60,2016-06-07 10:47:54.319,1.14,2016-06-07 11:21:00,
1.125146985,11204650,Daniel Gimeno-Traver,Gimeno-Traver v Giacalone,70,2016-06-07 10:58:46.460,1.15,2016-06-07 11:21:00,
1.125146985,11204650,Daniel Gimeno-Traver,Gimeno-Traver v Giacalone,80,2016-06-07 11:09:45.558,1.14,2016-06-07 11:21:00,
1.125146985,11204650,Daniel Gimeno-Traver,Gimeno-Traver v Giacalone,90,2016-06-07 11:23:53.623,1.14,2016-06-07 11:36:00,
1.125146985,11204650,Daniel Gimeno-Traver,Gimeno-Traver v Giacalone,100,2016-06-07 11:45:54.025,1.14,2016-06-07 11:51:00,
1.125147067,7048682,Marek Michalicka,Michalicka v De Novak,0,2016-06-06 22:16:43.400,1.9,2016-06-07 09:00:00,
1.125147067,7048682,Marek Michalicka,Michalicka v De Novak,10,2016-06-06 22:44:36.126,1.88,2016-06-07 09:00:00,
1.125147067,7048682,Marek Michalicka,Michalicka v De Novak,20,2016-06-07 02:49:47.778,1.86,2016-06-07 09:00:00,
1.125147067,7048682,Marek Michalicka,Michalicka v De Novak,30,2016-06-07 04:20:44.675,1.87,2016-06-07 09:00:00,
1.125147067,7048682,Marek Michalicka,Michalicka v De Novak,40,2016-06-07 07:36:39.392,1.8,2016-06-07 09:00:00,
1.125147067,7048682,Marek Michalicka,Michalicka v De Novak,50,2016-06-07 07:37:18.161,1.78,2016-06-07 09:00:00,
1.125147067,7048682,Marek Michalicka,Michalicka v De Novak,60,2016-06-07 08:34:48.396,1.88,2016-06-07 09:00:00,
1.125147067,7048682,Marek Michalicka,Michalicka v De Novak,70,2016-06-07 08:43:48.759,1.91,2016-06-07 09:00:00,
1.125147067,7048682,Marek Michalicka,Michalicka v De Novak,80,2016-06-07 08:53:46.984,1.92,2016-06-07 09:00:00,
1.125147067,7048682,Marek Michalicka,Michalicka v De Novak,90,2016-06-07 08:54:47.802,1.86,2016-06-07 09:00:00,
1.125147067,7048682,Marek Michalicka,Michalicka v De Novak,100,2016-06-07 09:03:11.474,1.78,2016-06-07 09:15:00,
1.125147067,7335936,Dennis Novak,Michalicka v De Novak,0,2016-06-06 22:16:43.400,2.12,2016-06-07 09:00:00,
1.125147067,7335936,Dennis Novak,Michalicka v De Novak,10,2016-06-07 02:49:47.778,2.14,2016-06-07 09:00:00,
1.125147067,7335936,Dennis Novak,Michalicka v De Novak,20,2016-06-07 04:21:03.373,2.12,2016-06-07 09:00:00,
1.125147067,7335936,Dennis Novak,Michalicka v De Novak,30,2016-06-07 07:37:18.161,2.28,2016-06-07 09:00:00,
1.125147067,7335936,Dennis Novak,Michalicka v De Novak,40,2016-06-07 08:34:48.396,2.12,2016-06-07 09:00:00,
1.125147067,7335936,Dennis Novak,Michalicka v De Novak,50,2016-06-07 08:43:48.759,2.08,2016-06-07 09:00:00,
1.125147067,7335936,Dennis Novak,Michalicka v De Novak,60,2016-06-07 08:53:46.984,2.1,2016-06-07 09:00:00,
1.125147067,7335936,Dennis Novak,Michalicka v De Novak,70,2016-06-07 08:54:47.802,2.02,2016-06-07 09:00:00,
1.125147067,7335936,Dennis Novak,Michalicka v De Novak,80,2016-06-07 08:56:40.143,2.16,2016-06-07 09:00:00,
1.125147067,7335936,Dennis Novak,Michalicka v De Novak,90,2016-06-07 08:57:49.236,2.02,2016-06-07 09:00:00,
1.125147067,7335936,Dennis Novak,Michalicka v De Novak,100,2016-06-07 09:02:49.070,2.16,2016-06-07 09:15:00,
1.125147071,4876705,Gerald Melzer,G Melzer v Rola,0,2016-06-06 03:25:13.002,1.73,2016-06-06 10:00:00,
1.125147071,4876705,Gerald Melzer,G Melzer v Rola,10,2016-06-06 05:29:33.149,1.7,2016-06-06 10:00:00,
1.125147071,4876705,Gerald Melzer,G Melzer v Rola,20,2016-06-06 07:07:27.790,1.69,2016-06-06 10:00:00,
1.125147071,4876705,Gerald Melzer,G Melzer v Rola,30,2016-06-06 08:00:35.185,1.69,2016-06-06 10:00:00,
1.125147071,4876705,Gerald Melzer,G Melzer v Rola,40,2016-06-06 08:30:44.968,1.64,2016-06-06 10:00:00,
1.125147071,4876705,Gerald Melzer,G Melzer v Rola,50,2016-06-06 09:00:46.235,1.84,2016-06-06 10:00:00,
1.125147071,4876705,Gerald Melzer,G Melzer v Rola,60,2016-06-06 09:03:46.184,1.83,2016-06-06 10:00:00,
1.125147071,4876705,Gerald Melzer,G Melzer v Rola,70,2016-06-06 09:19:48.973,1.83,2016-06-06 10:00:00,
1.125147071,4876705,Gerald Melzer,G Melzer v Rola,80,2016-06-06 09:28:04.959,1.75,2016-06-06 10:00:00,
1.125147071,4876705,Gerald Melzer,G Melzer v Rola,90,2016-06-06 09:51:15.303,1.63,2016-06-06 10:00:00,
1.125147071,4876705,Gerald Melzer,G Melzer v Rola,100,2016-06-06 10:18:24.470,1.66,2016-06-06 10:30:00,
1.125147071,8174357,Blaz Rola,G Melzer v Rola,0,2016-06-05 20:27:19.615,2.3,2016-06-06 10:00:00,
1.125147071,8174357,Blaz Rola,G Melzer v Rola,10,2016-06-06 02:59:25.684,2.2,2016-06-06 10:00:00,
1.125147071,8174357,Blaz Rola,G Melzer v Rola,20,2016-06-06 07:37:48.598,2.58,2016-06-06 10:00:00,
1.125147071,8174357,Blaz Rola,G Melzer v Rola,30,2016-06-06 07:40:57.158,2.48,2016-06-06 10:00:00,
1.125147071,8174357,Blaz Rola,G Melzer v Rola,40,2016-06-06 08:55:10.796,2.46,2016-06-06 10:00:00,
1.125147071,8174357,Blaz Rola,G Melzer v Rola,50,2016-06-06 08:59:41.373,2.2,2016-06-06 10:00:00,
1.125147071,8174357,Blaz Rola,G Melzer v Rola,60,2016-06-06 09:02:34.605,2.22,2016-06-06 10:00:00,
1.125147071,8174357,Blaz Rola,G Melzer v Rola,70,2016-06-06 09:04:14.729,2.2,2016-06-06 10:00:00,
1.125147071,8174357,Blaz Rola,G Melzer v Rola,80,2016-06-06 09:39:33.279,2.3,2016-06-06 10:00:00,
1.125147071,8174357,Blaz Rola,G Melzer v Rola,90,2016-06-06 09:54:46.398,2.58,2016-06-06 10:00:00,
1.125147071,8174357,Blaz Rola,G Melzer v Rola,100,2016-06-06 10:16:47.747,2.4,2016-06-06 10:30:00,
1.125147082,7287668,Jozef Kovalik,Kovalik v Stanek,0,2016-06-05 22:40:56.951,1.33,2016-06-06 10:00:00,
1.125147082,7287668,Jozef Kovalik,Kovalik v Stanek,10,2016-06-05 23:30:37.063,1.23,2016-06-06 10:00:00,
1.125147082,7287668,Jozef Kovalik,Kovalik v Stanek,20,2016-06-06 05:08:43.744,1.22,2016-06-06 10:00:00,
1.125147082,7287668,Jozef Kovalik,Kovalik v Stanek,30,2016-06-06 08:16:55.954,1.18,2016-06-06 10:00:00,
1.125147082,7287668,Jozef Kovalik,Kovalik v Stanek,40,2016-06-06 08:52:51.729,1.23,2016-06-06 10:00:00,
1.125147082,7287668,Jozef Kovalik,Kovalik v Stanek,50,2016-06-06 09:35:55.415,1.16,2016-06-06 10:00:00,
1.125147082,7287668,Jozef Kovalik,Kovalik v Stanek,60,2016-06-06 09:49:51.138,1.15,2016-06-06 10:00:00,
1.125147082,7287668,Jozef Kovalik,Kovalik v Stanek,70,2016-06-06 09:53:50.466,1.16,2016-06-06 10:00:00,
1.125147082,7287668,Jozef Kovalik,Kovalik v Stanek,80,2016-06-06 09:59:04.125,1.14,2016-06-06 10:00:00,
1.125147082,7287668,Jozef Kovalik,Kovalik v Stanek,90,2016-06-06 10:03:53.074,1.15,2016-06-06 10:15:00,
1.125147082,7287668,Jozef Kovalik,Kovalik v Stanek,100,2016-06-06 10:30:56.298,1.15,2016-06-06 10:45:00,
1.125147102,2301068,Rogerio Dutra Silva,Ar Smirnov v Dutra Silva,0,2016-06-06 05:15:35.863,1.23,2016-06-06 12:00:00,
1.125147102,2301068,Rogerio Dutra Silva,Ar Smirnov v Dutra Silva,10,2016-06-06 09:21:52.542,1.18,2016-06-06 12:00:00,
1.125147102,2301068,Rogerio Dutra Silva,Ar Smirnov v Dutra Silva,20,2016-06-06 10:01:03.792,1.24,2016-06-06 12:15:00,
1.125147102,2301068,Rogerio Dutra Silva,Ar Smirnov v Dutra Silva,30,2016-06-06 10:28:47.210,1.19,2016-06-06 12:16:00,
1.125147102,2301068,Rogerio Dutra Silva,Ar Smirnov v Dutra Silva,40,2016-06-06 11:00:08.823,1.18,2016-06-06 12:16:00,
1.125147102,2301068,Rogerio Dutra Silva,Ar Smirnov v Dutra Silva,50,2016-06-06 11:11:52.370,1.21,2016-06-06 12:16:00,
1.125147102,2301068,Rogerio Dutra Silva,Ar Smirnov v Dutra Silva,60,2016-06-06 11:50:32.568,1.2,2016-06-06 12:16:00,
1.125147102,2301068,Rogerio Dutra Silva,Ar Smirnov v Dutra Silva,70,2016-06-06 11:52:53.566,1.18,2016-06-06 12:16:00,
1.125147102,2301068,Rogerio Dutra Silva,Ar Smirnov v Dutra Silva,80,2016-06-06 11:57:04.484,1.2,2016-06-06 12:16:00,
1.125147102,2301068,Rogerio Dutra Silva,Ar Smirnov v Dutra Silva,90,2016-06-06 12:00:05.329,1.15,2016-06-06 12:16:00,
1.125147102,2301068,Rogerio Dutra Silva,Ar Smirnov v Dutra Silva,100,2016-06-06 12:26:54.846,1.2,2016-06-06 12:31:00,
1.125147113,3259323,Uladzimir Ignatik,Ignatik v And Martin,0,2016-06-06 08:58:28.109,2.96,2016-06-07 12:00:00,
1.125147113,3259323,Uladzimir Ignatik,Ignatik v And Martin,10,2016-06-06 10:58:12.990,2.5,2016-06-07 12:00:00,
1.125147113,3259323,Uladzimir Ignatik,Ignatik v And Martin,20,2016-06-06 10:59:53.584,2.46,2016-06-07 12:00:00,
1.125147113,3259323,Uladzimir Ignatik,Ignatik v And Martin,30,2016-06-06 11:06:10.935,2.42,2016-06-07 12:00:00,
1.125147113,3259323,Uladzimir Ignatik,Ignatik v And Martin,40,2016-06-06 12:39:02.841,2.32,2016-06-07 12:00:00,
1.125147113,3259323,Uladzimir Ignatik,Ignatik v And Martin,50,2016-06-07 01:51:21.743,2.3,2016-06-07 10:00:00,
1.125147113,3259323,Uladzimir Ignatik,Ignatik v And Martin,60,2016-06-07 08:00:49.195,2.48,2016-06-07 10:00:00,
1.125147113,3259323,Uladzimir Ignatik,Ignatik v And Martin,70,2016-06-07 08:42:56.043,2.38,2016-06-07 10:00:00,
1.125147113,3259323,Uladzimir Ignatik,Ignatik v And Martin,80,2016-06-07 08:43:58.920,2.46,2016-06-07 10:00:00,
1.125147113,3259323,Uladzimir Ignatik,Ignatik v And Martin,90,2016-06-07 08:45:03.008,2.48,2016-06-07 10:00:00,
1.125147113,3259323,Uladzimir Ignatik,Ignatik v And Martin,100,2016-06-07 08:48:13.402,2.54,2016-06-07 10:00:00,
1.125147113,5071877,Andrej Martin,Ignatik v And Martin,0,2016-06-06 08:58:28.109,1.51,2016-06-07 12:00:00,
1.125147113,5071877,Andrej Martin,Ignatik v And Martin,10,2016-06-06 14:28:43.180,1.66,2016-06-07 12:00:00,
1.125147113,5071877,Andrej Martin,Ignatik v And Martin,20,2016-06-07 08:00:49.195,1.68,2016-06-07 10:00:00,
1.125147113,5071877,Andrej Martin,Ignatik v And Martin,30,2016-06-07 08:03:31.867,1.67,2016-06-07 10:00:00,
1.125147113,5071877,Andrej Martin,Ignatik v And Martin,40,2016-06-07 08:05:39.951,1.68,2016-06-07 10:00:00,
1.125147113,5071877,Andrej Martin,Ignatik v And Martin,50,2016-06-07 08:36:01.049,1.69,2016-06-07 10:00:00,
1.125147113,5071877,Andrej Martin,Ignatik v And Martin,60,2016-06-07 08:42:56.043,1.72,2016-06-07 10:00:00,
1.125147113,5071877,Andrej Martin,Ignatik v And Martin,70,2016-06-07 08:43:58.920,1.68,2016-06-07 10:00:00,
1.125147113,5071877,Andrej Martin,Ignatik v And Martin,80,2016-06-07 08:46:08.196,1.66,2016-06-07 10:00:00,
1.125147113,5071877,Andrej Martin,Ignatik v And Martin,90,2016-06-07 08:47:13.980,1.67,2016-06-07 10:00:00,
1.125147113,5071877,Andrej Martin,Ignatik v And Martin,100,2016-06-07 09:07:10.964,1.63,2016-06-07 10:00:00,
1.125147129,5011822,Konstantin Kravchuk,Kravchuk v D Medvedev,0,2016-06-05 06:11:48.510,1.58,2016-06-05 09:00:00,
1.125147129,5011822,Konstantin Kravchuk,Kravchuk v D Medvedev,10,2016-06-05 06:37:59.469,1.56,2016-06-05 09:00:00,
1.125147129,5011822,Konstantin Kravchuk,Kravchuk v D Medvedev,20,2016-06-05 06:39:46.512,1.58,2016-06-05 09:00:00,
1.125147129,5011822,Konstantin Kravchuk,Kravchuk v D Medvedev,30,2016-06-05 07:14:56.493,1.58,2016-06-05 09:00:00,
1.125147129,5011822,Konstantin Kravchuk,Kravchuk v D Medvedev,40,2016-06-05 07:18:00.339,1.54,2016-06-05 09:00:00,
1.125147129,5011822,Konstantin Kravchuk,Kravchuk v D Medvedev,50,2016-06-05 07:30:42.279,1.54,2016-06-05 09:00:00,
1.125147129,5011822,Konstantin Kravchuk,Kravchuk v D Medvedev,60,2016-06-05 08:19:41.287,1.53,2016-06-05 09:00:00,
1.125147129,5011822,Konstantin Kravchuk,Kravchuk v D Medvedev,70,2016-06-05 08:22:51.495,1.57,2016-06-05 09:00:00,
1.125147129,5011822,Konstantin Kravchuk,Kravchuk v D Medvedev,80,2016-06-05 08:27:52.581,1.56,2016-06-05 09:00:00,
1.125147129,5011822,Konstantin Kravchuk,Kravchuk v D Medvedev,90,2016-06-05 08:40:00.251,1.47,2016-06-05 09:00:00,
1.125147129,5011822,Konstantin Kravchuk,Kravchuk v D Medvedev,100,2016-06-05 08:48:23.260,1.43,2016-06-05 09:00:00,
1.125147129,7797742,Daniil Medvedev,Kravchuk v D Medvedev,0,2016-06-05 06:11:48.510,3.1,2016-06-05 09:00:00,
1.125147129,7797742,Daniil Medvedev,Kravchuk v D Medvedev,10,2016-06-05 06:38:53.528,2.76,2016-06-05 09:00:00,
1.125147129,7797742,Daniil Medvedev,Kravchuk v D Medvedev,20,2016-06-05 06:39:46.512,2.74,2016-06-05 09:00:00,
1.125147129,7797742,Daniil Medvedev,Kravchuk v D Medvedev,30,2016-06-05 06:57:59.501,2.72,2016-06-05 09:00:00,
1.125147129,7797742,Daniil Medvedev,Kravchuk v D Medvedev,40,2016-06-05 06:58:51.575,2.7,2016-06-05 09:00:00,
1.125147129,7797742,Daniil Medvedev,Kravchuk v D Medvedev,50,2016-06-05 07:14:56.493,2.74,2016-06-05 09:00:00,
1.125147129,7797742,Daniil Medvedev,Kravchuk v D Medvedev,60,2016-06-05 08:22:51.495,2.76,2016-06-05 09:00:00,
1.125147129,7797742,Daniil Medvedev,Kravchuk v D Medvedev,70,2016-06-05 08:40:56.182,2.78,2016-06-05 09:00:00,
1.125147129,7797742,Daniil Medvedev,Kravchuk v D Medvedev,80,2016-06-05 08:43:00.464,2.76,2016-06-05 09:00:00,
1.125147129,7797742,Daniil Medvedev,Kravchuk v D Medvedev,90,2016-06-05 08:43:46.376,2.78,2016-06-05 09:00:00,
1.125147129,7797742,Daniil Medvedev,Kravchuk v D Medvedev,100,2016-06-05 08:44:22.467,2.76,2016-06-05 09:00:00,
1.125147235,1502771,Bryan/Bryan,Bryan/Bryan v Istomin/Marchenko,0,2016-06-06 08:07:01.926,1.12,2016-06-07 12:00:00,
1.125147235,1502771,Bryan/Bryan,Bryan/Bryan v Istomin/Marchenko,10,2016-06-06 21:39:22.139,1.13,2016-06-07 12:00:00,
1.125147235,1502771,Bryan/Bryan,Bryan/Bryan v Istomin/Marchenko,20,2016-06-07 11:02:55.313,1.12,2016-06-08 12:00:00,
1.125147235,1502771,Bryan/Bryan,Bryan/Bryan v Istomin/Marchenko,30,2016-06-07 19:33:23.050,1.14,2016-06-08 10:30:00,
1.125147235,1502771,Bryan/Bryan,Bryan/Bryan v Istomin/Marchenko,40,2016-06-08 01:12:44.305,1.1,2016-06-08 10:30:00,
1.125147235,1502771,Bryan/Bryan,Bryan/Bryan v Istomin/Marchenko,50,2016-06-08 06:37:21.077,1.12,2016-06-08 10:30:00,
1.125147235,1502771,Bryan/Bryan,Bryan/Bryan v Istomin/Marchenko,60,2016-06-08 08:14:03.708,1.12,2016-06-08 10:30:00,
1.125147235,1502771,Bryan/Bryan,Bryan/Bryan v Istomin/Marchenko,70,2016-06-08 10:05:03.079,1.11,2016-06-08 10:30:00,
1.125147235,1502771,Bryan/Bryan,Bryan/Bryan v Istomin/Marchenko,80,2016-06-08 10:26:43.710,1.12,2016-06-08 10:30:00,
1.125147235,1502771,Bryan/Bryan,Bryan/Bryan v Istomin/Marchenko,90,2016-06-08 11:00:33.659,1.13,2016-06-08 11:15:00,
1.125147235,1502771,Bryan/Bryan,Bryan/Bryan v Istomin/Marchenko,100,2016-06-08 11:19:30.323,1.12,2016-06-08 11:30:00,
1.125147237,11208988,Kubot/Peya,Berrer/Struff v Kubot/Peya,0,2016-06-08 12:30:38.889,1.33,2016-06-08 13:06:00,
1.125147237,11208988,Kubot/Peya,Berrer/Struff v Kubot/Peya,10,2016-06-08 17:14:43.535,1.61,2016-06-09 13:00:00,2016-06-08 15:18:43.315
1.125147237,11208988,Kubot/Peya,Berrer/Struff v Kubot/Peya,20,2016-06-08 19:13:45.560,1.61,2016-06-09 13:00:00,2016-06-08 15:18:43.315
1.125147237,11208988,Kubot/Peya,Berrer/Struff v Kubot/Peya,30,2016-06-08 20:31:44.882,1.58,2016-06-09 13:00:00,2016-06-08 15:18:43.315
1.125147237,11208988,Kubot/Peya,Berrer/Struff v Kubot/Peya,40,2016-06-08 21:09:39.265,1.65,2016-06-09 13:00:00,2016-06-08 15:18:43.315
1.125147237,11208988,Kubot/Peya,Berrer/Struff v Kubot/Peya,50,2016-06-08 23:35:43.628,1.65,2016-06-09 13:00:00,2016-06-08 15:18:43.315
1.125147237,11208988,Kubot/Peya,Berrer/Struff v Kubot/Peya,60,2016-06-09 06:05:11.388,1.61,2016-06-09 13:00:00,2016-06-08 15:18:43.315
1.125147237,11208988,Kubot/Peya,Berrer/Struff v Kubot/Peya,70,2016-06-09 08:57:44.363,1.54,2016-06-09 12:53:00,2016-06-08 15:18:43.315
1.125147237,11208988,Kubot/Peya,Berrer/Struff v Kubot/Peya,80,2016-06-09 10:46:39.012,1.48,2016-06-09 12:53:00,2016-06-08 15:18:43.315
1.125147237,11208988,Kubot/Peya,Berrer/Struff v Kubot/Peya,90,2016-06-09 11:46:17.062,1.49,2016-06-09 12:30:00,2016-06-08 15:18:43.315
1.125147237,11208988,Kubot/Peya,Berrer/Struff v Kubot/Peya,100,2016-06-09 12:25:44.208,1.4,2016-06-09 12:30:00,2016-06-08 15:18:43.315
1.125147237,11261892,Berrer/Struff,Berrer/Struff v Kubot/Peya,0,2016-06-08 11:43:49.900,3.7,2016-06-08 13:06:00,
1.125147237,11261892,Berrer/Struff,Berrer/Struff v Kubot/Peya,10,2016-06-08 17:03:07.581,2.86,2016-06-09 13:00:00,2016-06-08 15:18:43.315
1.125147237,11261892,Berrer/Struff,Berrer/Struff v Kubot/Peya,20,2016-06-08 17:32:40.199,2.9,2016-06-09 13:00:00,2016-06-08 15:18:43.315
1.125147237,11261892,Berrer/Struff,Berrer/Struff v Kubot/Peya,30,2016-06-08 19:12:34.788,2.82,2016-06-09 13:00:00,2016-06-08 15:18:43.315
1.125147237,11261892,Berrer/Struff,Berrer/Struff v Kubot/Peya,40,2016-06-08 20:30:24.914,2.64,2016-06-09 13:00:00,2016-06-08 15:18:43.315
1.125147237,11261892,Berrer/Struff,Berrer/Struff v Kubot/Peya,50,2016-06-08 21:37:15.837,2.76,2016-06-09 13:00:00,2016-06-08 15:18:43.315
1.125147237,11261892,Berrer/Struff,Berrer/Struff v Kubot/Peya,60,2016-06-08 23:35:43.628,2.56,2016-06-09 13:00:00,2016-06-08 15:18:43.315
1.125147237,11261892,Berrer/Struff,Berrer/Struff v Kubot/Peya,70,2016-06-09 04:27:25.244,2.52,2016-06-09 13:00:00,2016-06-08 15:18:43.315
1.125147237,11261892,Berrer/Struff,Berrer/Struff v Kubot/Peya,80,2016-06-09 08:44:28.802,2.82,2016-06-09 13:00:00,2016-06-08 15:18:43.315
1.125147237,11261892,Berrer/Struff,Berrer/Struff v Kubot/Peya,90,2016-06-09 11:06:05.141,3.15,2016-06-09 12:57:00,2016-06-08 15:18:43.315
1.125147237,11261892,Berrer/Struff,Berrer/Struff v Kubot/Peya,100,2016-06-09 12:25:44.208,3.45,2016-06-09 12:30:00,2016-06-08 15:18:43.315
1.125147333,4486603,Dustin Brown,Ye Lu v Du Brown,0,2016-06-04 18:49:14.959,2.18,2016-06-05 12:00:00,
1.125147333,4486603,Dustin Brown,Ye Lu v Du Brown,10,2016-06-05 04:05:11.793,1.84,2016-06-05 12:00:00,
1.125147333,4486603,Dustin Brown,Ye Lu v Du Brown,20,2016-06-05 05:15:39.902,1.92,2016-06-05 12:00:00,
1.125147333,4486603,Dustin Brown,Ye Lu v Du Brown,30,2016-06-05 06:59:50.800,1.78,2016-06-05 12:00:00,
1.125147333,4486603,Dustin Brown,Ye Lu v Du Brown,40,2016-06-05 07:58:32.488,1.8,2016-06-05 12:00:00,
1.125147333,4486603,Dustin Brown,Ye Lu v Du Brown,50,2016-06-05 08:21:27.575,1.84,2016-06-05 12:00:00,
1.125147333,4486603,Dustin Brown,Ye Lu v Du Brown,60,2016-06-05 10:23:16.022,1.73,2016-06-05 12:00:00,
1.125147333,4486603,Dustin Brown,Ye Lu v Du Brown,70,2016-06-05 11:26:34.284,1.69,2016-06-05 12:00:00,
1.125147333,4486603,Dustin Brown,Ye Lu v Du Brown,80,2016-06-05 11:49:42.738,1.71,2016-06-05 12:15:00,
1.125147333,4486603,Dustin Brown,Ye Lu v Du Brown,90,2016-06-05 11:55:12.305,1.71,2016-06-05 12:15:00,
1.125147333,4486603,Dustin Brown,Ye Lu v Du Brown,100,2016-06-05 12:08:34.681,1.69,2016-06-05 12:15:00,
1.125147333,11204618,Yen-Hsun Lu,Ye Lu v Du Brown,0,2016-06-04 22:46:45.333,2.2,2016-06-05 12:00:00,
1.125147333,11204618,Yen-Hsun Lu,Ye Lu v Du Brown,10,2016-06-05 00:17:42.311,2.16,2016-06-05 12:00:00,
1.125147333,11204618,Yen-Hsun Lu,Ye Lu v Du Brown,20,2016-06-05 05:14:21.153,2.16,2016-06-05 12:00:00,
1.125147333,11204618,Yen-Hsun Lu,Ye Lu v Du Brown,30,2016-06-05 08:15:08.717,2.24,2016-06-05 12:00:00,
1.125147333,11204618,Yen-Hsun Lu,Ye Lu v Du Brown,40,2016-06-05 08:30:57.652,2.2,2016-06-05 12:00:00,
1.125147333,11204618,Yen-Hsun Lu,Ye Lu v Du Brown,50,2016-06-05 08:56:40.191,2.2,2016-06-05 12:00:00,
1.125147333,11204618,Yen-Hsun Lu,Ye Lu v Du Brown,60,2016-06-05 10:23:16.022,2.3,2016-06-05 12:00:00,
1.125147333,11204618,Yen-Hsun Lu,Ye Lu v Du Brown,70,2016-06-05 11:38:26.162,2.4,2016-06-05 12:00:00,
1.125147333,11204618,Yen-Hsun Lu,Ye Lu v Du Brown,80,2016-06-05 11:49:42.738,2.4,2016-06-05 12:15:00,
1.125147333,11204618,Yen-Hsun Lu,Ye Lu v Du Brown,90,2016-06-05 11:55:12.305,2.4,2016-06-05 12:15:00,
1.125147333,11204618,Yen-Hsun Lu,Ye Lu v Du Brown,100,2016-06-05 12:03:30.027,2.44,2016-06-05 12:15:00,
1.125147734,585761,Julien Benneteau,T Monteiro v J Benneteau,0,2016-06-07 07:56:30.757,2.6,2016-06-07 16:00:00,
1.125147734,585761,Julien Benneteau,T Monteiro v J Benneteau,10,2016-06-07 08:41:10.434,2.22,2016-06-07 16:00:00,
1.125147734,585761,Julien Benneteau,T Monteiro v J Benneteau,20,2016-06-07 08:43:10.529,2.12,2016-06-07 16:00:00,
1.125147734,585761,Julien Benneteau,T Monteiro v J Benneteau,30,2016-06-07 10:00:27.517,2.02,2016-06-07 16:00:00,
1.125147734,585761,Julien Benneteau,T Monteiro v J Benneteau,40,2016-06-07 14:51:10.907,2.26,2016-06-07 16:00:00,
1.125147734,585761,Julien Benneteau,T Monteiro v J Benneteau,50,2016-06-07 15:18:59.333,2.22,2016-06-07 16:00:00,
1.125147734,585761,Julien Benneteau,T Monteiro v J Benneteau,60,2016-06-07 15:26:03.556,2.36,2016-06-07 16:00:00,
1.125147734,585761,Julien Benneteau,T Monteiro v J Benneteau,70,2016-06-07 15:29:07.111,2.34,2016-06-07 16:00:00,
1.125147734,585761,Julien Benneteau,T Monteiro v J Benneteau,80,2016-06-07 15:59:06.712,2.22,2016-06-07 16:00:00,
1.125147734,585761,Julien Benneteau,T Monteiro v J Benneteau,90,2016-06-07 16:01:08.612,2.44,2016-06-07 16:15:00,
1.125147734,585761,Julien Benneteau,T Monteiro v J Benneteau,100,2016-06-07 16:04:04.938,2.36,2016-06-07 16:15:00,
1.125147734,8326656,Thiago Monteiro,T Monteiro v J Benneteau,0,2016-06-07 07:56:30.757,1.62,2016-06-07 16:00:00,
1.125147734,8326656,Thiago Monteiro,T Monteiro v J Benneteau,10,2016-06-07 08:41:10.434,1.72,2016-06-07 16:00:00,
1.125147734,8326656,Thiago Monteiro,T Monteiro v J Benneteau,20,2016-06-07 13:41:57.893,1.78,2016-06-07 16:00:00,
1.125147734,8326656,Thiago Monteiro,T Monteiro v J Benneteau,30,2016-06-07 14:33:18.527,1.78,2016-06-07 16:00:00,
1.125147734,8326656,Thiago Monteiro,T Monteiro v J Benneteau,40,2016-06-07 14:51:10.907,1.81,2016-06-07 16:00:00,
1.125147734,8326656,Thiago Monteiro,T Monteiro v J Benneteau,50,2016-06-07 15:18:59.333,1.82,2016-06-07 16:00:00,
1.125147734,8326656,Thiago Monteiro,T Monteiro v J Benneteau,60,2016-06-07 15:26:03.556,1.74,2016-06-07 16:00:00,
1.125147734,8326656,Thiago Monteiro,T Monteiro v J Benneteau,70,2016-06-07 15:51:30.472,1.78,2016-06-07 16:00:00,
1.125147734,8326656,Thiago Monteiro,T Monteiro v J Benneteau,80,2016-06-07 15:59:06.712,1.81,2016-06-07 16:00:00,
1.125147734,8326656,Thiago Monteiro,T Monteiro v J Benneteau,90,2016-06-07 16:01:08.612,1.7,2016-06-07 16:15:00,
1.125147734,8326656,Thiago Monteiro,T Monteiro v J Benneteau,100,2016-06-07 16:04:04.938,1.74,2016-06-07 16:15:00,
1.125147739,2283676,Carlos Berlocq,Berlocq v Lestienne,0,2016-06-05 21:50:25.292,1.24,2016-06-06 12:00:00,
1.125147739,2283676,Carlos Berlocq,Berlocq v Lestienne,10,2016-06-06 21:55:40.525,1.25,2016-06-07 09:00:00,
1.125147739,2283676,Carlos Berlocq,Berlocq v Lestienne,20,2016-06-06 22:15:49.218,1.24,2016-06-07 09:00:00,
1.125147739,2283676,Carlos Berlocq,Berlocq v Lestienne,30,2016-06-06 22:39:56.976,1.25,2016-06-07 09:00:00,
1.125147739,2283676,Carlos Berlocq,Berlocq v Lestienne,40,2016-06-07 04:28:58.219,1.25,2016-06-07 09:00:00,
1.125147739,2283676,Carlos Berlocq,Berlocq v Lestienne,50,2016-06-07 05:57:04.888,1.27,2016-06-07 09:00:00,
1.125147739,2283676,Carlos Berlocq,Berlocq v Lestienne,60,2016-06-07 06:24:07.987,1.23,2016-06-07 09:00:00,
1.125147739,2283676,Carlos Berlocq,Berlocq v Lestienne,70,2016-06-07 06:39:50.581,1.29,2016-06-07 09:00:00,
1.125147739,2283676,Carlos Berlocq,Berlocq v Lestienne,80,2016-06-07 07:54:04.135,1.26,2016-06-07 09:00:00,
1.125147739,2283676,Carlos Berlocq,Berlocq v Lestienne,90,2016-06-07 08:25:53.960,1.24,2016-06-07 09:00:00,
1.125147739,2283676,Carlos Berlocq,Berlocq v Lestienne,100,2016-06-07 08:58:10.088,1.24,2016-06-07 09:00:00,
1.125147744,8681900,Luca Vanni,Vanni v Van Der Duim,0,2016-06-07 02:22:01.098,1.54,2016-06-07 08:30:00,
1.125147744,8681900,Luca Vanni,Vanni v Van Der Duim,10,2016-06-07 06:20:12.732,1.57,2016-06-07 08:30:00,
1.125147744,8681900,Luca Vanni,Vanni v Van Der Duim,20,2016-06-07 06:21:00.908,1.5,2016-06-07 08:30:00,
1.125147744,8681900,Luca Vanni,Vanni v Van Der Duim,30,2016-06-07 07:10:06.098,1.58,2016-06-07 08:30:00,
1.125147744,8681900,Luca Vanni,Vanni v Van Der Duim,40,2016-06-07 07:53:14.309,1.64,2016-06-07 08:30:00,
1.125147744,8681900,Luca Vanni,Vanni v Van Der Duim,50,2016-06-07 08:02:14.425,1.63,2016-06-07 08:30:00,
1.125147744,8681900,Luca Vanni,Vanni v Van Der Duim,60,2016-06-07 08:02:52.269,1.51,2016-06-07 08:30:00,
1.125147744,8681900,Luca Vanni,Vanni v Van Der Duim,70,2016-06-07 08:25:12.376,1.52,2016-06-07 08:30:00,
1.125147744,8681900,Luca Vanni,Vanni v Van Der Duim,80,2016-06-07 08:25:55.780,1.51,2016-06-07 08:30:00,
1.125147744,8681900,Luca Vanni,Vanni v Van Der Duim,90,2016-06-07 08:28:45.417,1.57,2016-06-07 08:30:00,
1.125147744,8681900,Luca Vanni,Vanni v Van Der Duim,100,2016-06-07 08:38:44.490,1.6,2016-06-07 08:45:00,
1.12514775,4521608,Yannick Mertens,Lamasine v Y Mertens,0,2016-06-06 10:31:32.550,2.32,2016-06-07 12:00:00,
1.12514775,4521608,Yannick Mertens,Lamasine v Y Mertens,10,2016-06-07 08:08:28.375,2.2,2016-06-07 10:30:00,
1.12514775,4521608,Yannick Mertens,Lamasine v Y Mertens,20,2016-06-07 08:36:01.833,2.3,2016-06-07 10:45:00,
1.12514775,4521608,Yannick Mertens,Lamasine v Y Mertens,30,2016-06-07 08:47:13.300,2.54,2016-06-07 11:00:00,
1.12514775,4521608,Yannick Mertens,Lamasine v Y Mertens,40,2016-06-07 09:35:19.104,2.76,2016-06-07 10:56:00,
1.12514775,4521608,Yannick Mertens,Lamasine v Y Mertens,50,2016-06-07 09:40:06.138,2.3,2016-06-07 10:56:00,
1.12514775,4521608,Yannick Mertens,Lamasine v Y Mertens,60,2016-06-07 09:41:10.017,3.0,2016-06-07 10:56:00,
1.12514775,4521608,Yannick Mertens,Lamasine v Y Mertens,70,2016-06-07 09:58:14.845,2.34,2016-06-07 10:56:00,
1.12514775,4521608,Yannick Mertens,Lamasine v Y Mertens,80,2016-06-07 09:59:07.667,2.98,2016-06-07 10:56:00,
1.12514775,4521608,Yannick Mertens,Lamasine v Y Mertens,90,2016-06-07 10:11:12.619,2.48,2016-06-07 10:56:00,
1.12514775,4521608,Yannick Mertens,Lamasine v Y Mertens,100,2016-06-07 10:17:32.522,3.1,2016-06-07 10:56:00,
1.12514775,8428332,Tristan Lamasine,Lamasine v Y Mertens,0,2016-06-06 07:20:14.143,1.73,2016-06-07 12:00:00,
1.12514775,8428332,Tristan Lamasine,Lamasine v Y Mertens,10,2016-06-06 07:21:15.663,1.69,2016-06-07 12:00:00,
1.12514775,8428332,Tristan Lamasine,Lamasine v Y Mertens,20,2016-06-07 08:35:16.747,1.77,2016-06-07 10:45:00,
1.12514775,8428332,Tristan Lamasine,Lamasine v Y Mertens,30,2016-06-07 08:45:10.352,1.65,2016-06-07 11:00:00,
1.12514775,8428332,Tristan Lamasine,Lamasine v Y Mertens,40,2016-06-07 09:36:44.639,1.56,2016-06-07 10:56:00,
1.12514775,8428332,Tristan Lamasine,Lamasine v Y Mertens,50,2016-06-07 09:40:06.138,1.52,2016-06-07 10:56:00,
1.12514775,8428332,Tristan Lamasine,Lamasine v Y Mertens,60,2016-06-07 09:59:07.667,1.51,2016-06-07 10:56:00,
1.12514775,8428332,Tristan Lamasine,Lamasine v Y Mertens,70,2016-06-07 10:16:17.970,1.59,2016-06-07 10:56:00,
1.12514775,8428332,Tristan Lamasine,Lamasine v Y Mertens,80,2016-06-07 10:26:10.444,1.49,2016-06-07 10:56:00,
1.12514775,8428332,Tristan Lamasine,Lamasine v Y Mertens,90,2016-06-07 10:46:17.669,1.48,2016-06-07 10:56:00,
1.12514775,8428332,Tristan Lamasine,Lamasine v Y Mertens,100,2016-06-07 11:07:42.594,1.7,2016-06-07 11:11:00,
1.125147755,11204605,Jordi Samper-Montana,Samper-Montana v Ze Zhang,0,2016-06-05 22:16:21.174,1.64,2016-06-06 12:30:00,
1.125147755,11204605,Jordi Samper-Montana,Samper-Montana v Ze Zhang,10,2016-06-06 03:51:16.760,1.63,2016-06-06 12:30:00,
1.125147755,11204605,Jordi Samper-Montana,Samper-Montana v Ze Zhang,20,2016-06-06 04:29:26.859,1.64,2016-06-06 12:30:00,
1.125147755,11204605,Jordi Samper-Montana,Samper-Montana v Ze Zhang,30,2016-06-06 05:44:58.559,1.65,2016-06-06 12:30:00,
1.125147755,11204605,Jordi Samper-Montana,Samper-Montana v Ze Zhang,40,2016-06-06 06:15:29.613,1.64,2016-06-06 12:30:00,
1.125147755,11204605,Jordi Samper-Montana,Samper-Montana v Ze Zhang,50,2016-06-06 08:27:21.736,1.61,2016-06-06 12:30:00,
1.125147755,11204605,Jordi Samper-Montana,Samper-Montana v Ze Zhang,60,2016-06-06 08:34:49.960,1.54,2016-06-06 12:30:00,
1.125147755,11204605,Jordi Samper-Montana,Samper-Montana v Ze Zhang,70,2016-06-06 09:44:18.077,1.61,2016-06-06 12:30:00,
1.125147755,11204605,Jordi Samper-Montana,Samper-Montana v Ze Zhang,80,2016-06-06 09:57:16.675,1.6,2016-06-06 12:30:00,
1.125147755,11204605,Jordi Samper-Montana,Samper-Montana v Ze Zhang,90,2016-06-06 11:41:20.223,1.65,2016-06-06 12:26:00,
1.125147755,11204605,Jordi Samper-Montana,Samper-Montana v Ze Zhang,100,2016-06-06 11:56:13.591,1.63,2016-06-06 12:26:00,
1.125147767,6344314,Henri Laaksonen,Laaksonen v Carballes Baena,0,2016-06-06 14:18:25.246,3.3,2016-06-07 12:00:00,
1.125147767,6344314,Henri Laaksonen,Laaksonen v Carballes Baena,10,2016-06-06 22:03:38.784,2.98,2016-06-07 12:30:00,
1.125147767,6344314,Henri Laaksonen,Laaksonen v Carballes Baena,20,2016-06-07 06:43:29.737,2.82,2016-06-07 12:30:00,
1.125147767,6344314,Henri Laaksonen,Laaksonen v Carballes Baena,30,2016-06-07 07:22:56.608,2.9,2016-06-07 12:30:00,
1.125147767,6344314,Henri Laaksonen,Laaksonen v Carballes Baena,40,2016-06-07 08:19:07.175,3.15,2016-06-07 12:30:00,
1.125147767,6344314,Henri Laaksonen,Laaksonen v Carballes Baena,50,2016-06-07 10:40:28.403,3.1,2016-06-07 11:38:00,
1.125147767,6344314,Henri Laaksonen,Laaksonen v Carballes Baena,60,2016-06-07 10:43:25.485,3.0,2016-06-07 11:38:00,
1.125147767,6344314,Henri Laaksonen,Laaksonen v Carballes Baena,70,2016-06-07 10:44:29.179,2.88,2016-06-07 11:38:00,
1.125147767,6344314,Henri Laaksonen,Laaksonen v Carballes Baena,80,2016-06-07 10:48:28.485,2.78,2016-06-07 11:38:00,
1.125147767,6344314,Henri Laaksonen,Laaksonen v Carballes Baena,90,2016-06-07 10:51:29.834,2.74,2016-06-07 11:38:00,
1.125147767,6344314,Henri Laaksonen,Laaksonen v Carballes Baena,100,2016-06-07 11:28:29.667,3.0,2016-06-07 11:38:00,
1.125147767,7185192,Roberto Carballes Baena,Laaksonen v Carballes Baena,0,2016-06-06 14:14:27.097,1.51,2016-06-07 12:00:00,
1.125147767,7185192,Roberto Carballes Baena,Laaksonen v Carballes Baena,10,2016-06-06 14:17:28.857,1.44,2016-06-07 12:00:00,
1.125147767,7185192,Roberto Carballes Baena,Laaksonen v Carballes Baena,20,2016-06-07 01:56:50.795,1.45,2016-06-07 12:30:00,
1.125147767,7185192,Roberto Carballes Baena,Laaksonen v Carballes Baena,30,2016-06-07 08:58:59.012,1.45,2016-06-07 12:32:00,
1.125147767,7185192,Roberto Carballes Baena,Laaksonen v Carballes Baena,40,2016-06-07 10:41:28.352,1.48,2016-06-07 11:38:00,
1.125147767,7185192,Roberto Carballes Baena,Laaksonen v Carballes Baena,50,2016-06-07 10:49:29.699,1.55,2016-06-07 11:38:00,
1.125147767,7185192,Roberto Carballes Baena,Laaksonen v Carballes Baena,60,2016-06-07 10:52:20.319,1.55,2016-06-07 11:38:00,
1.125147767,7185192,Roberto Carballes Baena,Laaksonen v Carballes Baena,70,2016-06-07 10:55:29.146,1.53,2016-06-07 11:38:00,
1.125147767,7185192,Roberto Carballes Baena,Laaksonen v Carballes Baena,80,2016-06-07 10:59:21.999,1.54,2016-06-07 11:38:00,
1.125147767,7185192,Roberto Carballes Baena,Laaksonen v Carballes Baena,90,2016-06-07 11:04:28.021,1.5,2016-06-07 11:38:00,
1.125147767,7185192,Roberto Carballes Baena,Laaksonen v Carballes Baena,100,2016-06-07 11:51:28.596,1.52,2016-06-07 11:53:00,
1.125147772,2328051,Coco Vandeweghe,Vandeweghe v I De Vroome,0,2016-06-05 08:00:46.253,1.18,2016-06-06 12:00:00,
1.125147772,2328051,Coco Vandeweghe,Vandeweghe v I De Vroome,10,2016-06-05 18:16:02.515,1.14,2016-06-06 09:00:00,
1.125147772,2328051,Coco Vandeweghe,Vandeweghe v I De Vroome,20,2016-06-05 22:18:34.493,1.14,2016-06-06 09:00:00,
1.125147772,2328051,Coco Vandeweghe,Vandeweghe v I De Vroome,30,2016-06-05 23:04:40.423,1.13,2016-06-06 09:00:00,
1.125147772,2328051,Coco Vandeweghe,Vandeweghe v I De Vroome,40,2016-06-06 03:00:15.825,1.1,2016-06-06 09:00:00,
1.125147772,2328051,Coco Vandeweghe,Vandeweghe v I De Vroome,50,2016-06-06 05:52:30.566,1.16,2016-06-06 09:00:00,
1.125147772,2328051,Coco Vandeweghe,Vandeweghe v I De Vroome,60,2016-06-06 07:04:00.764,1.14,2016-06-06 09:00:00,
1.125147772,2328051,Coco Vandeweghe,Vandeweghe v I De Vroome,70,2016-06-06 07:48:31.182,1.16,2016-06-06 09:00:00,
1.125147772,2328051,Coco Vandeweghe,Vandeweghe v I De Vroome,80,2016-06-06 08:20:13.771,1.16,2016-06-06 09:00:00,
1.125147772,2328051,Coco Vandeweghe,Vandeweghe v I De Vroome,90,2016-06-06 08:42:39.876,1.16,2016-06-06 09:00:00,
1.125147772,2328051,Coco Vandeweghe,Vandeweghe v I De Vroome,100,2016-06-06 08:54:31.751,1.18,2016-06-06 09:00:00,
1.125147772,7364004,Indy De Vroome,Vandeweghe v I De Vroome,0,2016-06-05 08:18:09.544,6.0,2016-06-06 12:00:00,
1.125147772,7364004,Indy De Vroome,Vandeweghe v I De Vroome,10,2016-06-05 15:33:03.209,6.6,2016-06-06 09:00:00,
1.125147772,7364004,Indy De Vroome,Vandeweghe v I De Vroome,20,2016-06-05 23:35:02.254,9.2,2016-06-06 09:00:00,
1.125147772,7364004,Indy De Vroome,Vandeweghe v I De Vroome,30,2016-06-06 03:00:15.825,10.0,2016-06-06 09:00:00,
1.125147772,7364004,Indy De Vroome,Vandeweghe v I De Vroome,40,2016-06-06 05:52:30.566,8.0,2016-06-06 09:00:00,
1.125147772,7364004,Indy De Vroome,Vandeweghe v I De Vroome,50,2016-06-06 07:12:17.179,7.4,2016-06-06 09:00:00,
1.125147772,7364004,Indy De Vroome,Vandeweghe v I De Vroome,60,2016-06-06 07:50:31.446,7.0,2016-06-06 09:00:00,
1.125147772,7364004,Indy De Vroome,Vandeweghe v I De Vroome,70,2016-06-06 08:16:24.710,7.2,2016-06-06 09:00:00,
1.125147772,7364004,Indy De Vroome,Vandeweghe v I De Vroome,80,2016-06-06 08:21:23.250,7.8,2016-06-06 09:00:00,
1.125147772,7364004,Indy De Vroome,Vandeweghe v I De Vroome,90,2016-06-06 08:47:29.564,7.2,2016-06-06 09:00:00,
1.125147772,7364004,Indy De Vroome,Vandeweghe v I De Vroome,100,2016-06-06 08:54:31.751,6.6,2016-06-06 09:00:00,
1.125147848,2835266,Ivan Dodig,Dodig v T Ito,0,2016-06-05 20:54:38.607,1.4,2016-06-06 12:00:00,
1.125147848,2835266,Ivan Dodig,Dodig v T Ito,10,2016-06-05 23:33:05.410,1.41,2016-06-06 12:00:00,
1.125147848,2835266,Ivan Dodig,Dodig v T Ito,20,2016-06-06 11:55:49.819,1.44,2016-06-07 12:00:00,
1.125147848,2835266,Ivan Dodig,Dodig v T Ito,30,2016-06-06 17:49:47.527,1.45,2016-06-07 09:00:00,
1.125147848,2835266,Ivan Dodig,Dodig v T Ito,40,2016-06-06 19:38:17.527,1.42,2016-06-07 09:00:00,
1.125147848,2835266,Ivan Dodig,Dodig v T Ito,50,2016-06-06 21:11:50.342,1.42,2016-06-07 09:00:00,
1.125147848,2835266,Ivan Dodig,Dodig v T Ito,60,2016-06-07 05:59:56.179,1.41,2016-06-07 09:00:00,
1.125147848,2835266,Ivan Dodig,Dodig v T Ito,70,2016-06-07 07:15:54.043,1.41,2016-06-07 09:00:00,
1.125147848,2835266,Ivan Dodig,Dodig v T Ito,80,2016-06-07 07:52:28.767,1.42,2016-06-07 09:00:00,
1.125147848,2835266,Ivan Dodig,Dodig v T Ito,90,2016-06-07 08:33:49.378,1.41,2016-06-07 09:00:00,
1.125147848,2835266,Ivan Dodig,Dodig v T Ito,100,2016-06-07 08:52:30.051,1.42,2016-06-07 09:00:00,
1.125147902,5548385,Alison Van Uytvanck,Bencic v Van Uytvanck,0,2016-06-05 12:50:10.557,4.3,2016-06-06 12:00:00,
1.125147902,5548385,Alison Van Uytvanck,Bencic v Van Uytvanck,10,2016-06-05 20:29:46.581,4.5,2016-06-06 12:00:00,
1.125147902,5548385,Alison Van Uytvanck,Bencic v Van Uytvanck,20,2016-06-06 16:12:21.883,4.0,2016-06-07 10:30:00,
1.125147902,5548385,Alison Van Uytvanck,Bencic v Van Uytvanck,30,2016-06-06 17:16:29.193,4.1,2016-06-07 10:30:00,
1.125147902,5548385,Alison Van Uytvanck,Bencic v Van Uytvanck,40,2016-06-06 20:58:12.682,4.5,2016-06-07 10:30:00,
1.125147902,5548385,Alison Van Uytvanck,Bencic v Van Uytvanck,50,2016-06-06 22:53:49.379,4.4,2016-06-07 10:30:00,
1.125147902,5548385,Alison Van Uytvanck,Bencic v Van Uytvanck,60,2016-06-07 06:42:09.644,4.3,2016-06-07 10:30:00,
1.125147902,5548385,Alison Van Uytvanck,Bencic v Van Uytvanck,70,2016-06-07 06:49:52.500,4.1,2016-06-07 10:30:00,
1.125147902,5548385,Alison Van Uytvanck,Bencic v Van Uytvanck,80,2016-06-07 08:29:24.083,4.3,2016-06-07 10:30:00,
1.125147902,5548385,Alison Van Uytvanck,Bencic v Van Uytvanck,90,2016-06-07 08:54:56.754,3.85,2016-06-07 10:30:00,
1.125147902,5548385,Alison Van Uytvanck,Bencic v Van Uytvanck,100,2016-06-07 10:06:54.362,3.9,2016-06-07 10:30:00,
1.125147902,6390244,Belinda Bencic,Bencic v Van Uytvanck,0,2016-06-05 12:50:10.557,1.31,2016-06-06 12:00:00,
1.125147902,6390244,Belinda Bencic,Bencic v Van Uytvanck,10,2016-06-06 13:40:23.064,1.32,2016-06-07 12:00:00,
1.125147902,6390244,Belinda Bencic,Bencic v Van Uytvanck,20,2016-06-06 17:16:29.193,1.32,2016-06-07 10:30:00,
1.125147902,6390244,Belinda Bencic,Bencic v Van Uytvanck,30,2016-06-06 20:17:36.069,1.31,2016-06-07 10:30:00,
1.125147902,6390244,Belinda Bencic,Bencic v Van Uytvanck,40,2016-06-06 20:58:12.682,1.28,2016-06-07 10:30:00,
1.125147902,6390244,Belinda Bencic,Bencic v Van Uytvanck,50,2016-06-06 22:53:49.379,1.3,2016-06-07 10:30:00,
1.125147902,6390244,Belinda Bencic,Bencic v Van Uytvanck,60,2016-06-07 06:49:52.500,1.32,2016-06-07 10:30:00,
1.125147902,6390244,Belinda Bencic,Bencic v Van Uytvanck,70,2016-06-07 08:31:39.878,1.32,2016-06-07 10:30:00,
1.125147902,6390244,Belinda Bencic,Bencic v Van Uytvanck,80,2016-06-07 08:55:58.237,1.36,2016-06-07 10:30:00,
1.125147902,6390244,Belinda Bencic,Bencic v Van Uytvanck,90,2016-06-07 09:22:51.874,1.33,2016-06-07 10:30:00,
1.125147902,6390244,Belinda Bencic,Bencic v Van Uytvanck,100,2016-06-07 10:11:06.421,1.34,2016-06-07 10:30:00,
1.125147961,11261952,Bopanna/Mahut,Bopanna/Mahut v Garcia-lopez/Haase,0,2016-06-06 13:50:34.938,1.32,2016-06-07 12:00:00,
1.125147961,11261952,Bopanna/Mahut,Bopanna/Mahut v Garcia-lopez/Haase,10,2016-06-06 14:07:53.332,1.3,2016-06-07 12:00:00,
1.125147961,11261952,Bopanna/Mahut,Bopanna/Mahut v Garcia-lopez/Haase,20,2016-06-08 01:14:53.503,1.24,2016-06-08 13:00:00,
1.125147961,11261952,Bopanna/Mahut,Bopanna/Mahut v Garcia-lopez/Haase,30,2016-06-08 05:54:21.350,1.23,2016-06-08 13:00:00,
1.125147961,11261952,Bopanna/Mahut,Bopanna/Mahut v Garcia-lopez/Haase,40,2016-06-08 11:40:06.593,1.24,2016-06-08 13:00:00,
1.125147961,11261952,Bopanna/Mahut,Bopanna/Mahut v Garcia-lopez/Haase,50,2016-06-08 12:01:08.425,1.26,2016-06-08 12:30:00,
1.125147961,11261952,Bopanna/Mahut,Bopanna/Mahut v Garcia-lopez/Haase,60,2016-06-08 12:23:49.495,1.3,2016-06-08 12:30:00,
1.125147961,11261952,Bopanna/Mahut,Bopanna/Mahut v Garcia-lopez/Haase,70,2016-06-08 12:46:53.942,1.34,2016-06-08 13:00:00,
1.125147961,11261952,Bopanna/Mahut,Bopanna/Mahut v Garcia-lopez/Haase,80,2016-06-08 12:57:10.746,1.25,2016-06-08 13:00:00,
1.125147961,11261952,Bopanna/Mahut,Bopanna/Mahut v Garcia-lopez/Haase,90,2016-06-08 13:06:08.990,1.22,2016-06-08 13:15:00,
1.125147961,11261952,Bopanna/Mahut,Bopanna/Mahut v Garcia-lopez/Haase,100,2016-06-08 13:08:29.469,1.37,2016-06-08 13:15:00,
1.125147982,3220168,Johanna Larsson,J Larsson v Kozlova,0,2016-06-05 12:40:07.927,1.69,2016-06-06 12:00:00,
1.125147982,3220168,Johanna Larsson,J Larsson v Kozlova,10,2016-06-05 13:42:08.017,1.88,2016-06-06 12:00:00,
1.125147982,3220168,Johanna Larsson,J Larsson v Kozlova,20,2016-06-06 15:07:57.296,1.98,2016-06-07 12:00:00,
1.125147982,3220168,Johanna Larsson,J Larsson v Kozlova,30,2016-06-06 16:33:39.971,1.91,2016-06-07 15:00:00,
1.125147982,3220168,Johanna Larsson,J Larsson v Kozlova,40,2016-06-06 17:53:19.603,2.04,2016-06-07 15:00:00,
1.125147982,3220168,Johanna Larsson,J Larsson v Kozlova,50,2016-06-06 23:13:11.242,1.99,2016-06-07 15:00:00,
1.125147982,3220168,Johanna Larsson,J Larsson v Kozlova,60,2016-06-07 04:26:03.679,2.06,2016-06-07 15:00:00,
1.125147982,3220168,Johanna Larsson,J Larsson v Kozlova,70,2016-06-07 10:10:40.675,2.06,2016-06-07 14:52:00,
1.125147982,3220168,Johanna Larsson,J Larsson v Kozlova,80,2016-06-07 11:06:20.921,2.06,2016-06-07 14:21:00,
1.125147982,3220168,Johanna Larsson,J Larsson v Kozlova,90,2016-06-07 12:27:56.370,2.12,2016-06-07 13:29:00,
1.125147982,3220168,Johanna Larsson,J Larsson v Kozlova,100,2016-06-07 12:51:08.918,2.14,2016-06-07 12:59:00,
1.125147982,7051154,Kateryna Kozlova,J Larsson v Kozlova,0,2016-06-05 12:40:07.927,2.46,2016-06-06 12:00:00,
1.125147982,7051154,Kateryna Kozlova,J Larsson v Kozlova,10,2016-06-05 13:42:08.017,2.14,2016-06-06 12:00:00,
1.125147982,7051154,Kateryna Kozlova,J Larsson v Kozlova,20,2016-06-06 17:53:19.603,1.97,2016-06-07 15:00:00,
1.125147982,7051154,Kateryna Kozlova,J Larsson v Kozlova,30,2016-06-07 00:16:43.969,2.04,2016-06-07 15:00:00,
1.125147982,7051154,Kateryna Kozlova,J Larsson v Kozlova,40,2016-06-07 08:22:11.431,2.0,2016-06-07 15:00:00,
1.125147982,7051154,Kateryna Kozlova,J Larsson v Kozlova,50,2016-06-07 11:06:04.209,1.94,2016-06-07 14:21:00,
1.125147982,7051154,Kateryna Kozlova,J Larsson v Kozlova,60,2016-06-07 11:54:10.959,1.92,2016-06-07 13:29:00,
1.125147982,7051154,Kateryna Kozlova,J Larsson v Kozlova,70,2016-06-07 12:27:56.370,1.89,2016-06-07 13:29:00,
1.125147982,7051154,Kateryna Kozlova,J Larsson v Kozlova,80,2016-06-07 12:43:10.428,1.87,2016-06-07 12:44:00,
1.125147982,7051154,Kateryna Kozlova,J Larsson v Kozlova,90,2016-06-07 12:46:41.266,1.9,2016-06-07 12:59:00,
1.125147982,7051154,Kateryna Kozlova,J Larsson v Kozlova,100,2016-06-07 12:54:10.776,1.82,2016-06-07 12:59:00,
1.125148075,2252607,Jelena Jankovic,Siniakova v J Jankovic,0,2016-06-06 05:43:35.826,1.61,2016-06-07 12:00:00,
1.125148075,2252607,Jelena Jankovic,Siniakova v J Jankovic,10,2016-06-06 18:11:15.674,1.6,2016-06-07 14:30:00,
1.125148075,2252607,Jelena Jankovic,Siniakova v J Jankovic,20,2016-06-06 21:02:15.481,1.58,2016-06-07 14:30:00,
1.125148075,2252607,Jelena Jankovic,Siniakova v J Jankovic,30,2016-06-07 05:46:57.323,1.65,2016-06-07 14:30:00,
1.125148075,2252607,Jelena Jankovic,Siniakova v J Jankovic,40,2016-06-07 11:17:36.933,1.65,2016-06-07 14:30:00,
1.125148075,2252607,Jelena Jankovic,Siniakova v J Jankovic,50,2016-06-07 12:09:16.285,1.69,2016-06-07 14:30:00,
1.125148075,2252607,Jelena Jankovic,Siniakova v J Jankovic,60,2016-06-07 12:51:13.420,1.7,2016-06-07 14:30:00,
1.125148075,2252607,Jelena Jankovic,Siniakova v J Jankovic,70,2016-06-07 13:14:15.618,1.77,2016-06-07 14:30:00,
1.125148075,2252607,Jelena Jankovic,Siniakova v J Jankovic,80,2016-06-07 13:59:13.661,1.74,2016-06-07 14:30:00,
1.125148075,2252607,Jelena Jankovic,Siniakova v J Jankovic,90,2016-06-07 14:28:14.958,1.76,2016-06-07 14:30:00,
1.125148075,2252607,Jelena Jankovic,Siniakova v J Jankovic,100,2016-06-07 14:44:01.152,1.7,2016-06-07 14:45:00,
1.125148075,7137442,Katerina Siniakova,Siniakova v J Jankovic,0,2016-06-06 21:02:15.481,2.68,2016-06-07 14:30:00,
1.125148075,7137442,Katerina Siniakova,Siniakova v J Jankovic,10,2016-06-07 04:26:48.836,2.48,2016-06-07 14:30:00,
1.125148075,7137442,Katerina Siniakova,Siniakova v J Jankovic,20,2016-06-07 08:58:39.057,2.32,2016-06-07 14:30:00,
1.125148075,7137442,Katerina Siniakova,Siniakova v J Jankovic,30,2016-06-07 12:09:55.061,2.48,2016-06-07 14:30:00,
1.125148075,7137442,Katerina Siniakova,Siniakova v J Jankovic,40,2016-06-07 12:51:13.420,2.3,2016-06-07 14:30:00,
1.125148075,7137442,Katerina Siniakova,Siniakova v J Jankovic,50,2016-06-07 13:13:15.560,2.3,2016-06-07 14:30:00,
1.125148075,7137442,Katerina Siniakova,Siniakova v J Jankovic,60,2016-06-07 14:22:02.143,2.38,2016-06-07 14:30:00,
1.125148075,7137442,Katerina Siniakova,Siniakova v J Jankovic,70,2016-06-07 14:27:15.746,2.26,2016-06-07 14:30:00,
1.125148075,7137442,Katerina Siniakova,Siniakova v J Jankovic,80,2016-06-07 14:29:14.371,2.22,2016-06-07 14:30:00,
1.125148075,7137442,Katerina Siniakova,Siniakova v J Jankovic,90,2016-06-07 14:41:12.847,2.3,2016-06-07 14:45:00,
1.125148075,7137442,Katerina Siniakova,Siniakova v J Jankovic,100,2016-06-07 14:44:01.152,2.36,2016-06-07 14:45:00,
1.12514809,7137497,Yoshihito Nishioka,Yo Nishioka v S Kozlov,0,2016-06-05 16:05:34.360,2.08,2016-06-06 13:00:00,
1.12514809,7137497,Yoshihito Nishioka,Yo Nishioka v S Kozlov,10,2016-06-06 03:48:26.029,2.26,2016-06-06 13:00:00,
1.12514809,7137497,Yoshihito Nishioka,Yo Nishioka v S Kozlov,20,2016-06-06 08:11:01.981,2.2,2016-06-06 13:00:00,
1.12514809,7137497,Yoshihito Nishioka,Yo Nishioka v S Kozlov,30,2016-06-06 09:15:00.413,2.22,2016-06-06 13:00:00,
1.12514809,7137497,Yoshihito Nishioka,Yo Nishioka v S Kozlov,40,2016-06-06 11:32:16.177,2.16,2016-06-06 12:47:00,
1.12514809,7137497,Yoshihito Nishioka,Yo Nishioka v S Kozlov,50,2016-06-06 11:42:16.263,2.08,2016-06-06 12:47:00,
1.12514809,7137497,Yoshihito Nishioka,Yo Nishioka v S Kozlov,60,2016-06-06 11:48:12.590,2.06,2016-06-06 12:47:00,
1.12514809,7137497,Yoshihito Nishioka,Yo Nishioka v S Kozlov,70,2016-06-06 11:56:10.969,2.08,2016-06-06 12:47:00,
1.12514809,7137497,Yoshihito Nishioka,Yo Nishioka v S Kozlov,80,2016-06-06 12:08:16.813,2.08,2016-06-06 12:47:00,
1.12514809,7137497,Yoshihito Nishioka,Yo Nishioka v S Kozlov,90,2016-06-06 12:34:05.005,2.04,2016-06-06 12:47:00,
1.12514809,7137497,Yoshihito Nishioka,Yo Nishioka v S Kozlov,100,2016-06-06 12:42:12.098,2.06,2016-06-06 12:50:00,
1.12514809,7415002,Stefan Kozlov,Yo Nishioka v S Kozlov,0,2016-06-05 14:19:08.385,1.85,2016-06-06 12:00:00,
1.12514809,7415002,Stefan Kozlov,Yo Nishioka v S Kozlov,10,2016-06-06 06:41:02.139,1.78,2016-06-06 13:00:00,
1.12514809,7415002,Stefan Kozlov,Yo Nishioka v S Kozlov,20,2016-06-06 08:11:01.981,1.83,2016-06-06 13:00:00,
1.12514809,7415002,Stefan Kozlov,Yo Nishioka v S Kozlov,30,2016-06-06 11:30:45.970,1.84,2016-06-06 12:47:00,
1.12514809,7415002,Stefan Kozlov,Yo Nishioka v S Kozlov,40,2016-06-06 11:42:16.263,1.91,2016-06-06 12:47:00,
1.12514809,7415002,Stefan Kozlov,Yo Nishioka v S Kozlov,50,2016-06-06 11:46:11.559,1.93,2016-06-06 12:47:00,
1.12514809,7415002,Stefan Kozlov,Yo Nishioka v S Kozlov,60,2016-06-06 11:51:16.924,1.95,2016-06-06 12:47:00,
1.12514809,7415002,Stefan Kozlov,Yo Nishioka v S Kozlov,70,2016-06-06 11:58:54.149,1.94,2016-06-06 12:47:00,
1.12514809,7415002,Stefan Kozlov,Yo Nishioka v S Kozlov,80,2016-06-06 12:08:16.813,1.94,2016-06-06 12:47:00,
1.12514809,7415002,Stefan Kozlov,Yo Nishioka v S Kozlov,90,2016-06-06 12:26:57.872,1.96,2016-06-06 12:47:00,
1.12514809,7415002,Stefan Kozlov,Yo Nishioka v S Kozlov,100,2016-06-06 12:42:12.098,1.96,2016-06-06 12:50:00,
1.125148105,7683152,Nao Hibino,Hibino v Voegele,0,2016-06-05 09:03:03.731,2.44,2016-06-06 12:00:00,
1.125148105,7683152,Nao Hibino,Hibino v Voegele,10,2016-06-05 17:51:08.295,1.98,2016-06-06 12:00:00,
1.125148105,7683152,Nao Hibino,Hibino v Voegele,20,2016-06-06 07:32:38.218,1.89,2016-06-07 12:00:00,
1.125148105,7683152,Nao Hibino,Hibino v Voegele,30,2016-06-06 16:32:03.529,1.98,2016-06-07 11:00:00,
1.125148105,7683152,Nao Hibino,Hibino v Voegele,40,2016-06-06 18:16:39.124,1.79,2016-06-07 11:00:00,
1.125148105,7683152,Nao Hibino,Hibino v Voegele,50,2016-06-07 00:13:06.079,1.83,2016-06-07 11:00:00,
1.125148105,7683152,Nao Hibino,Hibino v Voegele,60,2016-06-07 04:24:47.980,1.81,2016-06-07 11:00:00,
1.125148105,7683152,Nao Hibino,Hibino v Voegele,70,2016-06-07 08:37:16.752,1.85,2016-06-07 11:00:00,
1.125148105,7683152,Nao Hibino,Hibino v Voegele,80,2016-06-07 09:00:17.752,1.89,2016-06-07 10:50:00,
1.125148105,7683152,Nao Hibino,Hibino v Voegele,90,2016-06-07 09:14:14.926,1.85,2016-06-07 10:50:00,
1.125148105,7683152,Nao Hibino,Hibino v Voegele,100,2016-06-07 10:29:18.549,1.89,2016-06-07 10:50:00,
1.125148238,10772936,Muller/Nielsen,Demoliner/Monroe v Muller/Nielsen,0,2016-06-06 21:02:26.954,1.85,2016-06-07 12:00:00,
1.125148238,10772936,Muller/Nielsen,Demoliner/Monroe v Muller/Nielsen,10,2016-06-07 20:07:12.841,1.72,2016-06-08 09:00:00,
1.125148238,10772936,Muller/Nielsen,Demoliner/Monroe v Muller/Nielsen,20,2016-06-07 21:29:28.106,1.71,2016-06-08 09:00:00,
1.125148238,10772936,Muller/Nielsen,Demoliner/Monroe v Muller/Nielsen,30,2016-06-07 21:30:05.872,1.7,2016-06-08 09:00:00,
1.125148238,10772936,Muller/Nielsen,Demoliner/Monroe v Muller/Nielsen,40,2016-06-07 21:31:01.314,1.69,2016-06-08 09:00:00,
1.125148238,10772936,Muller/Nielsen,Demoliner/Monroe v Muller/Nielsen,50,2016-06-07 22:39:56.387,1.68,2016-06-08 09:00:00,
1.125148238,10772936,Muller/Nielsen,Demoliner/Monroe v Muller/Nielsen,60,2016-06-08 07:10:24.954,1.8,2016-06-08 09:00:00,
1.125148238,10772936,Muller/Nielsen,Demoliner/Monroe v Muller/Nielsen,70,2016-06-08 08:31:28.124,1.67,2016-06-08 09:00:00,
1.125148238,10772936,Muller/Nielsen,Demoliner/Monroe v Muller/Nielsen,80,2016-06-08 08:50:25.664,1.74,2016-06-08 09:00:00,
1.125148238,10772936,Muller/Nielsen,Demoliner/Monroe v Muller/Nielsen,90,2016-06-08 08:57:17.417,1.69,2016-06-08 09:00:00,
1.125148238,10772936,Muller/Nielsen,Demoliner/Monroe v Muller/Nielsen,100,2016-06-08 08:59:04.345,1.68,2016-06-08 09:00:00,
1.12514824,2257535,Andreas Seppi,A Mannarino v Seppi,0,2016-06-05 11:35:06.766,1.83,2016-06-06 12:00:00,
1.12514824,2257535,Andreas Seppi,A Mannarino v Seppi,10,2016-06-05 17:38:05.161,1.97,2016-06-06 12:00:00,
1.12514824,2257535,Andreas Seppi,A Mannarino v Seppi,20,2016-06-05 19:17:13.221,2.02,2016-06-06 12:00:00,
1.12514824,2257535,Andreas Seppi,A Mannarino v Seppi,30,2016-06-05 22:59:10.730,2.08,2016-06-06 12:00:00,
1.12514824,2257535,Andreas Seppi,A Mannarino v Seppi,40,2016-06-06 17:45:40.715,2.1,2016-06-07 11:00:00,
1.12514824,2257535,Andreas Seppi,A Mannarino v Seppi,50,2016-06-06 20:09:16.571,2.16,2016-06-07 11:00:00,
1.12514824,2257535,Andreas Seppi,A Mannarino v Seppi,60,2016-06-06 20:54:18.562,2.1,2016-06-07 11:00:00,
1.12514824,2257535,Andreas Seppi,A Mannarino v Seppi,70,2016-06-07 01:52:37.735,2.1,2016-06-07 11:00:00,
1.12514824,2257535,Andreas Seppi,A Mannarino v Seppi,80,2016-06-07 09:26:24.754,2.18,2016-06-07 10:53:00,
1.12514824,2257535,Andreas Seppi,A Mannarino v Seppi,90,2016-06-07 10:01:17.283,2.14,2016-06-07 10:53:00,
1.12514824,2257535,Andreas Seppi,A Mannarino v Seppi,100,2016-06-07 10:14:28.400,2.18,2016-06-07 10:25:00,
1.12514824,3066621,Adrian Mannarino,A Mannarino v Seppi,0,2016-06-05 18:11:13.780,2.0,2016-06-06 12:00:00,
1.12514824,3066621,Adrian Mannarino,A Mannarino v Seppi,10,2016-06-05 19:17:13.221,1.98,2016-06-06 12:00:00,
1.12514824,3066621,Adrian Mannarino,A Mannarino v Seppi,20,2016-06-06 07:31:37.539,1.9,2016-06-07 12:00:00,
1.12514824,3066621,Adrian Mannarino,A Mannarino v Seppi,30,2016-06-06 16:32:46.697,1.91,2016-06-07 11:00:00,
1.12514824,3066621,Adrian Mannarino,A Mannarino v Seppi,40,2016-06-06 18:12:01.996,1.89,2016-06-07 11:00:00,
1.12514824,3066621,Adrian Mannarino,A Mannarino v Seppi,50,2016-06-07 04:35:26.005,1.9,2016-06-07 11:00:00,
1.12514824,3066621,Adrian Mannarino,A Mannarino v Seppi,60,2016-06-07 08:36:06.202,1.9,2016-06-07 11:00:00,
1.12514824,3066621,Adrian Mannarino,A Mannarino v Seppi,70,2016-06-07 09:11:21.046,1.89,2016-06-07 10:53:00,
1.12514824,3066621,Adrian Mannarino,A Mannarino v Seppi,80,2016-06-07 09:35:24.293,1.89,2016-06-07 10:53:00,
1.12514824,3066621,Adrian Mannarino,A Mannarino v Seppi,90,2016-06-07 10:09:03.357,1.86,2016-06-07 10:53:00,
1.12514824,3066621,Adrian Mannarino,A Mannarino v Seppi,100,2016-06-07 10:14:28.400,1.86,2016-06-07 10:25:00,
1.125148257,2248579,Gilles Muller,R Haase v G Muller,0,2016-06-05 15:07:22.224,1.59,2016-06-06 12:00:00,
1.125148257,2248579,Gilles Muller,R Haase v G Muller,10,2016-06-06 13:15:57.975,1.55,2016-06-07 12:00:00,
1.125148257,2248579,Gilles Muller,R Haase v G Muller,20,2016-06-06 18:34:20.820,1.52,2016-06-07 12:30:00,
1.125148257,2248579,Gilles Muller,R Haase v G Muller,30,2016-06-06 20:46:29.244,1.51,2016-06-07 12:30:00,
1.125148257,2248579,Gilles Muller,R Haase v G Muller,40,2016-06-06 22:51:58.861,1.52,2016-06-07 12:30:00,
1.125148257,2248579,Gilles Muller,R Haase v G Muller,50,2016-06-07 06:31:24.360,1.49,2016-06-07 12:30:00,
1.125148257,2248579,Gilles Muller,R Haase v G Muller,60,2016-06-07 08:20:22.511,1.52,2016-06-07 12:30:00,
1.125148257,2248579,Gilles Muller,R Haase v G Muller,70,2016-06-07 10:32:19.982,1.52,2016-06-07 12:30:00,
1.125148257,2248579,Gilles Muller,R Haase v G Muller,80,2016-06-07 11:23:14.010,1.5,2016-06-07 12:30:00,
1.125148257,2248579,Gilles Muller,R Haase v G Muller,90,2016-06-07 12:22:20.816,1.5,2016-06-07 12:30:00,
1.125148257,2248579,Gilles Muller,R Haase v G Muller,100,2016-06-07 12:53:07.403,1.5,2016-06-07 13:00:00,
1.125148257,2309796,Robin Haase,R Haase v G Muller,0,2016-06-05 11:35:07.022,2.5,2016-06-06 12:00:00,
1.125148257,2309796,Robin Haase,R Haase v G Muller,10,2016-06-06 13:15:57.975,2.8,2016-06-07 12:00:00,
1.125148257,2309796,Robin Haase,R Haase v G Muller,20,2016-06-06 19:42:06.756,2.92,2016-06-07 12:30:00,
1.125148257,2309796,Robin Haase,R Haase v G Muller,30,2016-06-06 20:43:28.519,2.92,2016-06-07 12:30:00,
1.125148257,2309796,Robin Haase,R Haase v G Muller,40,2016-06-06 21:14:27.028,2.8,2016-06-07 12:30:00,
1.125148257,2309796,Robin Haase,R Haase v G Muller,50,2016-06-06 23:56:25.486,2.88,2016-06-07 12:30:00,
1.125148257,2309796,Robin Haase,R Haase v G Muller,60,2016-06-07 06:57:17.293,2.96,2016-06-07 12:30:00,
1.125148257,2309796,Robin Haase,R Haase v G Muller,70,2016-06-07 08:20:22.511,2.9,2016-06-07 12:30:00,
1.125148257,2309796,Robin Haase,R Haase v G Muller,80,2016-06-07 11:15:16.226,2.94,2016-06-07 12:30:00,
1.125148257,2309796,Robin Haase,R Haase v G Muller,90,2016-06-07 12:24:28.946,3.05,2016-06-07 12:30:00,
1.125148257,2309796,Robin Haase,R Haase v G Muller,100,2016-06-07 12:50:11.514,3.0,2016-06-07 13:00:00,
1.125148352,2249398,Benjamin Becker,Querrey v B Becker,0,2016-06-05 11:29:35.372,1.76,2016-06-06 12:00:00,
1.125148352,2249398,Benjamin Becker,Querrey v B Becker,10,2016-06-05 21:20:36.729,3.15,2016-06-06 14:30:00,
1.125148352,2249398,Benjamin Becker,Querrey v B Becker,20,2016-06-06 08:05:42.259,3.25,2016-06-06 14:30:00,
1.125148352,2249398,Benjamin Becker,Querrey v B Becker,30,2016-06-06 08:19:26.371,2.94,2016-06-06 14:30:00,
1.125148352,2249398,Benjamin Becker,Querrey v B Becker,40,2016-06-06 09:00:18.912,3.05,2016-06-06 14:30:00,
1.125148352,2249398,Benjamin Becker,Querrey v B Becker,50,2016-06-06 11:54:36.572,2.98,2016-06-06 14:30:00,
1.125148352,2249398,Benjamin Becker,Querrey v B Becker,60,2016-06-06 12:15:39.361,2.96,2016-06-06 14:30:00,
1.125148352,2249398,Benjamin Becker,Querrey v B Becker,70,2016-06-06 13:17:16.602,3.0,2016-06-06 14:30:00,
1.125148352,2249398,Benjamin Becker,Querrey v B Becker,80,2016-06-06 13:29:23.122,3.0,2016-06-06 14:30:00,
1.125148352,2249398,Benjamin Becker,Querrey v B Becker,90,2016-06-06 13:51:36.701,2.96,2016-06-06 14:30:00,
1.125148352,2249398,Benjamin Becker,Querrey v B Becker,100,2016-06-06 14:15:29.484,3.05,2016-06-06 14:30:00,
1.125148352,2263560,Sam Querrey,Querrey v B Becker,0,2016-06-05 11:29:35.372,2.32,2016-06-06 12:00:00,
1.125148352,2263560,Sam Querrey,Querrey v B Becker,10,2016-06-05 15:06:41.893,1.51,2016-06-06 14:30:00,
1.125148352,2263560,Sam Querrey,Querrey v B Becker,20,2016-06-05 22:25:36.638,1.44,2016-06-06 14:30:00,
1.125148352,2263560,Sam Querrey,Querrey v B Becker,30,2016-06-06 08:13:38.716,1.46,2016-06-06 14:30:00,
1.125148352,2263560,Sam Querrey,Querrey v B Becker,40,2016-06-06 09:00:18.912,1.49,2016-06-06 14:30:00,
1.125148352,2263560,Sam Querrey,Querrey v B Becker,50,2016-06-06 11:38:33.124,1.5,2016-06-06 14:30:00,
1.125148352,2263560,Sam Querrey,Querrey v B Becker,60,2016-06-06 12:13:33.590,1.5,2016-06-06 14:30:00,
1.125148352,2263560,Sam Querrey,Querrey v B Becker,70,2016-06-06 12:45:07.665,1.51,2016-06-06 14:30:00,
1.125148352,2263560,Sam Querrey,Querrey v B Becker,80,2016-06-06 13:30:35.043,1.49,2016-06-06 14:30:00,
1.125148352,2263560,Sam Querrey,Querrey v B Becker,90,2016-06-06 13:58:37.972,1.5,2016-06-06 14:30:00,
1.125148352,2263560,Sam Querrey,Querrey v B Becker,100,2016-06-06 14:26:39.021,1.49,2016-06-06 14:30:00,
1.125148367,2415530,Evgeniya Rodina,Rodina v Galfi,0,2016-06-05 07:59:33.320,1.66,2016-06-06 12:00:00,
1.125148367,2415530,Evgeniya Rodina,Rodina v Galfi,10,2016-06-05 09:39:03.729,1.61,2016-06-06 12:00:00,
1.125148367,2415530,Evgeniya Rodina,Rodina v Galfi,20,2016-06-05 16:20:36.844,1.65,2016-06-06 12:00:00,
1.125148367,2415530,Evgeniya Rodina,Rodina v Galfi,30,2016-06-05 19:58:29.893,1.68,2016-06-06 12:00:00,
1.125148367,2415530,Evgeniya Rodina,Rodina v Galfi,40,2016-06-06 16:32:06.717,1.76,2016-06-07 15:00:00,
1.125148367,2415530,Evgeniya Rodina,Rodina v Galfi,50,2016-06-07 12:12:34.999,1.81,2016-06-07 14:28:00,
1.125148367,2415530,Evgeniya Rodina,Rodina v Galfi,60,2016-06-07 12:21:43.711,1.84,2016-06-07 14:15:00,
1.125148367,2415530,Evgeniya Rodina,Rodina v Galfi,70,2016-06-07 12:34:42.550,1.85,2016-06-07 14:15:00,
1.125148367,2415530,Evgeniya Rodina,Rodina v Galfi,80,2016-06-07 12:41:59.002,1.87,2016-06-07 14:15:00,
1.125148367,2415530,Evgeniya Rodina,Rodina v Galfi,90,2016-06-07 13:23:28.639,1.77,2016-06-07 14:15:00,
1.125148367,2415530,Evgeniya Rodina,Rodina v Galfi,100,2016-06-07 14:06:42.453,1.78,2016-06-07 14:07:00,
1.125148367,9304691,Dalma Galfi,Rodina v Galfi,0,2016-06-05 08:03:35.179,2.54,2016-06-06 12:00:00,
1.125148367,9304691,Dalma Galfi,Rodina v Galfi,10,2016-06-05 11:54:37.000,2.34,2016-06-06 12:00:00,
1.125148367,9304691,Dalma Galfi,Rodina v Galfi,20,2016-06-05 16:38:39.403,2.52,2016-06-06 12:00:00,
1.125148367,9304691,Dalma Galfi,Rodina v Galfi,30,2016-06-05 19:58:29.893,2.48,2016-06-06 12:00:00,
1.125148367,9304691,Dalma Galfi,Rodina v Galfi,40,2016-06-06 04:04:44.914,2.5,2016-06-07 12:00:00,
1.125148367,9304691,Dalma Galfi,Rodina v Galfi,50,2016-06-07 12:12:34.999,2.22,2016-06-07 14:28:00,
1.125148367,9304691,Dalma Galfi,Rodina v Galfi,60,2016-06-07 12:21:43.711,2.16,2016-06-07 14:15:00,
1.125148367,9304691,Dalma Galfi,Rodina v Galfi,70,2016-06-07 12:30:44.512,2.2,2016-06-07 14:15:00,
1.125148367,9304691,Dalma Galfi,Rodina v Galfi,80,2016-06-07 12:44:44.604,2.2,2016-06-07 14:15:00,
1.125148367,9304691,Dalma Galfi,Rodina v Galfi,90,2016-06-07 13:07:35.431,2.28,2016-06-07 14:15:00,
1.125148367,9304691,Dalma Galfi,Rodina v Galfi,100,2016-06-07 14:06:42.453,2.28,2016-06-07 14:07:00,
1.125148422,2263603,Madison Brengle,Siegemund v Brengle,0,2016-06-05 11:54:40.375,2.78,2016-06-06 12:00:00,
1.125148422,2263603,Madison Brengle,Siegemund v Brengle,10,2016-06-05 21:20:36.673,2.48,2016-06-06 11:00:00,
1.125148422,2263603,Madison Brengle,Siegemund v Brengle,20,2016-06-05 21:56:34.101,2.38,2016-06-06 11:00:00,
1.125148422,2263603,Madison Brengle,Siegemund v Brengle,30,2016-06-05 22:53:22.559,2.26,2016-06-06 11:00:00,
1.125148422,2263603,Madison Brengle,Siegemund v Brengle,40,2016-06-06 02:52:38.678,2.48,2016-06-06 11:00:00,
1.125148422,2263603,Madison Brengle,Siegemund v Brengle,50,2016-06-06 07:21:24.654,2.38,2016-06-06 11:00:00,
1.125148422,2263603,Madison Brengle,Siegemund v Brengle,60,2016-06-06 08:54:35.611,2.38,2016-06-06 10:51:00,
1.125148422,2263603,Madison Brengle,Siegemund v Brengle,70,2016-06-06 09:32:31.331,2.44,2016-06-06 10:51:00,
1.125148422,2263603,Madison Brengle,Siegemund v Brengle,80,2016-06-06 09:57:40.300,2.46,2016-06-06 10:51:00,
1.125148422,2263603,Madison Brengle,Siegemund v Brengle,90,2016-06-06 10:13:22.304,2.52,2016-06-06 10:51:00,
1.125148422,2263603,Madison Brengle,Siegemund v Brengle,100,2016-06-06 10:28:31.166,2.5,2016-06-06 10:51:00,
1.125148422,4829328,Laura Siegemund,Siegemund v Brengle,0,2016-06-05 11:54:40.375,1.56,2016-06-06 12:00:00,
1.125148422,4829328,Laura Siegemund,Siegemund v Brengle,10,2016-06-05 23:52:27.668,1.73,2016-06-06 11:00:00,
1.125148422,4829328,Laura Siegemund,Siegemund v Brengle,20,2016-06-06 02:10:32.320,1.69,2016-06-06 11:00:00,
1.125148422,4829328,Laura Siegemund,Siegemund v Brengle,30,2016-06-06 03:43:24.660,1.57,2016-06-06 11:00:00,
1.125148422,4829328,Laura Siegemund,Siegemund v Brengle,40,2016-06-06 07:21:24.654,1.72,2016-06-06 11:00:00,
1.125148422,4829328,Laura Siegemund,Siegemund v Brengle,50,2016-06-06 08:47:11.857,1.7,2016-06-06 11:00:00,
1.125148422,4829328,Laura Siegemund,Siegemund v Brengle,60,2016-06-06 09:10:40.844,1.67,2016-06-06 10:51:00,
1.125148422,4829328,Laura Siegemund,Siegemund v Brengle,70,2016-06-06 09:53:59.440,1.68,2016-06-06 10:51:00,
1.125148422,4829328,Laura Siegemund,Siegemund v Brengle,80,2016-06-06 10:08:40.900,1.64,2016-06-06 10:51:00,
1.125148422,4829328,Laura Siegemund,Siegemund v Brengle,90,2016-06-06 10:23:41.561,1.67,2016-06-06 10:51:00,
1.125148422,4829328,Laura Siegemund,Siegemund v Brengle,100,2016-06-06 10:33:36.047,1.65,2016-06-06 10:46:00,
1.125148437,4903598,Vasek Pospisil,V Pospisil v Garcia-Lopez,0,2016-06-05 13:24:39.904,2.16,2016-06-06 12:00:00,
1.125148437,4903598,Vasek Pospisil,V Pospisil v Garcia-Lopez,10,2016-06-05 19:06:20.601,2.02,2016-06-06 12:00:00,
1.125148437,4903598,Vasek Pospisil,V Pospisil v Garcia-Lopez,20,2016-06-05 22:10:38.930,1.97,2016-06-06 12:00:00,
1.125148437,4903598,Vasek Pospisil,V Pospisil v Garcia-Lopez,30,2016-06-06 07:31:43.648,1.88,2016-06-07 12:00:00,
1.125148437,4903598,Vasek Pospisil,V Pospisil v Garcia-Lopez,40,2016-06-06 12:55:40.528,2.0,2016-06-07 12:00:00,
1.125148437,4903598,Vasek Pospisil,V Pospisil v Garcia-Lopez,50,2016-06-06 16:39:19.814,1.89,2016-06-07 11:00:00,
1.125148437,4903598,Vasek Pospisil,V Pospisil v Garcia-Lopez,60,2016-06-07 01:24:37.398,1.87,2016-06-07 11:00:00,
1.125148437,4903598,Vasek Pospisil,V Pospisil v Garcia-Lopez,70,2016-06-07 08:25:29.361,1.86,2016-06-07 11:00:00,
1.125148437,4903598,Vasek Pospisil,V Pospisil v Garcia-Lopez,80,2016-06-07 09:21:37.375,1.89,2016-06-07 10:50:00,
1.125148437,4903598,Vasek Pospisil,V Pospisil v Garcia-Lopez,90,2016-06-07 10:17:43.830,1.86,2016-06-07 10:50:00,
1.125148437,4903598,Vasek Pospisil,V Pospisil v Garcia-Lopez,100,2016-06-07 10:37:43.086,1.87,2016-06-07 10:50:00,
1.125148437,11204309,Guillermo Garcia-Lopez,V Pospisil v Garcia-Lopez,0,2016-06-05 13:24:39.904,1.87,2016-06-06 12:00:00,
1.125148437,11204309,Guillermo Garcia-Lopez,V Pospisil v Garcia-Lopez,10,2016-06-05 17:29:42.623,1.96,2016-06-06 12:00:00,
1.125148437,11204309,Guillermo Garcia-Lopez,V Pospisil v Garcia-Lopez,20,2016-06-05 19:06:20.601,1.98,2016-06-06 12:00:00,
1.125148437,11204309,Guillermo Garcia-Lopez,V Pospisil v Garcia-Lopez,30,2016-06-06 07:25:16.580,2.08,2016-06-07 12:00:00,
1.125148437,11204309,Guillermo Garcia-Lopez,V Pospisil v Garcia-Lopez,40,2016-06-06 12:53:52.515,2.04,2016-06-07 12:00:00,
1.125148437,11204309,Guillermo Garcia-Lopez,V Pospisil v Garcia-Lopez,50,2016-06-06 16:39:19.814,2.12,2016-06-07 11:00:00,
1.125148437,11204309,Guillermo Garcia-Lopez,V Pospisil v Garcia-Lopez,60,2016-06-07 00:27:01.732,2.12,2016-06-07 11:00:00,
1.125148437,11204309,Guillermo Garcia-Lopez,V Pospisil v Garcia-Lopez,70,2016-06-07 04:13:31.061,2.08,2016-06-07 11:00:00,
1.125148437,11204309,Guillermo Garcia-Lopez,V Pospisil v Garcia-Lopez,80,2016-06-07 06:28:18.494,2.08,2016-06-07 11:00:00,
1.125148437,11204309,Guillermo Garcia-Lopez,V Pospisil v Garcia-Lopez,90,2016-06-07 08:12:30.052,2.16,2016-06-07 11:00:00,
1.125148437,11204309,Guillermo Garcia-Lopez,V Pospisil v Garcia-Lopez,100,2016-06-07 10:14:42.536,2.16,2016-06-07 10:50:00,
1.125148457,2263576,Varvara Lepchenko,Hercog v Lepchenko,0,2016-06-05 16:18:07.248,1.87,2016-06-06 12:00:00,
1.125148457,2263576,Varvara Lepchenko,Hercog v Lepchenko,10,2016-06-05 16:29:43.881,1.89,2016-06-06 12:00:00,
1.125148457,2263576,Varvara Lepchenko,Hercog v Lepchenko,20,2016-06-05 18:07:25.155,1.98,2016-06-06 12:00:00,
1.125148457,2263576,Varvara Lepchenko,Hercog v Lepchenko,30,2016-06-05 18:49:14.117,1.91,2016-06-06 12:00:00,
1.125148457,2263576,Varvara Lepchenko,Hercog v Lepchenko,40,2016-06-05 21:39:49.070,1.86,2016-06-06 12:00:00,
1.125148457,2263576,Varvara Lepchenko,Hercog v Lepchenko,50,2016-06-06 07:32:26.534,1.86,2016-06-07 12:00:00,
1.125148457,2263576,Varvara Lepchenko,Hercog v Lepchenko,60,2016-06-06 17:52:26.401,1.93,2016-06-07 13:00:00,
1.125148457,2263576,Varvara Lepchenko,Hercog v Lepchenko,70,2016-06-07 07:59:43.604,1.9,2016-06-07 13:00:00,
1.125148457,2263576,Varvara Lepchenko,Hercog v Lepchenko,80,2016-06-07 08:48:48.280,1.94,2016-06-07 13:00:00,
1.125148457,2263576,Varvara Lepchenko,Hercog v Lepchenko,90,2016-06-07 10:15:21.370,1.91,2016-06-07 12:52:00,
1.125148457,2263576,Varvara Lepchenko,Hercog v Lepchenko,100,2016-06-07 11:24:43.358,1.91,2016-06-07 12:21:00,
1.125148457,2548781,Polona Hercog,Hercog v Lepchenko,0,2016-06-05 11:56:30.530,2.32,2016-06-06 12:00:00,
1.125148457,2548781,Polona Hercog,Hercog v Lepchenko,10,2016-06-05 15:57:38.030,2.34,2016-06-06 12:00:00,
1.125148457,2548781,Polona Hercog,Hercog v Lepchenko,20,2016-06-05 16:18:07.248,2.16,2016-06-06 12:00:00,
1.125148457,2548781,Polona Hercog,Hercog v Lepchenko,30,2016-06-05 16:45:46.180,1.84,2016-06-06 12:00:00,
1.125148457,2548781,Polona Hercog,Hercog v Lepchenko,40,2016-06-05 18:48:01.030,2.1,2016-06-06 12:00:00,
1.125148457,2548781,Polona Hercog,Hercog v Lepchenko,50,2016-06-05 20:04:48.178,2.14,2016-06-06 12:00:00,
1.125148457,2548781,Polona Hercog,Hercog v Lepchenko,60,2016-06-06 17:25:05.473,2.08,2016-06-07 13:00:00,
1.125148457,2548781,Polona Hercog,Hercog v Lepchenko,70,2016-06-07 08:45:24.173,2.08,2016-06-07 13:00:00,
1.125148457,2548781,Polona Hercog,Hercog v Lepchenko,80,2016-06-07 09:02:29.914,2.1,2016-06-07 12:52:00,
1.125148457,2548781,Polona Hercog,Hercog v Lepchenko,90,2016-06-07 09:50:23.529,2.1,2016-06-07 12:52:00,
1.125148457,2548781,Polona Hercog,Hercog v Lepchenko,100,2016-06-07 11:24:43.358,2.1,2016-06-07 12:21:00,
1.125148631,2488011,Rajeev Ram,P Mathieu v R Ram,0,2016-06-05 13:22:52.498,1.91,2016-06-06 12:00:00,
1.125148631,2488011,Rajeev Ram,P Mathieu v R Ram,10,2016-06-05 17:29:45.255,1.83,2016-06-06 09:00:00,
1.125148631,2488011,Rajeev Ram,P Mathieu v R Ram,20,2016-06-06 01:51:53.617,1.77,2016-06-06 09:00:00,
1.125148631,2488011,Rajeev Ram,P Mathieu v R Ram,30,2016-06-06 02:57:34.999,1.73,2016-06-06 09:00:00,
1.125148631,2488011,Rajeev Ram,P Mathieu v R Ram,40,2016-06-06 04:09:35.175,1.73,2016-06-06 09:00:00,
1.125148631,2488011,Rajeev Ram,P Mathieu v R Ram,50,2016-06-06 06:03:01.702,1.71,2016-06-06 09:00:00,
1.125148631,2488011,Rajeev Ram,P Mathieu v R Ram,60,2016-06-06 06:41:55.999,1.74,2016-06-06 09:00:00,
1.125148631,2488011,Rajeev Ram,P Mathieu v R Ram,70,2016-06-06 07:33:20.612,1.7,2016-06-06 09:00:00,
1.125148631,2488011,Rajeev Ram,P Mathieu v R Ram,80,2016-06-06 08:30:45.810,1.71,2016-06-06 09:00:00,
1.125148631,2488011,Rajeev Ram,P Mathieu v R Ram,90,2016-06-06 08:43:59.775,1.84,2016-06-06 09:00:00,
1.125148631,2488011,Rajeev Ram,P Mathieu v R Ram,100,2016-06-06 08:54:00.202,1.89,2016-06-06 09:00:00,
1.125148631,11204430,Paul-Henri Mathieu,P Mathieu v R Ram,0,2016-06-05 13:22:52.498,2.06,2016-06-06 12:00:00,
1.125148631,11204430,Paul-Henri Mathieu,P Mathieu v R Ram,10,2016-06-05 22:33:00.187,2.24,2016-06-06 09:00:00,
1.125148631,11204430,Paul-Henri Mathieu,P Mathieu v R Ram,20,2016-06-06 02:13:41.987,2.24,2016-06-06 09:00:00,
1.125148631,11204430,Paul-Henri Mathieu,P Mathieu v R Ram,30,2016-06-06 03:36:11.687,2.28,2016-06-06 09:00:00,
1.125148631,11204430,Paul-Henri Mathieu,P Mathieu v R Ram,40,2016-06-06 05:43:55.723,2.4,2016-06-06 09:00:00,
1.125148631,11204430,Paul-Henri Mathieu,P Mathieu v R Ram,50,2016-06-06 06:31:30.236,2.38,2016-06-06 09:00:00,
1.125148631,11204430,Paul-Henri Mathieu,P Mathieu v R Ram,60,2016-06-06 07:33:20.612,2.42,2016-06-06 09:00:00,
1.125148631,11204430,Paul-Henri Mathieu,P Mathieu v R Ram,70,2016-06-06 07:55:38.185,2.4,2016-06-06 09:00:00,
1.125148631,11204430,Paul-Henri Mathieu,P Mathieu v R Ram,80,2016-06-06 08:30:45.810,2.4,2016-06-06 09:00:00,
1.125148631,11204430,Paul-Henri Mathieu,P Mathieu v R Ram,90,2016-06-06 08:44:59.017,2.2,2016-06-06 09:00:00,
1.125148631,11204430,Paul-Henri Mathieu,P Mathieu v R Ram,100,2016-06-06 08:54:00.202,2.1,2016-06-06 09:00:00,
1.125148646,2263713,Yaroslava Shvedova,K Mladenovic v Shvedova,0,2016-06-06 15:13:56.401,2.5,2016-06-07 13:00:00,
1.125148646,2263713,Yaroslava Shvedova,K Mladenovic v Shvedova,10,2016-06-06 17:50:37.342,2.32,2016-06-07 13:00:00,
1.125148646,2263713,Yaroslava Shvedova,K Mladenovic v Shvedova,20,2016-06-06 21:14:49.139,2.34,2016-06-07 13:00:00,
1.125148646,2263713,Yaroslava Shvedova,K Mladenovic v Shvedova,30,2016-06-07 03:25:46.883,2.42,2016-06-07 13:00:00,
1.125148646,2263713,Yaroslava Shvedova,K Mladenovic v Shvedova,40,2016-06-07 05:12:54.731,2.38,2016-06-07 13:00:00,
1.125148646,2263713,Yaroslava Shvedova,K Mladenovic v Shvedova,50,2016-06-07 07:00:38.447,2.32,2016-06-07 13:00:00,
1.125148646,2263713,Yaroslava Shvedova,K Mladenovic v Shvedova,60,2016-06-07 07:44:00.494,2.28,2016-06-07 13:00:00,
1.125148646,2263713,Yaroslava Shvedova,K Mladenovic v Shvedova,70,2016-06-07 08:17:44.932,2.3,2016-06-07 13:00:00,
1.125148646,2263713,Yaroslava Shvedova,K Mladenovic v Shvedova,80,2016-06-07 10:36:54.231,2.28,2016-06-07 12:09:00,
1.125148646,2263713,Yaroslava Shvedova,K Mladenovic v Shvedova,90,2016-06-07 11:04:51.360,2.38,2016-06-07 12:09:00,
1.125148646,2263713,Yaroslava Shvedova,K Mladenovic v Shvedova,100,2016-06-07 11:45:38.568,2.4,2016-06-07 12:09:00,
1.125148646,3622052,Kristina Mladenovic,K Mladenovic v Shvedova,0,2016-06-05 22:43:33.264,1.6,2016-06-06 12:00:00,
1.125148646,3622052,Kristina Mladenovic,K Mladenovic v Shvedova,10,2016-06-06 17:50:37.342,1.76,2016-06-07 13:00:00,
1.125148646,3622052,Kristina Mladenovic,K Mladenovic v Shvedova,20,2016-06-06 21:53:56.871,1.67,2016-06-07 13:00:00,
1.125148646,3622052,Kristina Mladenovic,K Mladenovic v Shvedova,30,2016-06-07 03:25:46.883,1.7,2016-06-07 13:00:00,
1.125148646,3622052,Kristina Mladenovic,K Mladenovic v Shvedova,40,2016-06-07 05:12:54.731,1.7,2016-06-07 13:00:00,
1.125148646,3622052,Kristina Mladenovic,K Mladenovic v Shvedova,50,2016-06-07 07:15:58.231,1.7,2016-06-07 13:00:00,
1.125148646,3622052,Kristina Mladenovic,K Mladenovic v Shvedova,60,2016-06-07 08:17:44.932,1.76,2016-06-07 13:00:00,
1.125148646,3622052,Kristina Mladenovic,K Mladenovic v Shvedova,70,2016-06-07 10:26:09.810,1.79,2016-06-07 12:09:00,
1.125148646,3622052,Kristina Mladenovic,K Mladenovic v Shvedova,80,2016-06-07 10:53:43.665,1.78,2016-06-07 12:09:00,
1.125148646,3622052,Kristina Mladenovic,K Mladenovic v Shvedova,90,2016-06-07 11:15:00.000,1.68,2016-06-07 12:09:00,
1.125148646,3622052,Kristina Mladenovic,K Mladenovic v Shvedova,100,2016-06-07 11:52:53.361,1.71,2016-06-07 12:09:00,
1.125148747,2370190,Igor Sijsling,Cervantes v Sijsling,0,2016-06-05 02:29:47.925,1.28,2016-06-06 12:00:00,
1.125148747,2370190,Igor Sijsling,Cervantes v Sijsling,10,2016-06-05 13:15:06.318,1.46,2016-06-06 12:00:00,
1.125148747,2370190,Igor Sijsling,Cervantes v Sijsling,20,2016-06-05 13:38:26.738,1.39,2016-06-06 12:00:00,
1.125148747,2370190,Igor Sijsling,Cervantes v Sijsling,30,2016-06-05 23:21:21.667,1.38,2016-06-06 12:00:00,
1.125148747,2370190,Igor Sijsling,Cervantes v Sijsling,40,2016-06-06 08:50:09.620,1.38,2016-06-07 12:00:00,
1.125148747,2370190,Igor Sijsling,Cervantes v Sijsling,50,2016-06-06 10:23:09.545,1.38,2016-06-07 12:00:00,
1.125148747,2370190,Igor Sijsling,Cervantes v Sijsling,60,2016-06-06 19:55:35.692,1.34,2016-06-07 09:00:00,
1.125148747,2370190,Igor Sijsling,Cervantes v Sijsling,70,2016-06-06 22:40:49.619,1.36,2016-06-07 09:00:00,
1.125148747,2370190,Igor Sijsling,Cervantes v Sijsling,80,2016-06-07 05:04:56.281,1.37,2016-06-07 09:00:00,
1.125148747,2370190,Igor Sijsling,Cervantes v Sijsling,90,2016-06-07 07:13:44.801,1.39,2016-06-07 09:00:00,
1.125148747,2370190,Igor Sijsling,Cervantes v Sijsling,100,2016-06-07 08:51:00.820,1.37,2016-06-07 09:00:00,
1.125148747,6297238,Inigo Cervantes,Cervantes v Sijsling,0,2016-06-05 13:38:26.738,3.55,2016-06-06 12:00:00,
1.125148747,6297238,Inigo Cervantes,Cervantes v Sijsling,10,2016-06-05 18:33:47.030,3.7,2016-06-06 12:00:00,
1.125148747,6297238,Inigo Cervantes,Cervantes v Sijsling,20,2016-06-06 07:42:05.241,3.15,2016-06-07 12:00:00,
1.125148747,6297238,Inigo Cervantes,Cervantes v Sijsling,30,2016-06-06 10:01:11.658,3.75,2016-06-07 12:00:00,
1.125148747,6297238,Inigo Cervantes,Cervantes v Sijsling,40,2016-06-06 14:49:08.943,3.6,2016-06-07 12:00:00,
1.125148747,6297238,Inigo Cervantes,Cervantes v Sijsling,50,2016-06-07 00:58:10.033,3.7,2016-06-07 09:00:00,
1.125148747,6297238,Inigo Cervantes,Cervantes v Sijsling,60,2016-06-07 06:33:07.239,3.35,2016-06-07 09:00:00,
1.125148747,6297238,Inigo Cervantes,Cervantes v Sijsling,70,2016-06-07 07:12:09.983,3.55,2016-06-07 09:00:00,
1.125148747,6297238,Inigo Cervantes,Cervantes v Sijsling,80,2016-06-07 08:08:05.482,3.65,2016-06-07 09:00:00,
1.125148747,6297238,Inigo Cervantes,Cervantes v Sijsling,90,2016-06-07 08:46:06.052,3.55,2016-06-07 09:00:00,
1.125148747,6297238,Inigo Cervantes,Cervantes v Sijsling,100,2016-06-07 08:53:58.964,3.75,2016-06-07 09:00:00,
1.125149156,3374117,Yuichi Sugita,Sugita v F Martin,0,2016-06-05 03:49:35.839,1.52,2016-06-05 09:00:00,
1.125149156,3374117,Yuichi Sugita,Sugita v F Martin,10,2016-06-05 18:02:37.647,1.64,2016-06-06 09:01:00,2016-06-05 11:02:45.263
1.125149156,3374117,Yuichi Sugita,Sugita v F Martin,20,2016-06-05 18:53:35.308,1.64,2016-06-06 09:01:00,2016-06-05 11:02:45.263
1.125149156,3374117,Yuichi Sugita,Sugita v F Martin,30,2016-06-05 20:14:33.622,1.63,2016-06-06 09:01:00,2016-06-05 11:02:45.263
1.125149156,3374117,Yuichi Sugita,Sugita v F Martin,40,2016-06-05 22:11:48.478,1.63,2016-06-06 11:00:00,2016-06-05 11:02:45.263
1.125149156,3374117,Yuichi Sugita,Sugita v F Martin,50,2016-06-06 02:41:24.390,1.61,2016-06-06 11:00:00,2016-06-05 11:02:45.263
1.125149156,3374117,Yuichi Sugita,Sugita v F Martin,60,2016-06-06 06:24:38.470,1.65,2016-06-06 11:00:00,2016-06-05 11:02:45.263
1.125149156,3374117,Yuichi Sugita,Sugita v F Martin,70,2016-06-06 08:17:05.030,1.67,2016-06-06 11:00:00,2016-06-05 11:02:45.263
1.125149156,3374117,Yuichi Sugita,Sugita v F Martin,80,2016-06-06 09:48:49.314,1.68,2016-06-06 10:48:00,2016-06-05 11:02:45.263
1.125149156,3374117,Yuichi Sugita,Sugita v F Martin,90,2016-06-06 10:56:37.108,1.8,2016-06-06 11:07:00,2016-06-05 11:02:45.263
1.125149156,3374117,Yuichi Sugita,Sugita v F Martin,100,2016-06-06 11:21:38.062,5.4,2016-06-06 11:22:00,2016-06-05 11:02:45.263
1.125149156,7032040,Fabrice Martin,Sugita v F Martin,0,2016-06-05 03:49:35.839,2.9,2016-06-05 09:00:00,
1.125149156,7032040,Fabrice Martin,Sugita v F Martin,10,2016-06-05 18:16:02.225,2.58,2016-06-06 09:01:00,2016-06-05 11:02:45.263
1.125149156,7032040,Fabrice Martin,Sugita v F Martin,20,2016-06-05 20:08:37.646,2.58,2016-06-06 09:01:00,2016-06-05 11:02:45.263
1.125149156,7032040,Fabrice Martin,Sugita v F Martin,30,2016-06-05 23:22:45.806,2.62,2016-06-06 11:00:00,2016-06-05 11:02:45.263
1.125149156,7032040,Fabrice Martin,Sugita v F Martin,40,2016-06-06 03:04:59.289,2.56,2016-06-06 11:00:00,2016-06-05 11:02:45.263
1.125149156,7032040,Fabrice Martin,Sugita v F Martin,50,2016-06-06 05:50:31.718,2.54,2016-06-06 11:00:00,2016-06-05 11:02:45.263
1.125149156,7032040,Fabrice Martin,Sugita v F Martin,60,2016-06-06 07:50:59.720,2.54,2016-06-06 11:00:00,2016-06-05 11:02:45.263
1.125149156,7032040,Fabrice Martin,Sugita v F Martin,70,2016-06-06 09:43:32.432,2.4,2016-06-06 10:48:00,2016-06-05 11:02:45.263
1.125149156,7032040,Fabrice Martin,Sugita v F Martin,80,2016-06-06 11:00:36.625,2.72,2016-06-06 11:07:00,2016-06-05 11:02:45.263
1.125149156,7032040,Fabrice Martin,Sugita v F Martin,90,2016-06-06 11:12:37.912,2.5,2016-06-06 11:22:00,2016-06-05 11:02:45.263
1.125149156,7032040,Fabrice Martin,Sugita v F Martin,100,2016-06-06 11:21:38.062,1.23,2016-06-06 11:22:00,2016-06-05 11:02:45.263
1.125149459,2249400,Florian Mayer,Bachinger v F Mayer,0,2016-06-05 04:05:24.619,1.54,2016-06-05 10:00:00,
1.125149459,2249400,Florian Mayer,Bachinger v F Mayer,10,2016-06-05 07:53:18.834,1.45,2016-06-05 10:00:00,
1.125149459,2249400,Florian Mayer,Bachinger v F Mayer,20,2016-06-05 09:26:20.389,1.4,2016-06-05 10:00:00,
1.125149459,2249400,Florian Mayer,Bachinger v F Mayer,30,2016-06-05 10:14:22.097,1.57,2016-06-05 10:30:00,
1.125149459,2249400,Florian Mayer,Bachinger v F Mayer,40,2016-06-05 17:52:38.397,1.45,2016-06-06 11:13:00,
1.125149459,2249400,Florian Mayer,Bachinger v F Mayer,50,2016-06-06 02:54:36.338,1.44,2016-06-06 09:00:00,
1.125149459,2249400,Florian Mayer,Bachinger v F Mayer,60,2016-06-06 06:27:29.707,1.39,2016-06-06 09:00:00,
1.125149459,2249400,Florian Mayer,Bachinger v F Mayer,70,2016-06-06 07:51:30.427,1.38,2016-06-06 09:00:00,
1.125149459,2249400,Florian Mayer,Bachinger v F Mayer,80,2016-06-06 08:29:24.964,1.36,2016-06-06 09:00:00,
1.125149459,2249400,Florian Mayer,Bachinger v F Mayer,90,2016-06-06 09:07:42.318,1.32,2016-06-06 09:30:00,
1.125149459,2249400,Florian Mayer,Bachinger v F Mayer,100,2016-06-06 09:29:18.978,1.31,2016-06-06 09:30:00,
1.125149459,2397396,Matthias Bachinger,Bachinger v F Mayer,0,2016-06-05 06:53:53.166,3.35,2016-06-05 10:00:00,
1.125149459,2397396,Matthias Bachinger,Bachinger v F Mayer,10,2016-06-05 09:35:22.314,3.6,2016-06-05 10:00:00,
1.125149459,2397396,Matthias Bachinger,Bachinger v F Mayer,20,2016-06-05 10:03:16.698,3.15,2016-06-05 10:30:00,
1.125149459,2397396,Matthias Bachinger,Bachinger v F Mayer,30,2016-06-05 10:34:16.889,3.15,2016-06-05 10:45:00,
1.125149459,2397396,Matthias Bachinger,Bachinger v F Mayer,40,2016-06-06 02:54:36.338,3.3,2016-06-06 09:00:00,
1.125149459,2397396,Matthias Bachinger,Bachinger v F Mayer,50,2016-06-06 06:28:31.283,3.65,2016-06-06 09:00:00,
1.125149459,2397396,Matthias Bachinger,Bachinger v F Mayer,60,2016-06-06 07:44:36.964,3.55,2016-06-06 09:00:00,
1.125149459,2397396,Matthias Bachinger,Bachinger v F Mayer,70,2016-06-06 08:29:24.964,3.75,2016-06-06 09:00:00,
1.125149459,2397396,Matthias Bachinger,Bachinger v F Mayer,80,2016-06-06 08:55:32.852,4.1,2016-06-06 09:00:00,
1.125149459,2397396,Matthias Bachinger,Bachinger v F Mayer,90,2016-06-06 09:07:38.853,4.1,2016-06-06 09:30:00,
1.125149459,2397396,Matthias Bachinger,Bachinger v F Mayer,100,2016-06-06 09:29:18.978,4.2,2016-06-06 09:30:00,
1.125149533,4176991,Lauren Davis,Kontaveit v L Davis,0,2016-06-05 20:54:13.177,2.94,2016-06-06 12:00:00,
1.125149533,4176991,Lauren Davis,Kontaveit v L Davis,10,2016-06-05 22:23:20.165,2.68,2016-06-06 12:00:00,
1.125149533,4176991,Lauren Davis,Kontaveit v L Davis,20,2016-06-06 03:23:56.332,2.68,2016-06-06 12:00:00,
1.125149533,4176991,Lauren Davis,Kontaveit v L Davis,30,2016-06-06 07:58:20.243,2.94,2016-06-06 12:00:00,
1.125149533,4176991,Lauren Davis,Kontaveit v L Davis,40,2016-06-06 08:33:31.207,2.92,2016-06-06 12:00:00,
1.125149533,4176991,Lauren Davis,Kontaveit v L Davis,50,2016-06-06 10:15:57.217,2.78,2016-06-06 11:53:00,
1.125149533,4176991,Lauren Davis,Kontaveit v L Davis,60,2016-06-06 10:39:55.341,2.76,2016-06-06 11:53:00,
1.125149533,4176991,Lauren Davis,Kontaveit v L Davis,70,2016-06-06 10:40:47.909,2.72,2016-06-06 11:53:00,
1.125149533,4176991,Lauren Davis,Kontaveit v L Davis,80,2016-06-06 10:50:56.136,2.72,2016-06-06 11:53:00,
1.125149533,4176991,Lauren Davis,Kontaveit v L Davis,90,2016-06-06 10:52:49.903,2.72,2016-06-06 11:53:00,
1.125149533,4176991,Lauren Davis,Kontaveit v L Davis,100,2016-06-06 11:10:51.992,2.8,2016-06-06 11:53:00,
1.125149533,5300737,Anett Kontaveit,Kontaveit v L Davis,0,2016-06-05 13:40:47.240,1.51,2016-06-06 12:00:00,
1.125149533,5300737,Anett Kontaveit,Kontaveit v L Davis,10,2016-06-05 20:54:13.177,1.51,2016-06-06 12:00:00,
1.125149533,5300737,Anett Kontaveit,Kontaveit v L Davis,20,2016-06-05 22:38:24.851,1.51,2016-06-06 12:00:00,
1.125149533,5300737,Anett Kontaveit,Kontaveit v L Davis,30,2016-06-06 08:35:16.156,1.52,2016-06-06 12:00:00,
1.125149533,5300737,Anett Kontaveit,Kontaveit v L Davis,40,2016-06-06 09:07:24.809,1.53,2016-06-06 12:00:00,
1.125149533,5300737,Anett Kontaveit,Kontaveit v L Davis,50,2016-06-06 10:02:50.354,1.54,2016-06-06 11:53:00,
1.125149533,5300737,Anett Kontaveit,Kontaveit v L Davis,60,2016-06-06 10:20:47.575,1.55,2016-06-06 11:53:00,
1.125149533,5300737,Anett Kontaveit,Kontaveit v L Davis,70,2016-06-06 10:39:55.341,1.57,2016-06-06 11:53:00,
1.125149533,5300737,Anett Kontaveit,Kontaveit v L Davis,80,2016-06-06 10:51:57.797,1.54,2016-06-06 11:53:00,
1.125149533,5300737,Anett Kontaveit,Kontaveit v L Davis,90,2016-06-06 10:56:22.974,1.54,2016-06-06 11:53:00,
1.125149533,5300737,Anett Kontaveit,Kontaveit v L Davis,100,2016-06-06 11:09:55.954,1.56,2016-06-06 11:53:00,
1.125149646,2386943,Yanina Wickmayer,Diyas v Wickmayer,0,2016-06-05 21:23:07.851,1.87,2016-06-06 12:00:00,
1.125149646,2386943,Yanina Wickmayer,Diyas v Wickmayer,10,2016-06-05 23:14:37.675,1.96,2016-06-06 12:00:00,
1.125149646,2386943,Yanina Wickmayer,Diyas v Wickmayer,20,2016-06-06 08:22:54.338,1.9,2016-06-07 12:00:00,
1.125149646,2386943,Yanina Wickmayer,Diyas v Wickmayer,30,2016-06-06 12:43:08.048,1.92,2016-06-07 12:00:00,
1.125149646,2386943,Yanina Wickmayer,Diyas v Wickmayer,40,2016-06-06 17:43:13.295,1.86,2016-06-07 12:00:00,
1.125149646,2386943,Yanina Wickmayer,Diyas v Wickmayer,50,2016-06-06 19:46:06.605,1.92,2016-06-07 12:00:00,
1.125149646,2386943,Yanina Wickmayer,Diyas v Wickmayer,60,2016-06-06 20:58:13.207,1.84,2016-06-07 12:00:00,
1.125149646,2386943,Yanina Wickmayer,Diyas v Wickmayer,70,2016-06-06 23:17:37.860,1.87,2016-06-07 12:00:00,
1.125149646,2386943,Yanina Wickmayer,Diyas v Wickmayer,80,2016-06-07 03:47:33.787,1.87,2016-06-07 12:00:00,
1.125149646,2386943,Yanina Wickmayer,Diyas v Wickmayer,90,2016-06-07 08:40:30.161,1.89,2016-06-07 12:00:00,
1.125149646,2386943,Yanina Wickmayer,Diyas v Wickmayer,100,2016-06-07 09:27:01.283,1.88,2016-06-07 12:00:00,
1.125149646,4045175,Zarina Diyas,Diyas v Wickmayer,0,2016-06-05 21:24:13.472,2.12,2016-06-06 12:00:00,
1.125149646,4045175,Zarina Diyas,Diyas v Wickmayer,10,2016-06-05 23:14:37.675,2.04,2016-06-06 12:00:00,
1.125149646,4045175,Zarina Diyas,Diyas v Wickmayer,20,2016-06-06 10:36:19.290,2.16,2016-06-07 12:00:00,
1.125149646,4045175,Zarina Diyas,Diyas v Wickmayer,30,2016-06-06 12:43:08.048,2.08,2016-06-07 12:00:00,
1.125149646,4045175,Zarina Diyas,Diyas v Wickmayer,40,2016-06-06 15:07:05.423,2.1,2016-06-07 12:00:00,
1.125149646,4045175,Zarina Diyas,Diyas v Wickmayer,50,2016-06-06 19:46:06.605,2.08,2016-06-07 12:00:00,
1.125149646,4045175,Zarina Diyas,Diyas v Wickmayer,60,2016-06-06 21:58:49.498,2.14,2016-06-07 12:00:00,
1.125149646,4045175,Zarina Diyas,Diyas v Wickmayer,70,2016-06-07 04:20:43.587,2.02,2016-06-07 12:00:00,
1.125149646,4045175,Zarina Diyas,Diyas v Wickmayer,80,2016-06-07 07:54:45.533,2.06,2016-06-07 12:00:00,
1.125149646,4045175,Zarina Diyas,Diyas v Wickmayer,90,2016-06-07 08:58:39.835,2.02,2016-06-07 12:00:00,
1.125149646,4045175,Zarina Diyas,Diyas v Wickmayer,100,2016-06-07 09:27:27.951,2.14,2016-06-07 12:00:00,
1.125149658,2309522,Caroline Wozniacki,Buyukakcay v Wozniacki,0,2016-06-05 13:08:08.586,1.33,2016-06-06 12:00:00,
1.125149658,2309522,Caroline Wozniacki,Buyukakcay v Wozniacki,10,2016-06-05 20:18:22.871,1.32,2016-06-06 12:00:00,
1.125149658,2309522,Caroline Wozniacki,Buyukakcay v Wozniacki,20,2016-06-06 16:16:43.518,1.3,2016-06-07 11:00:00,
1.125149658,2309522,Caroline Wozniacki,Buyukakcay v Wozniacki,30,2016-06-06 21:36:53.543,1.24,2016-06-07 11:00:00,
1.125149658,2309522,Caroline Wozniacki,Buyukakcay v Wozniacki,40,2016-06-07 05:08:05.687,1.27,2016-06-07 11:00:00,
1.125149658,2309522,Caroline Wozniacki,Buyukakcay v Wozniacki,50,2016-06-07 06:51:56.246,1.28,2016-06-07 11:00:00,
1.125149658,2309522,Caroline Wozniacki,Buyukakcay v Wozniacki,60,2016-06-07 08:50:58.793,1.36,2016-06-07 11:00:00,
1.125149658,2309522,Caroline Wozniacki,Buyukakcay v Wozniacki,70,2016-06-07 09:23:02.898,1.34,2016-06-07 11:00:00,
1.125149658,2309522,Caroline Wozniacki,Buyukakcay v Wozniacki,80,2016-06-07 10:08:01.332,1.31,2016-06-07 11:00:00,
1.125149658,2309522,Caroline Wozniacki,Buyukakcay v Wozniacki,90,2016-06-07 10:30:37.585,1.32,2016-06-07 11:00:00,
1.125149658,2309522,Caroline Wozniacki,Buyukakcay v Wozniacki,100,2016-06-07 10:47:42.869,1.36,2016-06-07 11:00:00,
1.125149658,3051579,Cagla Buyukakcay,Buyukakcay v Wozniacki,0,2016-06-05 13:08:08.586,4.1,2016-06-06 12:00:00,
1.125149658,3051579,Cagla Buyukakcay,Buyukakcay v Wozniacki,10,2016-06-06 10:11:57.600,4.3,2016-06-07 12:00:00,
1.125149658,3051579,Cagla Buyukakcay,Buyukakcay v Wozniacki,20,2016-06-06 20:58:00.739,5.0,2016-06-07 11:00:00,
1.125149658,3051579,Cagla Buyukakcay,Buyukakcay v Wozniacki,30,2016-06-07 01:47:48.373,4.6,2016-06-07 11:00:00,
1.125149658,3051579,Cagla Buyukakcay,Buyukakcay v Wozniacki,40,2016-06-07 05:35:55.802,4.5,2016-06-07 11:00:00,
1.125149658,3051579,Cagla Buyukakcay,Buyukakcay v Wozniacki,50,2016-06-07 06:51:56.246,4.3,2016-06-07 11:00:00,
1.125149658,3051579,Cagla Buyukakcay,Buyukakcay v Wozniacki,60,2016-06-07 07:25:25.307,4.1,2016-06-07 11:00:00,
1.125149658,3051579,Cagla Buyukakcay,Buyukakcay v Wozniacki,70,2016-06-07 08:57:04.559,4.0,2016-06-07 11:00:00,
1.125149658,3051579,Cagla Buyukakcay,Buyukakcay v Wozniacki,80,2016-06-07 09:29:46.964,4.2,2016-06-07 11:00:00,
1.125149658,3051579,Cagla Buyukakcay,Buyukakcay v Wozniacki,90,2016-06-07 10:28:01.217,3.95,2016-06-07 11:00:00,
1.125149658,3051579,Cagla Buyukakcay,Buyukakcay v Wozniacki,100,2016-06-07 10:43:07.567,3.75,2016-06-07 11:00:00,
1.125149676,2548763,Magdalena Rybarikova,Rybarikova v H Watson,0,2016-06-05 16:51:37.468,3.1,2016-06-06 12:00:00,
1.125149676,2548763,Magdalena Rybarikova,Rybarikova v H Watson,10,2016-06-05 19:20:44.571,3.45,2016-06-06 12:00:00,
1.125149676,2548763,Magdalena Rybarikova,Rybarikova v H Watson,20,2016-06-07 00:29:53.311,3.6,2016-06-07 17:00:00,
1.125149676,2548763,Magdalena Rybarikova,Rybarikova v H Watson,30,2016-06-07 07:25:48.131,3.85,2016-06-07 17:00:00,
1.125149676,2548763,Magdalena Rybarikova,Rybarikova v H Watson,40,2016-06-07 10:00:43.276,3.85,2016-06-07 17:00:00,
1.125149676,2548763,Magdalena Rybarikova,Rybarikova v H Watson,50,2016-06-07 12:46:02.589,3.9,2016-06-07 16:49:00,
1.125149676,2548763,Magdalena Rybarikova,Rybarikova v H Watson,60,2016-06-07 13:32:34.159,4.3,2016-06-07 16:57:00,
1.125149676,2548763,Magdalena Rybarikova,Rybarikova v H Watson,70,2016-06-07 14:30:58.015,4.1,2016-06-07 16:57:00,
1.125149676,2548763,Magdalena Rybarikova,Rybarikova v H Watson,80,2016-06-07 15:15:54.447,3.95,2016-06-07 16:37:00,
1.125149676,2548763,Magdalena Rybarikova,Rybarikova v H Watson,90,2016-06-07 15:29:50.756,3.85,2016-06-07 16:37:00,
1.125149676,2548763,Magdalena Rybarikova,Rybarikova v H Watson,100,2016-06-07 15:49:58.969,3.8,2016-06-07 15:52:00,
1.125149676,4174997,Heather Watson,Rybarikova v H Watson,0,2016-06-05 19:04:42.603,1.43,2016-06-06 12:00:00,
1.125149676,4174997,Heather Watson,Rybarikova v H Watson,10,2016-06-06 07:45:48.363,1.38,2016-06-07 12:00:00,
1.125149676,4174997,Heather Watson,Rybarikova v H Watson,20,2016-06-06 18:44:54.262,1.36,2016-06-07 17:00:00,
1.125149676,4174997,Heather Watson,Rybarikova v H Watson,30,2016-06-07 06:54:05.513,1.33,2016-06-07 17:00:00,
1.125149676,4174997,Heather Watson,Rybarikova v H Watson,40,2016-06-07 08:48:08.178,1.36,2016-06-07 17:00:00,
1.125149676,4174997,Heather Watson,Rybarikova v H Watson,50,2016-06-07 10:07:38.168,1.29,2016-06-07 17:00:00,
1.125149676,4174997,Heather Watson,Rybarikova v H Watson,60,2016-06-07 12:01:03.599,1.31,2016-06-07 16:49:00,
1.125149676,4174997,Heather Watson,Rybarikova v H Watson,70,2016-06-07 13:14:47.105,1.32,2016-06-07 16:57:00,
1.125149676,4174997,Heather Watson,Rybarikova v H Watson,80,2016-06-07 14:30:58.015,1.32,2016-06-07 16:57:00,
1.125149676,4174997,Heather Watson,Rybarikova v H Watson,90,2016-06-07 15:29:07.080,1.33,2016-06-07 16:37:00,
1.125149676,4174997,Heather Watson,Rybarikova v H Watson,100,2016-06-07 15:44:56.174,1.35,2016-06-07 16:37:00,
1.125149808,7083215,Magda Linette,Mchale v Linette,0,2016-06-05 13:09:12.879,2.46,2016-06-06 12:00:00,
1.125149808,7083215,Magda Linette,Mchale v Linette,10,2016-06-05 18:34:12.796,2.7,2016-06-06 15:00:00,
1.125149808,7083215,Magda Linette,Mchale v Linette,20,2016-06-06 10:53:06.108,2.88,2016-06-06 15:00:00,
1.125149808,7083215,Magda Linette,Mchale v Linette,30,2016-06-06 11:33:01.040,2.7,2016-06-06 14:51:00,
1.125149808,7083215,Magda Linette,Mchale v Linette,40,2016-06-06 12:42:10.456,2.74,2016-06-06 14:24:00,
1.125149808,7083215,Magda Linette,Mchale v Linette,50,2016-06-06 13:33:14.198,2.88,2016-06-06 14:24:00,
1.125149808,7083215,Magda Linette,Mchale v Linette,60,2016-06-06 13:36:06.663,2.74,2016-06-06 14:24:00,
1.125149808,7083215,Magda Linette,Mchale v Linette,70,2016-06-06 13:48:14.684,2.78,2016-06-06 14:24:00,
1.125149808,7083215,Magda Linette,Mchale v Linette,80,2016-06-06 14:04:51.575,2.78,2016-06-06 14:24:00,
1.125149808,7083215,Magda Linette,Mchale v Linette,90,2016-06-06 14:07:47.373,2.7,2016-06-06 14:24:00,
1.125149808,7083215,Magda Linette,Mchale v Linette,100,2016-06-06 14:14:11.204,2.72,2016-06-06 14:24:00,
1.125149808,10904456,Christina McHale,Mchale v Linette,0,2016-06-05 13:09:12.879,1.69,2016-06-06 12:00:00,
1.125149808,10904456,Christina McHale,Mchale v Linette,10,2016-06-05 18:34:12.796,1.58,2016-06-06 15:00:00,
1.125149808,10904456,Christina McHale,Mchale v Linette,20,2016-06-05 22:51:26.618,1.52,2016-06-06 15:00:00,
1.125149808,10904456,Christina McHale,Mchale v Linette,30,2016-06-06 08:59:11.977,1.54,2016-06-06 15:00:00,
1.125149808,10904456,Christina McHale,Mchale v Linette,40,2016-06-06 11:54:12.564,1.51,2016-06-06 14:51:00,
1.125149808,10904456,Christina McHale,Mchale v Linette,50,2016-06-06 13:14:32.644,1.57,2016-06-06 14:24:00,
1.125149808,10904456,Christina McHale,Mchale v Linette,60,2016-06-06 13:33:14.198,1.54,2016-06-06 14:24:00,
1.125149808,10904456,Christina McHale,Mchale v Linette,70,2016-06-06 13:36:06.663,1.57,2016-06-06 14:24:00,
1.125149808,10904456,Christina McHale,Mchale v Linette,80,2016-06-06 14:03:12.636,1.6,2016-06-06 14:24:00,
1.125149808,10904456,Christina McHale,Mchale v Linette,90,2016-06-06 14:09:04.090,1.57,2016-06-06 14:24:00,
1.125149808,10904456,Christina McHale,Mchale v Linette,100,2016-06-06 14:13:06.647,1.56,2016-06-06 14:24:00,
1.125149815,2403863,Kristyna Pliskova,Tatishvili v Kr Pliskova,0,2016-06-05 20:04:26.526,1.36,2016-06-06 14:00:00,
1.125149815,2403863,Kristyna Pliskova,Tatishvili v Kr Pliskova,10,2016-06-05 20:54:11.449,1.38,2016-06-06 14:00:00,
1.125149815,2403863,Kristyna Pliskova,Tatishvili v Kr Pliskova,20,2016-06-05 22:43:12.527,1.3,2016-06-06 14:00:00,
1.125149815,2403863,Kristyna Pliskova,Tatishvili v Kr Pliskova,30,2016-06-06 05:44:14.825,1.32,2016-06-06 14:00:00,
1.125149815,2403863,Kristyna Pliskova,Tatishvili v Kr Pliskova,40,2016-06-06 06:26:42.481,1.37,2016-06-06 14:00:00,
1.125149815,2403863,Kristyna Pliskova,Tatishvili v Kr Pliskova,50,2016-06-06 06:52:06.673,1.33,2016-06-06 14:00:00,
1.125149815,2403863,Kristyna Pliskova,Tatishvili v Kr Pliskova,60,2016-06-06 08:30:44.181,1.32,2016-06-06 14:00:00,
1.125149815,2403863,Kristyna Pliskova,Tatishvili v Kr Pliskova,70,2016-06-06 12:15:10.391,1.34,2016-06-06 13:17:00,
1.125149815,2403863,Kristyna Pliskova,Tatishvili v Kr Pliskova,80,2016-06-06 12:18:14.759,1.36,2016-06-06 13:17:00,
1.125149815,2403863,Kristyna Pliskova,Tatishvili v Kr Pliskova,90,2016-06-06 12:26:47.925,1.34,2016-06-06 13:17:00,
1.125149815,2403863,Kristyna Pliskova,Tatishvili v Kr Pliskova,100,2016-06-06 12:33:10.000,1.4,2016-06-06 12:34:00,
1.125149921,3960538,Naomi Broady,Su Hsieh v N Broady,0,2016-06-06 16:00:11.708,1.79,2016-06-07 15:00:00,
1.125149921,3960538,Naomi Broady,Su Hsieh v N Broady,10,2016-06-07 04:21:11.904,1.75,2016-06-07 15:00:00,
1.125149921,3960538,Naomi Broady,Su Hsieh v N Broady,20,2016-06-07 07:35:03.448,1.76,2016-06-07 15:00:00,
1.125149921,3960538,Naomi Broady,Su Hsieh v N Broady,30,2016-06-07 09:52:35.369,1.78,2016-06-07 15:00:00,
1.125149921,3960538,Naomi Broady,Su Hsieh v N Broady,40,2016-06-07 12:31:26.516,1.76,2016-06-07 14:49:00,
1.125149921,3960538,Naomi Broady,Su Hsieh v N Broady,50,2016-06-07 12:42:18.429,1.8,2016-06-07 14:49:00,
1.125149921,3960538,Naomi Broady,Su Hsieh v N Broady,60,2016-06-07 13:24:41.874,1.79,2016-06-07 14:57:00,
1.125149921,3960538,Naomi Broady,Su Hsieh v N Broady,70,2016-06-07 13:53:06.662,1.86,2016-06-07 14:57:00,
1.125149921,3960538,Naomi Broady,Su Hsieh v N Broady,80,2016-06-07 14:02:21.451,1.79,2016-06-07 14:57:00,
1.125149921,3960538,Naomi Broady,Su Hsieh v N Broady,90,2016-06-07 14:08:20.729,1.81,2016-06-07 14:57:00,
1.125149921,3960538,Naomi Broady,Su Hsieh v N Broady,100,2016-06-07 14:38:13.523,1.82,2016-06-07 14:57:00,
1.125149921,11204652,Su-Wei Hsieh,Su Hsieh v N Broady,0,2016-06-05 20:00:18.437,2.04,2016-06-06 12:00:00,
1.125149921,11204652,Su-Wei Hsieh,Su Hsieh v N Broady,10,2016-06-07 00:21:46.715,2.34,2016-06-07 15:00:00,
1.125149921,11204652,Su-Wei Hsieh,Su Hsieh v N Broady,20,2016-06-07 07:35:03.448,2.3,2016-06-07 15:00:00,
1.125149921,11204652,Su-Wei Hsieh,Su Hsieh v N Broady,30,2016-06-07 09:52:35.369,2.28,2016-06-07 15:00:00,
1.125149921,11204652,Su-Wei Hsieh,Su Hsieh v N Broady,40,2016-06-07 10:45:21.030,2.34,2016-06-07 15:00:00,
1.125149921,11204652,Su-Wei Hsieh,Su Hsieh v N Broady,50,2016-06-07 12:42:18.429,2.26,2016-06-07 14:49:00,
1.125149921,11204652,Su-Wei Hsieh,Su Hsieh v N Broady,60,2016-06-07 13:33:20.229,2.2,2016-06-07 14:57:00,
1.125149921,11204652,Su-Wei Hsieh,Su Hsieh v N Broady,70,2016-06-07 13:45:02.441,2.18,2016-06-07 14:57:00,
1.125149921,11204652,Su-Wei Hsieh,Su Hsieh v N Broady,80,2016-06-07 13:58:11.929,2.2,2016-06-07 14:57:00,
1.125149921,11204652,Su-Wei Hsieh,Su Hsieh v N Broady,90,2016-06-07 14:11:19.333,2.22,2016-06-07 14:57:00,
1.125149921,11204652,Su-Wei Hsieh,Su Hsieh v N Broady,100,2016-06-07 14:38:13.523,2.16,2016-06-07 14:57:00,
1.125149935,5829453,Saisai Zheng,Christie v S Zheng,0,2016-06-05 22:54:16.160,1.37,2016-06-06 17:00:00,
1.125149935,5829453,Saisai Zheng,Christie v S Zheng,10,2016-06-06 08:27:41.886,1.39,2016-06-06 17:00:00,
1.125149935,5829453,Saisai Zheng,Christie v S Zheng,20,2016-06-06 09:23:56.361,1.41,2016-06-06 17:00:00,
1.125149935,5829453,Saisai Zheng,Christie v S Zheng,30,2016-06-06 10:38:03.262,1.42,2016-06-06 17:00:00,
1.125149935,5829453,Saisai Zheng,Christie v S Zheng,40,2016-06-06 13:42:30.883,1.43,2016-06-06 16:24:00,
1.125149935,5829453,Saisai Zheng,Christie v S Zheng,50,2016-06-06 14:13:09.122,1.45,2016-06-06 16:24:00,
1.125149935,5829453,Saisai Zheng,Christie v S Zheng,60,2016-06-06 14:22:20.478,1.45,2016-06-06 16:14:00,
1.125149935,5829453,Saisai Zheng,Christie v S Zheng,70,2016-06-06 14:36:29.530,1.42,2016-06-06 16:14:00,
1.125149935,5829453,Saisai Zheng,Christie v S Zheng,80,2016-06-06 15:00:03.506,1.41,2016-06-06 16:14:00,
1.125149935,5829453,Saisai Zheng,Christie v S Zheng,90,2016-06-06 15:37:24.964,1.4,2016-06-06 16:14:00,
1.125149935,5829453,Saisai Zheng,Christie v S Zheng,100,2016-06-06 15:52:25.753,1.43,2016-06-06 15:54:00,
1.125149935,8624170,Freya Christie,Christie v S Zheng,0,2016-06-06 10:10:36.001,3.3,2016-06-06 17:00:00,
1.125149935,8624170,Freya Christie,Christie v S Zheng,10,2016-06-06 10:51:46.102,3.45,2016-06-06 17:00:00,
1.125149935,8624170,Freya Christie,Christie v S Zheng,20,2016-06-06 12:44:47.932,3.35,2016-06-06 16:24:00,
1.125149935,8624170,Freya Christie,Christie v S Zheng,30,2016-06-06 13:42:30.883,3.25,2016-06-06 16:24:00,
1.125149935,8624170,Freya Christie,Christie v S Zheng,40,2016-06-06 13:52:52.268,3.35,2016-06-06 16:24:00,
1.125149935,8624170,Freya Christie,Christie v S Zheng,50,2016-06-06 14:13:09.122,3.2,2016-06-06 16:24:00,
1.125149935,8624170,Freya Christie,Christie v S Zheng,60,2016-06-06 14:33:31.162,3.3,2016-06-06 16:14:00,
1.125149935,8624170,Freya Christie,Christie v S Zheng,70,2016-06-06 14:49:21.784,3.4,2016-06-06 16:14:00,
1.125149935,8624170,Freya Christie,Christie v S Zheng,80,2016-06-06 15:34:30.886,3.45,2016-06-06 16:14:00,
1.125149935,8624170,Freya Christie,Christie v S Zheng,90,2016-06-06 15:37:24.964,3.5,2016-06-06 16:14:00,
1.125149935,8624170,Freya Christie,Christie v S Zheng,100,2016-06-06 15:50:31.109,3.3,2016-06-06 15:54:00,
1.125149996,6199453,Karolina Pliskova,Ka Pliskova v Sevastova,0,2016-06-05 19:43:17.255,1.24,2016-06-06 13:00:00,
1.125149996,6199453,Karolina Pliskova,Ka Pliskova v Sevastova,10,2016-06-05 21:02:02.505,1.21,2016-06-06 13:00:00,
1.125149996,6199453,Karolina Pliskova,Ka Pliskova v Sevastova,20,2016-06-06 04:52:26.410,1.24,2016-06-06 13:00:00,
1.125149996,6199453,Karolina Pliskova,Ka Pliskova v Sevastova,30,2016-06-06 08:42:51.548,1.22,2016-06-06 13:00:00,
1.125149996,6199453,Karolina Pliskova,Ka Pliskova v Sevastova,40,2016-06-06 08:44:19.193,1.23,2016-06-06 13:00:00,
1.125149996,6199453,Karolina Pliskova,Ka Pliskova v Sevastova,50,2016-06-06 10:06:54.640,1.18,2016-06-06 13:00:00,
1.125149996,6199453,Karolina Pliskova,Ka Pliskova v Sevastova,60,2016-06-06 10:52:25.570,1.18,2016-06-06 13:00:00,
1.125149996,6199453,Karolina Pliskova,Ka Pliskova v Sevastova,70,2016-06-06 11:55:02.874,1.19,2016-06-06 12:51:00,
1.125149996,6199453,Karolina Pliskova,Ka Pliskova v Sevastova,80,2016-06-06 12:04:16.821,1.19,2016-06-06 12:51:00,
1.125149996,6199453,Karolina Pliskova,Ka Pliskova v Sevastova,90,2016-06-06 12:15:18.760,1.19,2016-06-06 12:51:00,
1.125149996,6199453,Karolina Pliskova,Ka Pliskova v Sevastova,100,2016-06-06 12:21:28.134,1.19,2016-06-06 12:51:00,
1.125150009,4566011,Alison Riske,Barthel v Riske,0,2016-06-05 13:07:47.911,1.35,2016-06-06 12:00:00,
1.125150009,4566011,Alison Riske,Barthel v Riske,10,2016-06-06 17:58:43.369,1.3,2016-06-07 12:00:00,
1.125150009,4566011,Alison Riske,Barthel v Riske,20,2016-06-06 19:57:22.801,1.3,2016-06-07 12:00:00,
1.125150009,4566011,Alison Riske,Barthel v Riske,30,2016-06-06 22:16:28.263,1.27,2016-06-07 12:00:00,
1.125150009,4566011,Alison Riske,Barthel v Riske,40,2016-06-07 05:08:17.439,1.27,2016-06-07 12:00:00,
1.125150009,4566011,Alison Riske,Barthel v Riske,50,2016-06-07 07:19:00.837,1.3,2016-06-07 12:00:00,
1.125150009,4566011,Alison Riske,Barthel v Riske,60,2016-06-07 07:57:20.362,1.29,2016-06-07 12:00:00,
1.125150009,4566011,Alison Riske,Barthel v Riske,70,2016-06-07 08:51:13.489,1.3,2016-06-07 12:00:00,
1.125150009,4566011,Alison Riske,Barthel v Riske,80,2016-06-07 09:16:15.863,1.28,2016-06-07 12:00:00,
1.125150009,4566011,Alison Riske,Barthel v Riske,90,2016-06-07 10:20:08.520,1.3,2016-06-07 11:49:00,
1.125150009,4566011,Alison Riske,Barthel v Riske,100,2016-06-07 10:24:59.450,1.29,2016-06-07 11:49:00,
1.125150148,5596561,Johanna Konta,Duval v Konta,0,2016-06-05 19:04:42.604,1.08,2016-06-06 11:00:00,
1.125150148,5596561,Johanna Konta,Duval v Konta,10,2016-06-05 19:52:40.597,1.11,2016-06-06 11:00:00,
1.125150148,5596561,Johanna Konta,Duval v Konta,20,2016-06-05 22:22:17.651,1.12,2016-06-06 11:00:00,
1.125150148,5596561,Johanna Konta,Duval v Konta,30,2016-06-05 23:36:41.488,1.08,2016-06-06 11:00:00,
1.125150148,5596561,Johanna Konta,Duval v Konta,40,2016-06-06 05:42:30.812,1.06,2016-06-06 11:00:00,
1.125150148,5596561,Johanna Konta,Duval v Konta,50,2016-06-06 06:15:39.345,1.07,2016-06-06 11:00:00,
1.125150148,5596561,Johanna Konta,Duval v Konta,60,2016-06-06 06:44:20.470,1.07,2016-06-06 11:00:00,
1.125150148,5596561,Johanna Konta,Duval v Konta,70,2016-06-06 08:57:03.654,1.08,2016-06-06 11:00:00,
1.125150148,5596561,Johanna Konta,Duval v Konta,80,2016-06-06 10:15:32.955,1.08,2016-06-06 11:00:00,
1.125150148,5596561,Johanna Konta,Duval v Konta,90,2016-06-06 10:38:41.520,1.08,2016-06-06 11:00:00,
1.125150148,5596561,Johanna Konta,Duval v Konta,100,2016-06-06 10:54:40.866,1.07,2016-06-06 11:00:00,
1.125150148,6607576,Victoria Duval,Duval v Konta,0,2016-06-05 22:22:17.651,8.2,2016-06-06 11:00:00,
1.125150148,6607576,Victoria Duval,Duval v Konta,10,2016-06-05 23:31:39.716,12.0,2016-06-06 11:00:00,
1.125150148,6607576,Victoria Duval,Duval v Konta,20,2016-06-06 01:36:06.586,13.5,2016-06-06 11:00:00,
1.125150148,6607576,Victoria Duval,Duval v Konta,30,2016-06-06 05:42:30.812,15.0,2016-06-06 11:00:00,
1.125150148,6607576,Victoria Duval,Duval v Konta,40,2016-06-06 05:58:30.389,13.5,2016-06-06 11:00:00,
1.125150148,6607576,Victoria Duval,Duval v Konta,50,2016-06-06 08:53:58.581,14.0,2016-06-06 11:00:00,
1.125150148,6607576,Victoria Duval,Duval v Konta,60,2016-06-06 08:57:03.654,13.5,2016-06-06 11:00:00,
1.125150148,6607576,Victoria Duval,Duval v Konta,70,2016-06-06 09:44:35.998,14.0,2016-06-06 11:00:00,
1.125150148,6607576,Victoria Duval,Duval v Konta,80,2016-06-06 10:37:38.313,14.5,2016-06-06 11:00:00,
1.125150148,6607576,Victoria Duval,Duval v Konta,90,2016-06-06 10:38:41.520,13.5,2016-06-06 11:00:00,
1.125150148,6607576,Victoria Duval,Duval v Konta,100,2016-06-06 10:54:40.866,14.5,2016-06-06 11:00:00,
1.125150202,6965426,Luke Saville,Saville v Menendez-Maceiras,0,2016-06-05 17:57:57.131,1.75,2016-06-06 10:00:00,
1.125150202,6965426,Luke Saville,Saville v Menendez-Maceiras,10,2016-06-05 18:09:40.127,1.73,2016-06-06 10:00:00,
1.125150202,6965426,Luke Saville,Saville v Menendez-Maceiras,20,2016-06-06 02:40:48.482,1.75,2016-06-06 10:00:00,
1.125150202,6965426,Luke Saville,Saville v Menendez-Maceiras,30,2016-06-06 05:16:41.835,1.72,2016-06-06 10:00:00,
1.125150202,6965426,Luke Saville,Saville v Menendez-Maceiras,40,2016-06-06 06:14:02.776,1.71,2016-06-06 10:00:00,
1.125150202,6965426,Luke Saville,Saville v Menendez-Maceiras,50,2016-06-06 07:16:43.480,1.7,2016-06-06 10:00:00,
1.125150202,6965426,Luke Saville,Saville v Menendez-Maceiras,60,2016-06-06 08:37:39.718,1.68,2016-06-06 10:00:00,
1.125150202,6965426,Luke Saville,Saville v Menendez-Maceiras,70,2016-06-06 08:43:55.678,1.67,2016-06-06 10:00:00,
1.125150202,6965426,Luke Saville,Saville v Menendez-Maceiras,80,2016-06-06 09:04:02.643,1.71,2016-06-06 10:00:00,
1.125150202,6965426,Luke Saville,Saville v Menendez-Maceiras,90,2016-06-06 09:32:44.624,1.66,2016-06-06 10:00:00,
1.125150202,6965426,Luke Saville,Saville v Menendez-Maceiras,100,2016-06-06 09:55:18.454,1.63,2016-06-06 10:00:00,
1.125150202,11204373,Adrian Menendez-Maceira,Saville v Menendez-Maceiras,0,2016-06-05 18:09:40.127,2.36,2016-06-06 10:00:00,
1.125150202,11204373,Adrian Menendez-Maceira,Saville v Menendez-Maceiras,10,2016-06-05 20:33:20.154,2.34,2016-06-06 10:00:00,
1.125150202,11204373,Adrian Menendez-Maceira,Saville v Menendez-Maceiras,20,2016-06-06 02:40:48.482,2.32,2016-06-06 10:00:00,
1.125150202,11204373,Adrian Menendez-Maceira,Saville v Menendez-Maceiras,30,2016-06-06 03:36:49.014,2.34,2016-06-06 10:00:00,
1.125150202,11204373,Adrian Menendez-Maceira,Saville v Menendez-Maceiras,40,2016-06-06 07:13:12.157,2.36,2016-06-06 10:00:00,
1.125150202,11204373,Adrian Menendez-Maceira,Saville v Menendez-Maceiras,50,2016-06-06 08:30:43.758,2.44,2016-06-06 10:00:00,
1.125150202,11204373,Adrian Menendez-Maceira,Saville v Menendez-Maceiras,60,2016-06-06 08:43:55.678,2.48,2016-06-06 10:00:00,
1.125150202,11204373,Adrian Menendez-Maceira,Saville v Menendez-Maceiras,70,2016-06-06 09:00:45.923,2.58,2016-06-06 10:00:00,
1.125150202,11204373,Adrian Menendez-Maceira,Saville v Menendez-Maceiras,80,2016-06-06 09:04:02.643,2.38,2016-06-06 10:00:00,
1.125150202,11204373,Adrian Menendez-Maceira,Saville v Menendez-Maceiras,90,2016-06-06 09:25:41.322,2.44,2016-06-06 10:00:00,
1.125150202,11204373,Adrian Menendez-Maceira,Saville v Menendez-Maceiras,100,2016-06-06 09:59:42.816,2.6,2016-06-06 10:15:00,
1.125150217,6064287,James Duckworth,Duckworth v Myneni,0,2016-06-06 14:20:55.397,1.42,2016-06-07 12:00:00,
1.125150217,6064287,James Duckworth,Duckworth v Myneni,10,2016-06-06 14:48:30.088,1.43,2016-06-07 12:00:00,
1.125150217,6064287,James Duckworth,Duckworth v Myneni,20,2016-06-06 21:06:54.835,1.38,2016-06-07 13:30:00,
1.125150217,6064287,James Duckworth,Duckworth v Myneni,30,2016-06-07 04:25:11.849,1.42,2016-06-07 13:30:00,
1.125150217,6064287,James Duckworth,Duckworth v Myneni,40,2016-06-07 05:33:58.293,1.38,2016-06-07 13:30:00,
1.125150217,6064287,James Duckworth,Duckworth v Myneni,50,2016-06-07 08:16:12.231,1.39,2016-06-07 13:30:00,
1.125150217,6064287,James Duckworth,Duckworth v Myneni,60,2016-06-07 08:22:55.420,1.44,2016-06-07 13:30:00,
1.125150217,6064287,James Duckworth,Duckworth v Myneni,70,2016-06-07 08:40:30.844,1.42,2016-06-07 13:30:00,
1.125150217,6064287,James Duckworth,Duckworth v Myneni,80,2016-06-07 09:31:57.873,1.36,2016-06-07 13:30:00,
1.125150217,6064287,James Duckworth,Duckworth v Myneni,90,2016-06-07 10:06:58.231,1.43,2016-06-07 13:30:00,
1.125150217,6064287,James Duckworth,Duckworth v Myneni,100,2016-06-07 11:54:34.550,1.48,2016-06-07 13:28:00,
1.125150222,11204618,Yen-Hsun Lu,Moriya v Ye Lu,0,2016-06-06 05:02:41.575,1.2,2016-06-07 12:00:00,
1.125150222,11204618,Yen-Hsun Lu,Moriya v Ye Lu,10,2016-06-06 10:42:38.056,1.19,2016-06-07 12:00:00,
1.125150222,11204618,Yen-Hsun Lu,Moriya v Ye Lu,20,2016-06-06 16:56:10.822,1.18,2016-06-07 11:30:00,
1.125150222,11204618,Yen-Hsun Lu,Moriya v Ye Lu,30,2016-06-06 22:16:21.321,1.19,2016-06-07 11:30:00,
1.125150222,11204618,Yen-Hsun Lu,Moriya v Ye Lu,40,2016-06-07 01:53:09.951,1.18,2016-06-07 11:30:00,
1.125150222,11204618,Yen-Hsun Lu,Moriya v Ye Lu,50,2016-06-07 04:30:48.939,1.19,2016-06-07 11:30:00,
1.125150222,11204618,Yen-Hsun Lu,Moriya v Ye Lu,60,2016-06-07 06:25:01.054,1.18,2016-06-07 11:30:00,
1.125150222,11204618,Yen-Hsun Lu,Moriya v Ye Lu,70,2016-06-07 06:39:35.639,1.19,2016-06-07 11:30:00,
1.125150222,11204618,Yen-Hsun Lu,Moriya v Ye Lu,80,2016-06-07 10:58:35.101,1.18,2016-06-07 11:30:00,
1.125150222,11204618,Yen-Hsun Lu,Moriya v Ye Lu,90,2016-06-07 11:24:55.473,1.19,2016-06-07 11:30:00,
1.125150222,11204618,Yen-Hsun Lu,Moriya v Ye Lu,100,2016-06-07 11:28:03.663,1.19,2016-06-07 11:30:00,
1.125150227,4486603,Dustin Brown,Du Brown v Struvay,0,2016-06-06 16:00:36.029,1.19,2016-06-07 11:30:00,
1.125150227,4486603,Dustin Brown,Du Brown v Struvay,10,2016-06-06 22:15:34.499,1.2,2016-06-07 11:30:00,
1.125150227,4486603,Dustin Brown,Du Brown v Struvay,20,2016-06-06 23:06:23.995,1.19,2016-06-07 11:30:00,
1.125150227,4486603,Dustin Brown,Du Brown v Struvay,30,2016-06-07 01:26:48.568,1.18,2016-06-07 11:30:00,
1.125150227,4486603,Dustin Brown,Du Brown v Struvay,40,2016-06-07 01:42:58.625,1.09,2016-06-07 11:30:00,
1.125150227,4486603,Dustin Brown,Du Brown v Struvay,50,2016-06-07 01:58:04.104,1.17,2016-06-07 11:30:00,
1.125150227,4486603,Dustin Brown,Du Brown v Struvay,60,2016-06-07 01:58:14.910,1.18,2016-06-07 11:30:00,
1.125150227,4486603,Dustin Brown,Du Brown v Struvay,70,2016-06-07 02:18:52.159,1.2,2016-06-07 11:30:00,
1.125150227,4486603,Dustin Brown,Du Brown v Struvay,80,2016-06-07 06:14:04.238,1.22,2016-06-07 11:30:00,
1.125150227,4486603,Dustin Brown,Du Brown v Struvay,90,2016-06-07 06:15:55.911,1.21,2016-06-07 11:30:00,
1.125150227,4486603,Dustin Brown,Du Brown v Struvay,100,2016-06-07 08:40:29.897,1.07,2016-06-07 11:30:00,
1.125150232,11204359,John-Patrick Smith,B Klein v Jo Smith,0,2016-06-05 19:46:03.570,1.53,2016-06-06 12:00:00,
1.125150232,11204359,John-Patrick Smith,B Klein v Jo Smith,10,2016-06-07 08:06:37.152,1.67,2016-06-07 14:30:00,
1.125150232,11204359,John-Patrick Smith,B Klein v Jo Smith,20,2016-06-07 10:06:56.299,1.61,2016-06-07 14:30:00,
1.125150232,11204359,John-Patrick Smith,B Klein v Jo Smith,30,2016-06-07 12:10:58.227,1.63,2016-06-07 14:30:00,
1.125150232,11204359,John-Patrick Smith,B Klein v Jo Smith,40,2016-06-07 13:25:03.397,1.62,2016-06-07 14:30:00,
1.125150232,11204359,John-Patrick Smith,B Klein v Jo Smith,50,2016-06-07 14:21:05.504,1.52,2016-06-07 14:30:00,
1.125150232,11204359,John-Patrick Smith,B Klein v Jo Smith,60,2016-06-07 14:25:01.482,1.64,2016-06-07 14:30:00,
1.125150232,11204359,John-Patrick Smith,B Klein v Jo Smith,70,2016-06-07 14:28:02.531,1.63,2016-06-07 14:30:00,
1.125150232,11204359,John-Patrick Smith,B Klein v Jo Smith,80,2016-06-07 14:38:05.178,1.64,2016-06-07 14:45:00,
1.125150232,11204359,John-Patrick Smith,B Klein v Jo Smith,90,2016-06-07 14:50:06.249,1.51,2016-06-07 15:00:00,
1.125150232,11204359,John-Patrick Smith,B Klein v Jo Smith,100,2016-06-07 15:40:57.882,1.67,2016-06-07 15:45:00,
1.125150237,4691416,Peter Gojowczyk,Gojowczyk v Jor Thompson,0,2016-06-07 09:36:44.847,1.89,2016-06-07 14:30:00,
1.125150237,4691416,Peter Gojowczyk,Gojowczyk v Jor Thompson,10,2016-06-07 13:25:15.862,1.91,2016-06-07 14:30:00,
1.125150237,4691416,Peter Gojowczyk,Gojowczyk v Jor Thompson,20,2016-06-07 13:33:20.236,2.18,2016-06-07 14:30:00,
1.125150237,4691416,Peter Gojowczyk,Gojowczyk v Jor Thompson,30,2016-06-07 13:51:13.791,1.85,2016-06-07 14:30:00,
1.125150237,4691416,Peter Gojowczyk,Gojowczyk v Jor Thompson,40,2016-06-07 14:18:18.436,2.12,2016-06-07 14:30:00,
1.125150237,4691416,Peter Gojowczyk,Gojowczyk v Jor Thompson,50,2016-06-07 14:26:13.991,2.06,2016-06-07 14:30:00,
1.125150237,4691416,Peter Gojowczyk,Gojowczyk v Jor Thompson,60,2016-06-07 14:45:48.660,1.89,2016-06-07 15:00:00,
1.125150237,4691416,Peter Gojowczyk,Gojowczyk v Jor Thompson,70,2016-06-07 15:10:02.213,1.85,2016-06-07 15:15:00,
1.125150237,4691416,Peter Gojowczyk,Gojowczyk v Jor Thompson,80,2016-06-07 15:32:21.945,2.18,2016-06-07 15:45:00,
1.125150237,4691416,Peter Gojowczyk,Gojowczyk v Jor Thompson,90,2016-06-07 15:54:16.462,2.18,2016-06-07 16:00:00,
1.125150237,4691416,Peter Gojowczyk,Gojowczyk v Jor Thompson,100,2016-06-07 16:26:20.458,1.94,2016-06-07 16:30:00,
1.125150237,8145584,Jordan Thompson,Gojowczyk v Jor Thompson,0,2016-06-07 08:04:46.157,2.14,2016-06-07 14:30:00,
1.125150237,8145584,Jordan Thompson,Gojowczyk v Jor Thompson,10,2016-06-07 13:32:20.172,1.88,2016-06-07 14:30:00,
1.125150237,8145584,Jordan Thompson,Gojowczyk v Jor Thompson,20,2016-06-07 13:52:53.124,1.89,2016-06-07 14:30:00,
1.125150237,8145584,Jordan Thompson,Gojowczyk v Jor Thompson,30,2016-06-07 14:16:08.264,2.08,2016-06-07 14:30:00,
1.125150237,8145584,Jordan Thompson,Gojowczyk v Jor Thompson,40,2016-06-07 14:20:08.635,1.84,2016-06-07 14:30:00,
1.125150237,8145584,Jordan Thompson,Gojowczyk v Jor Thompson,50,2016-06-07 14:39:20.124,1.88,2016-06-07 14:45:00,
1.125150237,8145584,Jordan Thompson,Gojowczyk v Jor Thompson,60,2016-06-07 15:25:19.196,2.0,2016-06-07 15:30:00,
1.125150237,8145584,Jordan Thompson,Gojowczyk v Jor Thompson,70,2016-06-07 15:31:11.168,1.96,2016-06-07 15:45:00,
1.125150237,8145584,Jordan Thompson,Gojowczyk v Jor Thompson,80,2016-06-07 15:49:22.116,2.1,2016-06-07 16:00:00,
1.125150237,8145584,Jordan Thompson,Gojowczyk v Jor Thompson,90,2016-06-07 15:54:16.462,1.86,2016-06-07 16:00:00,
1.125150237,8145584,Jordan Thompson,Gojowczyk v Jor Thompson,100,2016-06-07 16:39:06.178,2.06,2016-06-07 16:45:00,
1.125151271,11204363,Jan-Lennard Struff,Struff v Albot,0,2016-06-04 22:45:41.508,1.51,2016-06-05 13:00:00,
1.125151271,11204363,Jan-Lennard Struff,Struff v Albot,10,2016-06-04 23:52:35.656,1.64,2016-06-05 13:00:00,
1.125151271,11204363,Jan-Lennard Struff,Struff v Albot,20,2016-06-05 08:39:12.583,1.59,2016-06-05 13:00:00,
1.125151271,11204363,Jan-Lennard Struff,Struff v Albot,30,2016-06-05 09:55:50.736,1.61,2016-06-05 13:00:00,
1.125151271,11204363,Jan-Lennard Struff,Struff v Albot,40,2016-06-05 10:14:28.249,1.7,2016-06-05 13:00:00,
1.125151271,11204363,Jan-Lennard Struff,Struff v Albot,50,2016-06-05 11:55:50.234,1.64,2016-06-05 13:00:00,
1.125151271,11204363,Jan-Lennard Struff,Struff v Albot,60,2016-06-05 11:56:42.475,1.63,2016-06-05 13:00:00,
1.125151271,11204363,Jan-Lennard Struff,Struff v Albot,70,2016-06-05 12:04:05.324,1.65,2016-06-05 13:00:00,
1.125151271,11204363,Jan-Lennard Struff,Struff v Albot,80,2016-06-05 12:12:56.679,1.62,2016-06-05 13:00:00,
1.125151271,11204363,Jan-Lennard Struff,Struff v Albot,90,2016-06-05 12:21:47.324,1.6,2016-06-05 13:00:00,
1.125151271,11204363,Jan-Lennard Struff,Struff v Albot,100,2016-06-05 12:52:31.913,1.64,2016-06-05 13:00:00,
1.125151277,2548781,Polona Hercog,Hercog v Minella,0,2016-06-04 20:33:07.390,1.32,2016-06-05 13:30:00,
1.125151277,2548781,Polona Hercog,Hercog v Minella,10,2016-06-04 20:52:41.870,1.3,2016-06-05 13:30:00,
1.125151277,2548781,Polona Hercog,Hercog v Minella,20,2016-06-04 23:12:05.801,1.31,2016-06-05 13:30:00,
1.125151277,2548781,Polona Hercog,Hercog v Minella,30,2016-06-05 07:50:08.020,1.27,2016-06-05 13:30:00,
1.125151277,2548781,Polona Hercog,Hercog v Minella,40,2016-06-05 09:21:03.841,1.23,2016-06-05 13:30:00,
1.125151277,2548781,Polona Hercog,Hercog v Minella,50,2016-06-05 09:42:45.739,1.27,2016-06-05 13:30:00,
1.125151277,2548781,Polona Hercog,Hercog v Minella,60,2016-06-05 10:11:11.142,1.28,2016-06-05 13:30:00,
1.125151277,2548781,Polona Hercog,Hercog v Minella,70,2016-06-05 11:51:08.981,1.26,2016-06-05 13:30:00,
1.125151277,2548781,Polona Hercog,Hercog v Minella,80,2016-06-05 12:14:59.149,1.27,2016-06-05 13:30:00,
1.125151277,2548781,Polona Hercog,Hercog v Minella,90,2016-06-05 12:18:58.449,1.26,2016-06-05 13:30:00,
1.125151277,2548781,Polona Hercog,Hercog v Minella,100,2016-06-05 12:49:07.683,1.28,2016-06-05 13:30:00,
1.125151502,2249332,Radek Stepanek,Stepanek v J Ward,0,2016-06-05 06:22:07.412,1.3,2016-06-05 11:00:00,
1.125151502,2249332,Radek Stepanek,Stepanek v J Ward,10,2016-06-05 10:28:12.209,1.31,2016-06-05 11:00:00,
1.125151502,2249332,Radek Stepanek,Stepanek v J Ward,20,2016-06-05 17:57:16.744,1.06,2016-06-06 11:25:00,2016-06-05 11:39:26.792
1.125151502,2249332,Radek Stepanek,Stepanek v J Ward,30,2016-06-05 18:36:17.257,1.07,2016-06-06 11:25:00,2016-06-05 11:39:26.792
1.125151502,2249332,Radek Stepanek,Stepanek v J Ward,40,2016-06-05 19:55:26.665,1.06,2016-06-06 11:25:00,2016-06-05 11:39:26.792
1.125151502,2249332,Radek Stepanek,Stepanek v J Ward,50,2016-06-05 21:11:43.625,1.05,2016-06-06 11:25:00,2016-06-05 11:39:26.792
1.125151502,2249332,Radek Stepanek,Stepanek v J Ward,60,2016-06-05 22:12:53.129,1.04,2016-06-06 11:25:00,2016-06-05 11:39:26.792
1.125151502,2249332,Radek Stepanek,Stepanek v J Ward,70,2016-06-05 23:50:28.372,1.04,2016-06-06 10:00:00,2016-06-05 11:39:26.792
1.125151502,2249332,Radek Stepanek,Stepanek v J Ward,80,2016-06-06 03:37:22.396,1.05,2016-06-06 10:00:00,2016-06-05 11:39:26.792
1.125151502,2249332,Radek Stepanek,Stepanek v J Ward,90,2016-06-06 07:20:14.926,1.04,2016-06-06 10:00:00,2016-06-05 11:39:26.792
1.125151502,2249332,Radek Stepanek,Stepanek v J Ward,100,2016-06-06 09:59:13.765,1.03,2016-06-06 10:00:00,2016-06-05 11:39:26.792
1.125151502,2370329,James Ward,Stepanek v J Ward,0,2016-06-05 08:11:26.106,3.4,2016-06-05 11:00:00,
1.125151502,2370329,James Ward,Stepanek v J Ward,10,2016-06-05 10:11:24.363,3.9,2016-06-05 11:00:00,
1.125151502,2370329,James Ward,Stepanek v J Ward,20,2016-06-05 10:59:10.280,4.3,2016-06-05 11:00:00,
1.125151502,2370329,James Ward,Stepanek v J Ward,30,2016-06-05 11:23:18.555,3.65,2016-06-05 11:30:00,
1.125151502,2370329,James Ward,Stepanek v J Ward,40,2016-06-05 19:00:28.185,13.5,2016-06-06 11:25:00,2016-06-05 11:39:26.792
1.125151502,2370329,James Ward,Stepanek v J Ward,50,2016-06-05 21:07:44.103,17.5,2016-06-06 11:25:00,2016-06-05 11:39:26.792
1.125151502,2370329,James Ward,Stepanek v J Ward,60,2016-06-05 21:58:44.318,18.5,2016-06-06 11:25:00,2016-06-05 11:39:26.792
1.125151502,2370329,James Ward,Stepanek v J Ward,70,2016-06-05 23:06:56.862,21.0,2016-06-06 11:25:00,2016-06-05 11:39:26.792
1.125151502,2370329,James Ward,Stepanek v J Ward,80,2016-06-06 06:50:15.098,55.0,2016-06-06 10:00:00,2016-06-05 11:39:26.792
1.125151502,2370329,James Ward,Stepanek v J Ward,90,2016-06-06 08:24:14.991,28.0,2016-06-06 10:00:00,2016-06-05 11:39:26.792
1.125151502,2370329,James Ward,Stepanek v J Ward,100,2016-06-06 09:48:28.274,27.0,2016-06-06 10:00:00,2016-06-05 11:39:26.792
1.125152103,2263536,Mikhail Youzhny,Youzhny v Fel Lopez,0,2016-06-05 22:31:15.998,3.5,2016-06-06 12:00:00,
1.125152103,2263536,Mikhail Youzhny,Youzhny v Fel Lopez,10,2016-06-06 22:06:26.009,3.5,2016-06-07 13:00:00,
1.125152103,2263536,Mikhail Youzhny,Youzhny v Fel Lopez,20,2016-06-07 04:45:38.747,3.6,2016-06-07 13:00:00,
1.125152103,2263536,Mikhail Youzhny,Youzhny v Fel Lopez,30,2016-06-07 07:09:33.646,3.5,2016-06-07 13:00:00,
1.125152103,2263536,Mikhail Youzhny,Youzhny v Fel Lopez,40,2016-06-07 10:45:23.411,3.5,2016-06-07 12:48:00,
1.125152103,2263536,Mikhail Youzhny,Youzhny v Fel Lopez,50,2016-06-07 11:34:35.221,3.6,2016-06-07 12:46:00,
1.125152103,2263536,Mikhail Youzhny,Youzhny v Fel Lopez,60,2016-06-07 11:55:36.576,3.35,2016-06-07 12:46:00,
1.125152103,2263536,Mikhail Youzhny,Youzhny v Fel Lopez,70,2016-06-07 12:05:40.775,3.35,2016-06-07 12:46:00,
1.125152103,2263536,Mikhail Youzhny,Youzhny v Fel Lopez,80,2016-06-07 12:25:25.850,3.35,2016-06-07 12:46:00,
1.125152103,2263536,Mikhail Youzhny,Youzhny v Fel Lopez,90,2016-06-07 12:48:24.441,3.4,2016-06-07 13:01:00,
1.125152103,2263536,Mikhail Youzhny,Youzhny v Fel Lopez,100,2016-06-07 13:13:32.862,3.6,2016-06-07 13:26:00,
1.125152103,2265109,Feliciano Lopez,Youzhny v Fel Lopez,0,2016-06-05 16:13:55.635,1.35,2016-06-06 12:00:00,
1.125152103,2265109,Feliciano Lopez,Youzhny v Fel Lopez,10,2016-06-05 21:54:27.788,1.36,2016-06-06 12:00:00,
1.125152103,2265109,Feliciano Lopez,Youzhny v Fel Lopez,20,2016-06-06 08:17:38.457,1.39,2016-06-07 12:00:00,
1.125152103,2265109,Feliciano Lopez,Youzhny v Fel Lopez,30,2016-06-06 21:19:57.998,1.43,2016-06-07 13:00:00,
1.125152103,2265109,Feliciano Lopez,Youzhny v Fel Lopez,40,2016-06-07 04:15:59.078,1.39,2016-06-07 13:00:00,
1.125152103,2265109,Feliciano Lopez,Youzhny v Fel Lopez,50,2016-06-07 08:55:49.118,1.39,2016-06-07 12:49:00,
1.125152103,2265109,Feliciano Lopez,Youzhny v Fel Lopez,60,2016-06-07 10:01:39.447,1.4,2016-06-07 12:49:00,
1.125152103,2265109,Feliciano Lopez,Youzhny v Fel Lopez,70,2016-06-07 11:30:12.662,1.38,2016-06-07 12:46:00,
1.125152103,2265109,Feliciano Lopez,Youzhny v Fel Lopez,80,2016-06-07 11:56:31.288,1.44,2016-06-07 12:46:00,
1.125152103,2265109,Feliciano Lopez,Youzhny v Fel Lopez,90,2016-06-07 12:25:25.850,1.42,2016-06-07 12:46:00,
1.125152103,2265109,Feliciano Lopez,Youzhny v Fel Lopez,100,2016-06-07 13:09:37.645,1.39,2016-06-07 13:16:00,
1.125152104,2257302,Philipp Kohlschreiber,Kohlschreiber v P Herbert,0,2016-06-04 23:13:15.993,1.12,2016-06-05 12:00:00,
1.125152104,2257302,Philipp Kohlschreiber,Kohlschreiber v P Herbert,10,2016-06-06 05:41:30.405,1.32,2016-06-07 12:00:00,
1.125152104,2257302,Philipp Kohlschreiber,Kohlschreiber v P Herbert,20,2016-06-06 11:03:55.124,1.35,2016-06-07 12:00:00,
1.125152104,2257302,Philipp Kohlschreiber,Kohlschreiber v P Herbert,30,2016-06-06 19:56:49.671,1.35,2016-06-07 14:00:00,
1.125152104,2257302,Philipp Kohlschreiber,Kohlschreiber v P Herbert,40,2016-06-06 20:56:59.015,1.31,2016-06-07 14:00:00,
1.125152104,2257302,Philipp Kohlschreiber,Kohlschreiber v P Herbert,50,2016-06-07 01:13:10.549,1.31,2016-06-07 14:00:00,
1.125152104,2257302,Philipp Kohlschreiber,Kohlschreiber v P Herbert,60,2016-06-07 06:45:45.592,1.3,2016-06-07 14:00:00,
1.125152104,2257302,Philipp Kohlschreiber,Kohlschreiber v P Herbert,70,2016-06-07 08:35:36.391,1.31,2016-06-07 14:00:00,
1.125152104,2257302,Philipp Kohlschreiber,Kohlschreiber v P Herbert,80,2016-06-07 12:02:26.772,1.29,2016-06-07 14:00:00,
1.125152104,2257302,Philipp Kohlschreiber,Kohlschreiber v P Herbert,90,2016-06-07 12:54:20.597,1.29,2016-06-07 14:00:00,
1.125152104,2257302,Philipp Kohlschreiber,Kohlschreiber v P Herbert,100,2016-06-07 13:41:37.731,1.31,2016-06-07 14:00:00,
1.125152104,11204426,Pierre-Hugues Herbert,Kohlschreiber v P Herbert,0,2016-06-06 07:54:14.712,4.3,2016-06-07 12:00:00,
1.125152104,11204426,Pierre-Hugues Herbert,Kohlschreiber v P Herbert,10,2016-06-06 15:40:22.824,3.75,2016-06-07 14:00:00,
1.125152104,11204426,Pierre-Hugues Herbert,Kohlschreiber v P Herbert,20,2016-06-06 20:36:58.497,4.0,2016-06-07 14:00:00,
1.125152104,11204426,Pierre-Hugues Herbert,Kohlschreiber v P Herbert,30,2016-06-06 21:34:58.156,4.2,2016-06-07 14:00:00,
1.125152104,11204426,Pierre-Hugues Herbert,Kohlschreiber v P Herbert,40,2016-06-07 05:40:59.474,4.2,2016-06-07 14:00:00,
1.125152104,11204426,Pierre-Hugues Herbert,Kohlschreiber v P Herbert,50,2016-06-07 06:23:04.353,4.3,2016-06-07 14:00:00,
1.125152104,11204426,Pierre-Hugues Herbert,Kohlschreiber v P Herbert,60,2016-06-07 07:02:46.392,4.2,2016-06-07 14:00:00,
1.125152104,11204426,Pierre-Hugues Herbert,Kohlschreiber v P Herbert,70,2016-06-07 10:30:41.989,4.1,2016-06-07 14:00:00,
1.125152104,11204426,Pierre-Hugues Herbert,Kohlschreiber v P Herbert,80,2016-06-07 11:33:02.157,4.2,2016-06-07 14:00:00,
1.125152104,11204426,Pierre-Hugues Herbert,Kohlschreiber v P Herbert,90,2016-06-07 12:51:21.518,4.3,2016-06-07 14:00:00,
1.125152104,11204426,Pierre-Hugues Herbert,Kohlschreiber v P Herbert,100,2016-06-07 13:29:27.473,4.2,2016-06-07 14:00:00,
1.125152133,2263684,Michael Berrer,Jaziri v Berrer,0,2016-06-05 11:38:36.372,1.94,2016-06-06 12:00:00,
1.125152133,2263684,Michael Berrer,Jaziri v Berrer,10,2016-06-05 20:26:10.626,1.79,2016-06-06 14:00:00,
1.125152133,2263684,Michael Berrer,Jaziri v Berrer,20,2016-06-05 23:11:37.819,1.86,2016-06-06 14:00:00,
1.125152133,2263684,Michael Berrer,Jaziri v Berrer,30,2016-06-06 04:09:34.238,1.85,2016-06-06 14:00:00,
1.125152133,2263684,Michael Berrer,Jaziri v Berrer,40,2016-06-06 07:30:09.497,1.9,2016-06-06 14:00:00,
1.125152133,2263684,Michael Berrer,Jaziri v Berrer,50,2016-06-06 09:11:04.495,1.81,2016-06-06 14:00:00,
1.125152133,2263684,Michael Berrer,Jaziri v Berrer,60,2016-06-06 10:16:25.215,1.85,2016-06-06 14:00:00,
1.125152133,2263684,Michael Berrer,Jaziri v Berrer,70,2016-06-06 11:47:40.008,1.76,2016-06-06 14:00:00,
1.125152133,2263684,Michael Berrer,Jaziri v Berrer,80,2016-06-06 12:53:16.086,1.8,2016-06-06 14:00:00,
1.125152133,2263684,Michael Berrer,Jaziri v Berrer,90,2016-06-06 13:37:34.685,1.81,2016-06-06 14:00:00,
1.125152133,2263684,Michael Berrer,Jaziri v Berrer,100,2016-06-06 13:47:11.568,1.81,2016-06-06 14:00:00,
1.125152133,5776215,Malek Jaziri,Jaziri v Berrer,0,2016-06-05 11:38:36.372,2.06,2016-06-06 12:00:00,
1.125152133,5776215,Malek Jaziri,Jaziri v Berrer,10,2016-06-05 20:58:19.819,2.3,2016-06-06 14:00:00,
1.125152133,5776215,Malek Jaziri,Jaziri v Berrer,20,2016-06-05 23:11:37.819,2.16,2016-06-06 14:00:00,
1.125152133,5776215,Malek Jaziri,Jaziri v Berrer,30,2016-06-06 04:09:34.238,2.16,2016-06-06 14:00:00,
1.125152133,5776215,Malek Jaziri,Jaziri v Berrer,40,2016-06-06 07:31:06.636,2.12,2016-06-06 14:00:00,
1.125152133,5776215,Malek Jaziri,Jaziri v Berrer,50,2016-06-06 09:25:43.113,2.16,2016-06-06 14:00:00,
1.125152133,5776215,Malek Jaziri,Jaziri v Berrer,60,2016-06-06 10:17:56.252,2.18,2016-06-06 14:00:00,
1.125152133,5776215,Malek Jaziri,Jaziri v Berrer,70,2016-06-06 11:44:42.161,2.22,2016-06-06 14:00:00,
1.125152133,5776215,Malek Jaziri,Jaziri v Berrer,80,2016-06-06 12:29:29.550,2.2,2016-06-06 14:00:00,
1.125152133,5776215,Malek Jaziri,Jaziri v Berrer,90,2016-06-06 13:33:35.412,2.2,2016-06-06 14:00:00,
1.125152133,5776215,Malek Jaziri,Jaziri v Berrer,100,2016-06-06 13:43:38.386,2.22,2016-06-06 14:00:00,
1.125152265,2249834,Juan Martin Del Potro,Del Potro v G Dimitrov,0,2016-06-05 13:35:54.652,1.94,2016-06-06 12:00:00,
1.125152265,2249834,Juan Martin Del Potro,Del Potro v G Dimitrov,10,2016-06-05 21:48:36.054,2.04,2016-06-06 12:00:00,
1.125152265,2249834,Juan Martin Del Potro,Del Potro v G Dimitrov,20,2016-06-06 10:43:56.461,2.06,2016-06-07 12:00:00,
1.125152265,2249834,Juan Martin Del Potro,Del Potro v G Dimitrov,30,2016-06-06 17:27:38.140,2.08,2016-06-07 12:00:00,
1.125152265,2249834,Juan Martin Del Potro,Del Potro v G Dimitrov,40,2016-06-07 00:25:17.853,2.12,2016-06-07 12:00:00,
1.125152265,2249834,Juan Martin Del Potro,Del Potro v G Dimitrov,50,2016-06-07 07:29:36.131,2.14,2016-06-07 12:00:00,
1.125152265,2249834,Juan Martin Del Potro,Del Potro v G Dimitrov,60,2016-06-07 08:50:38.034,2.08,2016-06-07 12:00:00,
1.125152265,2249834,Juan Martin Del Potro,Del Potro v G Dimitrov,70,2016-06-07 10:07:30.000,2.08,2016-06-07 12:00:00,
1.125152265,2249834,Juan Martin Del Potro,Del Potro v G Dimitrov,80,2016-06-07 11:08:21.242,2.1,2016-06-07 12:00:00,
1.125152265,2249834,Juan Martin Del Potro,Del Potro v G Dimitrov,90,2016-06-07 11:39:47.986,2.06,2016-06-07 12:00:00,
1.125152265,2249834,Juan Martin Del Potro,Del Potro v G Dimitrov,100,2016-06-07 11:49:33.149,1.96,2016-06-07 12:00:00,
1.125152265,3120169,Grigor Dimitrov,Del Potro v G Dimitrov,0,2016-06-05 16:13:05.781,1.8,2016-06-06 12:00:00,
1.125152265,3120169,Grigor Dimitrov,Del Potro v G Dimitrov,10,2016-06-05 23:47:30.837,1.93,2016-06-06 12:00:00,
1.125152265,3120169,Grigor Dimitrov,Del Potro v G Dimitrov,20,2016-06-06 10:43:56.461,1.94,2016-06-07 12:00:00,
1.125152265,3120169,Grigor Dimitrov,Del Potro v G Dimitrov,30,2016-06-06 16:33:10.506,1.91,2016-06-07 12:00:00,
1.125152265,3120169,Grigor Dimitrov,Del Potro v G Dimitrov,40,2016-06-06 21:52:48.271,1.87,2016-06-07 12:00:00,
1.125152265,3120169,Grigor Dimitrov,Del Potro v G Dimitrov,50,2016-06-07 07:14:13.031,1.91,2016-06-07 12:00:00,
1.125152265,3120169,Grigor Dimitrov,Del Potro v G Dimitrov,60,2016-06-07 08:35:21.950,1.89,2016-06-07 12:00:00,
1.125152265,3120169,Grigor Dimitrov,Del Potro v G Dimitrov,70,2016-06-07 09:08:38.420,1.94,2016-06-07 12:00:00,
1.125152265,3120169,Grigor Dimitrov,Del Potro v G Dimitrov,80,2016-06-07 10:47:30.275,1.92,2016-06-07 12:00:00,
1.125152265,3120169,Grigor Dimitrov,Del Potro v G Dimitrov,90,2016-06-07 11:39:47.986,1.95,2016-06-07 12:00:00,
1.125152265,3120169,Grigor Dimitrov,Del Potro v G Dimitrov,100,2016-06-07 11:53:47.974,2.04,2016-06-07 12:00:00,
1.125152266,2256469,Marcos Baghdatis,Struff v M Baghdatis,0,2016-06-05 16:13:01.740,1.4,2016-06-06 12:00:00,
1.125152266,2256469,Marcos Baghdatis,Struff v M Baghdatis,10,2016-06-05 23:36:41.385,1.35,2016-06-06 12:00:00,
1.125152266,2256469,Marcos Baghdatis,Struff v M Baghdatis,20,2016-06-06 14:02:41.978,1.36,2016-06-07 12:00:00,
1.125152266,2256469,Marcos Baghdatis,Struff v M Baghdatis,30,2016-06-06 19:38:12.222,1.35,2016-06-07 16:00:00,
1.125152266,2256469,Marcos Baghdatis,Struff v M Baghdatis,40,2016-06-06 21:20:59.822,1.32,2016-06-07 16:00:00,
1.125152266,2256469,Marcos Baghdatis,Struff v M Baghdatis,50,2016-06-06 23:26:54.090,1.31,2016-06-07 16:00:00,
1.125152266,2256469,Marcos Baghdatis,Struff v M Baghdatis,60,2016-06-07 04:57:29.831,1.32,2016-06-07 16:00:00,
1.125152266,2256469,Marcos Baghdatis,Struff v M Baghdatis,70,2016-06-07 12:19:16.638,1.3,2016-06-07 16:00:00,
1.125152266,2256469,Marcos Baghdatis,Struff v M Baghdatis,80,2016-06-07 15:00:30.896,1.3,2016-06-07 15:43:00,
1.125152266,2256469,Marcos Baghdatis,Struff v M Baghdatis,90,2016-06-07 16:26:42.561,1.3,2016-06-07 16:28:00,
1.125152266,2256469,Marcos Baghdatis,Struff v M Baghdatis,100,2016-06-07 16:42:36.879,1.29,2016-06-07 16:43:00,
1.125152266,11204363,Jan-Lennard Struff,Struff v M Baghdatis,0,2016-06-05 17:48:17.775,3.5,2016-06-06 12:00:00,
1.125152266,11204363,Jan-Lennard Struff,Struff v M Baghdatis,10,2016-06-06 11:54:19.821,3.9,2016-06-07 12:00:00,
1.125152266,11204363,Jan-Lennard Struff,Struff v M Baghdatis,20,2016-06-06 15:18:41.568,3.7,2016-06-07 16:00:00,
1.125152266,11204363,Jan-Lennard Struff,Struff v M Baghdatis,30,2016-06-06 19:38:12.222,3.85,2016-06-07 16:00:00,
1.125152266,11204363,Jan-Lennard Struff,Struff v M Baghdatis,40,2016-06-06 23:26:54.090,4.2,2016-06-07 16:00:00,
1.125152266,11204363,Jan-Lennard Struff,Struff v M Baghdatis,50,2016-06-07 06:28:43.119,4.3,2016-06-07 16:00:00,
1.125152266,11204363,Jan-Lennard Struff,Struff v M Baghdatis,60,2016-06-07 11:14:16.061,4.3,2016-06-07 16:00:00,
1.125152266,11204363,Jan-Lennard Struff,Struff v M Baghdatis,70,2016-06-07 14:47:38.329,4.4,2016-06-07 15:43:00,
1.125152266,11204363,Jan-Lennard Struff,Struff v M Baghdatis,80,2016-06-07 15:28:41.637,4.5,2016-06-07 15:43:00,
1.125152266,11204363,Jan-Lennard Struff,Struff v M Baghdatis,90,2016-06-07 15:54:43.378,4.4,2016-06-07 15:58:00,
1.125152266,11204363,Jan-Lennard Struff,Struff v M Baghdatis,100,2016-06-07 16:37:44.214,4.5,2016-06-07 16:43:00,
1.125152295,3691700,Illya Marchenko,Groth v Marchenko,0,2016-06-05 12:35:29.007,1.85,2016-06-06 12:00:00,
1.125152295,3691700,Illya Marchenko,Groth v Marchenko,10,2016-06-05 21:37:30.123,1.96,2016-06-06 12:00:00,
1.125152295,3691700,Illya Marchenko,Groth v Marchenko,20,2016-06-06 06:21:39.822,2.1,2016-06-06 12:00:00,
1.125152295,3691700,Illya Marchenko,Groth v Marchenko,30,2016-06-06 08:01:06.199,2.12,2016-06-06 12:00:00,
1.125152295,3691700,Illya Marchenko,Groth v Marchenko,40,2016-06-06 08:14:46.488,2.12,2016-06-06 12:00:00,
1.125152295,3691700,Illya Marchenko,Groth v Marchenko,50,2016-06-06 09:29:37.131,2.16,2016-06-06 12:00:00,
1.125152295,3691700,Illya Marchenko,Groth v Marchenko,60,2016-06-06 10:04:18.333,2.16,2016-06-06 12:00:00,
1.125152295,3691700,Illya Marchenko,Groth v Marchenko,70,2016-06-06 11:02:49.369,2.18,2016-06-06 12:00:00,
1.125152295,3691700,Illya Marchenko,Groth v Marchenko,80,2016-06-06 11:15:46.176,2.24,2016-06-06 12:00:00,
1.125152295,3691700,Illya Marchenko,Groth v Marchenko,90,2016-06-06 11:31:23.383,2.22,2016-06-06 12:00:00,
1.125152295,3691700,Illya Marchenko,Groth v Marchenko,100,2016-06-06 11:53:43.442,2.2,2016-06-06 12:00:00,
1.125152295,8639819,Sam Groth,Groth v Marchenko,0,2016-06-04 23:12:59.387,1.14,2016-06-05 12:00:00,
1.125152295,8639819,Sam Groth,Groth v Marchenko,10,2016-06-05 22:40:35.751,1.96,2016-06-06 12:00:00,
1.125152295,8639819,Sam Groth,Groth v Marchenko,20,2016-06-06 06:48:26.560,1.9,2016-06-06 12:00:00,
1.125152295,8639819,Sam Groth,Groth v Marchenko,30,2016-06-06 08:01:06.199,1.89,2016-06-06 12:00:00,
1.125152295,8639819,Sam Groth,Groth v Marchenko,40,2016-06-06 08:14:46.488,1.87,2016-06-06 12:00:00,
1.125152295,8639819,Sam Groth,Groth v Marchenko,50,2016-06-06 08:59:48.942,1.83,2016-06-06 12:00:00,
1.125152295,8639819,Sam Groth,Groth v Marchenko,60,2016-06-06 09:29:37.131,1.86,2016-06-06 12:00:00,
1.125152295,8639819,Sam Groth,Groth v Marchenko,70,2016-06-06 10:29:11.186,1.8,2016-06-06 12:00:00,
1.125152295,8639819,Sam Groth,Groth v Marchenko,80,2016-06-06 11:02:49.369,1.83,2016-06-06 12:00:00,
1.125152295,8639819,Sam Groth,Groth v Marchenko,90,2016-06-06 11:39:49.413,1.79,2016-06-06 12:00:00,
1.125152295,8639819,Sam Groth,Groth v Marchenko,100,2016-06-06 11:54:45.373,1.83,2016-06-06 12:00:00,
1.125152427,4688724,Dusan Lajovic,Lajovic v Kudla,0,2016-06-05 13:35:57.020,3.05,2016-06-06 12:00:00,
1.125152427,4688724,Dusan Lajovic,Lajovic v Kudla,10,2016-06-06 04:00:18.969,3.5,2016-06-07 12:00:00,
1.125152427,4688724,Dusan Lajovic,Lajovic v Kudla,20,2016-06-06 20:38:42.982,3.85,2016-06-07 11:00:00,
1.125152427,4688724,Dusan Lajovic,Lajovic v Kudla,30,2016-06-07 04:40:01.139,4.4,2016-06-07 11:00:00,
1.125152427,4688724,Dusan Lajovic,Lajovic v Kudla,40,2016-06-07 07:29:32.925,4.0,2016-06-07 11:00:00,
1.125152427,4688724,Dusan Lajovic,Lajovic v Kudla,50,2016-06-07 08:25:52.924,3.95,2016-06-07 11:00:00,
1.125152427,4688724,Dusan Lajovic,Lajovic v Kudla,60,2016-06-07 10:09:45.203,4.1,2016-06-07 10:49:00,
1.125152427,4688724,Dusan Lajovic,Lajovic v Kudla,70,2016-06-07 10:31:46.176,3.9,2016-06-07 10:49:00,
1.125152427,4688724,Dusan Lajovic,Lajovic v Kudla,80,2016-06-07 10:48:39.591,4.2,2016-06-07 10:49:00,
1.125152427,4688724,Dusan Lajovic,Lajovic v Kudla,90,2016-06-07 10:55:54.838,3.65,2016-06-07 11:04:00,
1.125152427,4688724,Dusan Lajovic,Lajovic v Kudla,100,2016-06-07 11:21:46.307,3.8,2016-06-07 11:24:00,
1.125152427,4829260,Denis Kudla,Lajovic v Kudla,0,2016-06-05 14:06:13.937,1.47,2016-06-06 12:00:00,
1.125152427,4829260,Denis Kudla,Lajovic v Kudla,10,2016-06-05 20:04:50.614,1.38,2016-06-06 12:00:00,
1.125152427,4829260,Denis Kudla,Lajovic v Kudla,20,2016-06-06 07:00:44.134,1.36,2016-06-07 12:00:00,
1.125152427,4829260,Denis Kudla,Lajovic v Kudla,30,2016-06-06 20:38:42.982,1.35,2016-06-07 11:00:00,
1.125152427,4829260,Denis Kudla,Lajovic v Kudla,40,2016-06-06 23:31:30.529,1.34,2016-06-07 11:00:00,
1.125152427,4829260,Denis Kudla,Lajovic v Kudla,50,2016-06-07 07:29:32.925,1.32,2016-06-07 11:00:00,
1.125152427,4829260,Denis Kudla,Lajovic v Kudla,60,2016-06-07 08:54:46.504,1.35,2016-06-07 10:49:00,
1.125152427,4829260,Denis Kudla,Lajovic v Kudla,70,2016-06-07 10:24:56.329,1.36,2016-06-07 10:49:00,
1.125152427,4829260,Denis Kudla,Lajovic v Kudla,80,2016-06-07 10:48:39.591,1.33,2016-06-07 10:49:00,
1.125152427,4829260,Denis Kudla,Lajovic v Kudla,90,2016-06-07 10:57:58.032,1.37,2016-06-07 11:04:00,
1.125152427,4829260,Denis Kudla,Lajovic v Kudla,100,2016-06-07 11:23:56.838,1.36,2016-06-07 11:24:00,
1.125152443,4415206,John Millman,Pouille v Millman,0,2016-06-05 19:00:33.322,1.96,2016-06-06 12:00:00,
1.125152443,4415206,John Millman,Pouille v Millman,10,2016-06-06 06:20:52.671,1.9,2016-06-07 12:00:00,
1.125152443,4415206,John Millman,Pouille v Millman,20,2016-06-06 12:04:45.185,1.9,2016-06-07 12:00:00,
1.125152443,4415206,John Millman,Pouille v Millman,30,2016-06-06 18:07:14.828,1.69,2016-06-07 11:00:00,
1.125152443,4415206,John Millman,Pouille v Millman,40,2016-06-06 23:19:45.086,1.69,2016-06-07 11:00:00,
1.125152443,4415206,John Millman,Pouille v Millman,50,2016-06-07 07:08:02.020,1.75,2016-06-07 11:00:00,
1.125152443,4415206,John Millman,Pouille v Millman,60,2016-06-07 08:21:16.555,1.76,2016-06-07 11:00:00,
1.125152443,4415206,John Millman,Pouille v Millman,70,2016-06-07 09:33:59.680,1.77,2016-06-07 10:49:00,
1.125152443,4415206,John Millman,Pouille v Millman,80,2016-06-07 09:50:45.293,1.77,2016-06-07 10:49:00,
1.125152443,4415206,John Millman,Pouille v Millman,90,2016-06-07 10:36:02.263,1.78,2016-06-07 10:49:00,
1.125152443,4415206,John Millman,Pouille v Millman,100,2016-06-07 10:47:02.864,1.72,2016-06-07 10:48:00,
1.125152443,7031400,Lucas Pouille,Pouille v Millman,0,2016-06-05 19:00:33.322,2.04,2016-06-06 12:00:00,
1.125152443,7031400,Lucas Pouille,Pouille v Millman,10,2016-06-05 23:52:09.101,2.04,2016-06-06 12:00:00,
1.125152443,7031400,Lucas Pouille,Pouille v Millman,20,2016-06-06 14:23:03.038,2.2,2016-06-07 12:00:00,
1.125152443,7031400,Lucas Pouille,Pouille v Millman,30,2016-06-06 17:12:58.892,2.3,2016-06-07 11:00:00,
1.125152443,7031400,Lucas Pouille,Pouille v Millman,40,2016-06-06 18:07:14.828,2.44,2016-06-07 11:00:00,
1.125152443,7031400,Lucas Pouille,Pouille v Millman,50,2016-06-07 00:23:36.728,2.44,2016-06-07 11:00:00,
1.125152443,7031400,Lucas Pouille,Pouille v Millman,60,2016-06-07 06:07:25.534,2.38,2016-06-07 11:00:00,
1.125152443,7031400,Lucas Pouille,Pouille v Millman,70,2016-06-07 08:24:01.156,2.32,2016-06-07 11:00:00,
1.125152443,7031400,Lucas Pouille,Pouille v Millman,80,2016-06-07 09:21:45.093,2.3,2016-06-07 10:49:00,
1.125152443,7031400,Lucas Pouille,Pouille v Millman,90,2016-06-07 09:55:31.116,2.28,2016-06-07 10:49:00,
1.125152443,7031400,Lucas Pouille,Pouille v Millman,100,2016-06-07 10:39:02.290,2.3,2016-06-07 10:49:00,
1.12515264,2284304,Sergiy Stakhovsky,Stakhovsky v F Moser,0,2016-06-05 05:12:48.004,1.1,2016-06-05 11:00:00,
1.12515264,2284304,Sergiy Stakhovsky,Stakhovsky v F Moser,10,2016-06-05 10:10:04.436,1.14,2016-06-05 11:00:00,
1.12515264,2284304,Sergiy Stakhovsky,Stakhovsky v F Moser,20,2016-06-05 11:23:15.061,1.11,2016-06-05 11:30:00,
1.12515264,2284304,Sergiy Stakhovsky,Stakhovsky v F Moser,30,2016-06-05 12:21:08.896,1.11,2016-06-05 12:30:00,
1.12515264,2284304,Sergiy Stakhovsky,Stakhovsky v F Moser,40,2016-06-05 14:50:02.636,1.12,2016-06-05 15:01:00,
1.12515264,2284304,Sergiy Stakhovsky,Stakhovsky v F Moser,50,2016-06-05 17:28:33.375,1.11,2016-06-05 17:40:00,
1.12515264,2284304,Sergiy Stakhovsky,Stakhovsky v F Moser,60,2016-06-05 20:08:08.253,1.11,2016-06-06 09:00:00,
1.12515264,2284304,Sergiy Stakhovsky,Stakhovsky v F Moser,70,2016-06-05 23:33:55.126,1.11,2016-06-06 09:00:00,
1.12515264,2284304,Sergiy Stakhovsky,Stakhovsky v F Moser,80,2016-06-06 05:09:28.403,1.1,2016-06-06 09:00:00,
1.12515264,2284304,Sergiy Stakhovsky,Stakhovsky v F Moser,90,2016-06-06 07:51:59.595,1.13,2016-06-06 09:00:00,
1.12515264,2284304,Sergiy Stakhovsky,Stakhovsky v F Moser,100,2016-06-06 08:49:07.716,1.13,2016-06-06 09:00:00,
1.12515264,5829499,Frank Moser,Stakhovsky v F Moser,0,2016-06-05 09:57:07.410,8.8,2016-06-05 11:00:00,
1.12515264,5829499,Frank Moser,Stakhovsky v F Moser,10,2016-06-05 11:00:07.399,9.4,2016-06-05 11:15:00,
1.12515264,5829499,Frank Moser,Stakhovsky v F Moser,20,2016-06-05 11:23:15.061,10.5,2016-06-05 11:30:00,
1.12515264,5829499,Frank Moser,Stakhovsky v F Moser,30,2016-06-05 14:20:42.123,11.0,2016-06-05 14:31:00,
1.12515264,5829499,Frank Moser,Stakhovsky v F Moser,40,2016-06-05 14:50:02.636,9.2,2016-06-05 15:01:00,
1.12515264,5829499,Frank Moser,Stakhovsky v F Moser,50,2016-06-05 16:20:47.094,7.6,2016-06-05 16:25:00,
1.12515264,5829499,Frank Moser,Stakhovsky v F Moser,60,2016-06-05 18:03:01.693,10.0,2016-06-06 09:00:00,
1.12515264,5829499,Frank Moser,Stakhovsky v F Moser,70,2016-06-05 19:39:49.256,9.2,2016-06-06 09:00:00,
1.12515264,5829499,Frank Moser,Stakhovsky v F Moser,80,2016-06-06 00:09:03.722,10.0,2016-06-06 09:00:00,
1.12515264,5829499,Frank Moser,Stakhovsky v F Moser,90,2016-06-06 05:45:07.084,9.0,2016-06-06 09:00:00,
1.12515264,5829499,Frank Moser,Stakhovsky v F Moser,100,2016-06-06 08:38:04.689,9.0,2016-06-06 09:00:00,
1.125153593,11265078,Gavrilov/Golovanov,Gavrilov/Golovanov v Jankovic/Kavcic,0,2016-06-06 16:34:30.936,21.0,2016-06-07 13:13:00,2016-06-06 13:38:30.730
1.125153593,11265078,Gavrilov/Golovanov,Gavrilov/Golovanov v Jankovic/Kavcic,10,2016-06-06 17:21:53.351,17.5,2016-06-07 13:13:00,2016-06-06 13:38:30.730
1.125153593,11265078,Gavrilov/Golovanov,Gavrilov/Golovanov v Jankovic/Kavcic,20,2016-06-06 19:01:48.070,9.2,2016-06-07 13:13:00,2016-06-06 13:38:30.730
1.125153593,11265078,Gavrilov/Golovanov,Gavrilov/Golovanov v Jankovic/Kavcic,30,2016-06-06 20:34:14.127,11.0,2016-06-07 13:13:00,2016-06-06 13:38:30.730
1.125153593,11265078,Gavrilov/Golovanov,Gavrilov/Golovanov v Jankovic/Kavcic,40,2016-06-06 21:01:08.002,12.5,2016-06-07 13:13:00,2016-06-06 13:38:30.730
1.125153593,11265078,Gavrilov/Golovanov,Gavrilov/Golovanov v Jankovic/Kavcic,50,2016-06-06 21:52:04.383,11.5,2016-06-07 13:13:00,2016-06-06 13:38:30.730
1.125153593,11265078,Gavrilov/Golovanov,Gavrilov/Golovanov v Jankovic/Kavcic,60,2016-06-06 22:32:04.540,11.0,2016-06-07 13:13:00,2016-06-06 13:38:30.730
1.125153593,11265078,Gavrilov/Golovanov,Gavrilov/Golovanov v Jankovic/Kavcic,70,2016-06-07 04:53:44.504,11.5,2016-06-07 16:00:00,2016-06-06 13:38:30.730
1.125153593,11265078,Gavrilov/Golovanov,Gavrilov/Golovanov v Jankovic/Kavcic,80,2016-06-07 06:53:20.444,7.0,2016-06-07 16:00:00,2016-06-06 13:38:30.730
1.125153593,11265078,Gavrilov/Golovanov,Gavrilov/Golovanov v Jankovic/Kavcic,90,2016-06-07 09:00:11.029,6.2,2016-06-07 16:00:00,2016-06-06 13:38:30.730
1.125153593,11265078,Gavrilov/Golovanov,Gavrilov/Golovanov v Jankovic/Kavcic,100,2016-06-07 17:32:21.960,13.5,2016-06-07 17:38:00,2016-06-06 13:38:30.730
1.125153593,11265079,Jankovic/Kavcic,Gavrilov/Golovanov v Jankovic/Kavcic,0,2016-06-06 15:58:49.494,1.06,2016-06-07 13:13:00,2016-06-06 13:38:30.730
1.125153593,11265079,Jankovic/Kavcic,Gavrilov/Golovanov v Jankovic/Kavcic,10,2016-06-06 18:18:14.846,1.06,2016-06-07 13:13:00,2016-06-06 13:38:30.730
1.125153593,11265079,Jankovic/Kavcic,Gavrilov/Golovanov v Jankovic/Kavcic,20,2016-06-06 20:30:19.595,1.09,2016-06-07 13:13:00,2016-06-06 13:38:30.730
1.125153593,11265079,Jankovic/Kavcic,Gavrilov/Golovanov v Jankovic/Kavcic,30,2016-06-06 21:27:56.435,1.12,2016-06-07 13:13:00,2016-06-06 13:38:30.730
1.125153593,11265079,Jankovic/Kavcic,Gavrilov/Golovanov v Jankovic/Kavcic,40,2016-06-06 22:07:02.317,1.11,2016-06-07 13:13:00,2016-06-06 13:38:30.730
1.125153593,11265079,Jankovic/Kavcic,Gavrilov/Golovanov v Jankovic/Kavcic,50,2016-06-07 00:49:53.948,1.09,2016-06-07 13:13:00,2016-06-06 13:38:30.730
1.125153593,11265079,Jankovic/Kavcic,Gavrilov/Golovanov v Jankovic/Kavcic,60,2016-06-07 05:25:57.579,1.1,2016-06-07 16:00:00,2016-06-06 13:38:30.730
1.125153593,11265079,Jankovic/Kavcic,Gavrilov/Golovanov v Jankovic/Kavcic,70,2016-06-07 08:56:02.547,1.15,2016-06-07 16:00:00,2016-06-06 13:38:30.730
1.125153593,11265079,Jankovic/Kavcic,Gavrilov/Golovanov v Jankovic/Kavcic,80,2016-06-07 12:52:00.514,1.15,2016-06-07 17:00:00,2016-06-06 13:38:30.730
1.125153593,11265079,Jankovic/Kavcic,Gavrilov/Golovanov v Jankovic/Kavcic,90,2016-06-07 16:51:13.428,1.13,2016-06-07 16:53:00,2016-06-06 13:38:30.730
1.125153593,11265079,Jankovic/Kavcic,Gavrilov/Golovanov v Jankovic/Kavcic,100,2016-06-07 17:32:21.960,1.08,2016-06-07 17:38:00,2016-06-06 13:38:30.730
1.125154077,10412653,Motti/Ungur,Motti/Ungur v Clezar/Gimeno-traver,0,2016-06-08 09:01:35.850,1.75,2016-06-08 13:00:00,
1.125154077,10412653,Motti/Ungur,Motti/Ungur v Clezar/Gimeno-traver,10,2016-06-08 10:10:22.553,1.6,2016-06-08 13:00:00,
1.125154077,10412653,Motti/Ungur,Motti/Ungur v Clezar/Gimeno-traver,20,2016-06-08 10:14:28.488,1.51,2016-06-08 13:00:00,
1.125154077,10412653,Motti/Ungur,Motti/Ungur v Clezar/Gimeno-traver,30,2016-06-08 10:16:36.413,1.56,2016-06-08 13:00:00,
1.125154077,10412653,Motti/Ungur,Motti/Ungur v Clezar/Gimeno-traver,40,2016-06-08 10:22:56.384,1.65,2016-06-08 13:00:00,
1.125154077,10412653,Motti/Ungur,Motti/Ungur v Clezar/Gimeno-traver,50,2016-06-08 10:59:35.084,1.56,2016-06-08 12:53:00,
1.125154077,10412653,Motti/Ungur,Motti/Ungur v Clezar/Gimeno-traver,60,2016-06-08 11:00:30.829,1.6,2016-06-08 12:53:00,
1.125154077,10412653,Motti/Ungur,Motti/Ungur v Clezar/Gimeno-traver,70,2016-06-08 12:00:21.800,1.6,2016-06-08 12:53:00,
1.125154077,10412653,Motti/Ungur,Motti/Ungur v Clezar/Gimeno-traver,80,2016-06-08 12:08:18.732,1.64,2016-06-08 12:53:00,
1.125154077,10412653,Motti/Ungur,Motti/Ungur v Clezar/Gimeno-traver,90,2016-06-08 12:22:35.775,1.65,2016-06-08 12:53:00,
1.125154077,10412653,Motti/Ungur,Motti/Ungur v Clezar/Gimeno-traver,100,2016-06-08 12:35:36.989,1.57,2016-06-08 12:37:00,
1.125154077,11265230,Clezar/Gimeno-traver,Motti/Ungur v Clezar/Gimeno-traver,0,2016-06-08 09:01:35.850,2.32,2016-06-08 13:00:00,
1.125154077,11265230,Clezar/Gimeno-traver,Motti/Ungur v Clezar/Gimeno-traver,10,2016-06-08 10:10:22.553,2.66,2016-06-08 13:00:00,
1.125154077,11265230,Clezar/Gimeno-traver,Motti/Ungur v Clezar/Gimeno-traver,20,2016-06-08 10:16:36.413,2.78,2016-06-08 13:00:00,
1.125154077,11265230,Clezar/Gimeno-traver,Motti/Ungur v Clezar/Gimeno-traver,30,2016-06-08 10:51:08.532,2.42,2016-06-08 13:00:00,
1.125154077,11265230,Clezar/Gimeno-traver,Motti/Ungur v Clezar/Gimeno-traver,40,2016-06-08 10:59:35.084,2.78,2016-06-08 12:53:00,
1.125154077,11265230,Clezar/Gimeno-traver,Motti/Ungur v Clezar/Gimeno-traver,50,2016-06-08 11:01:16.317,2.66,2016-06-08 12:53:00,
1.125154077,11265230,Clezar/Gimeno-traver,Motti/Ungur v Clezar/Gimeno-traver,60,2016-06-08 11:25:29.210,2.78,2016-06-08 12:53:00,
1.125154077,11265230,Clezar/Gimeno-traver,Motti/Ungur v Clezar/Gimeno-traver,70,2016-06-08 11:48:34.195,2.66,2016-06-08 12:53:00,
1.125154077,11265230,Clezar/Gimeno-traver,Motti/Ungur v Clezar/Gimeno-traver,80,2016-06-08 12:08:18.732,2.54,2016-06-08 12:53:00,
1.125154077,11265230,Clezar/Gimeno-traver,Motti/Ungur v Clezar/Gimeno-traver,90,2016-06-08 12:19:09.801,2.42,2016-06-08 12:53:00,
1.125154077,11265230,Clezar/Gimeno-traver,Motti/Ungur v Clezar/Gimeno-traver,100,2016-06-08 12:23:30.773,2.66,2016-06-08 12:53:00,
1.125155217,6079501,Ashleigh Barty,Paszek v Barty,0,2016-06-06 06:15:35.908,1.51,2016-06-06 10:00:00,
1.125155217,6079501,Ashleigh Barty,Paszek v Barty,10,2016-06-06 06:47:32.990,1.52,2016-06-06 10:00:00,
1.125155217,6079501,Ashleigh Barty,Paszek v Barty,20,2016-06-06 06:48:10.722,1.51,2016-06-06 10:00:00,
1.125155217,6079501,Ashleigh Barty,Paszek v Barty,30,2016-06-06 07:24:52.522,1.51,2016-06-06 10:00:00,
1.125155217,6079501,Ashleigh Barty,Paszek v Barty,40,2016-06-06 07:27:49.111,1.45,2016-06-06 10:00:00,
1.125155217,6079501,Ashleigh Barty,Paszek v Barty,50,2016-06-06 09:00:51.625,1.4,2016-06-06 10:00:00,
1.125155217,6079501,Ashleigh Barty,Paszek v Barty,60,2016-06-06 09:18:56.405,1.42,2016-06-06 10:00:00,
1.125155217,6079501,Ashleigh Barty,Paszek v Barty,70,2016-06-06 09:23:43.181,1.51,2016-06-06 10:00:00,
1.125155217,6079501,Ashleigh Barty,Paszek v Barty,80,2016-06-06 09:41:55.909,1.37,2016-06-06 10:00:00,
1.125155217,6079501,Ashleigh Barty,Paszek v Barty,90,2016-06-06 09:43:36.445,1.39,2016-06-06 10:00:00,
1.125155217,6079501,Ashleigh Barty,Paszek v Barty,100,2016-06-06 09:53:41.843,1.46,2016-06-06 10:00:00,
1.125155932,8679183,Denisa Allertova,Vikhlyantseva v Allertova,0,2016-06-05 21:03:40.638,1.59,2016-06-06 15:00:00,
1.125155932,8679183,Denisa Allertova,Vikhlyantseva v Allertova,10,2016-06-06 06:16:43.322,1.57,2016-06-06 15:00:00,
1.125155932,8679183,Denisa Allertova,Vikhlyantseva v Allertova,20,2016-06-06 06:18:38.682,1.71,2016-06-06 15:00:00,
1.125155932,8679183,Denisa Allertova,Vikhlyantseva v Allertova,30,2016-06-06 07:27:53.602,1.58,2016-06-06 15:00:00,
1.125155932,8679183,Denisa Allertova,Vikhlyantseva v Allertova,40,2016-06-06 08:30:44.236,1.6,2016-06-06 15:00:00,
1.125155932,8679183,Denisa Allertova,Vikhlyantseva v Allertova,50,2016-06-06 09:46:29.118,1.62,2016-06-06 14:51:00,
1.125155932,8679183,Denisa Allertova,Vikhlyantseva v Allertova,60,2016-06-06 10:09:41.131,1.67,2016-06-06 14:51:00,
1.125155932,8679183,Denisa Allertova,Vikhlyantseva v Allertova,70,2016-06-06 11:47:36.193,1.62,2016-06-06 14:31:00,
1.125155932,8679183,Denisa Allertova,Vikhlyantseva v Allertova,80,2016-06-06 12:39:40.936,1.65,2016-06-06 14:46:00,
1.125155932,8679183,Denisa Allertova,Vikhlyantseva v Allertova,90,2016-06-06 14:10:17.641,1.66,2016-06-06 15:16:00,
1.125155932,8679183,Denisa Allertova,Vikhlyantseva v Allertova,100,2016-06-06 14:36:43.203,1.68,2016-06-06 14:51:00,
1.125156043,5706996,Aljaz Bedene,Al Bedene v Escobedo,0,2016-06-05 19:17:08.801,1.28,2016-06-06 13:00:00,
1.125156043,5706996,Aljaz Bedene,Al Bedene v Escobedo,10,2016-06-06 03:33:59.776,1.37,2016-06-06 13:00:00,
1.125156043,5706996,Aljaz Bedene,Al Bedene v Escobedo,20,2016-06-06 05:28:13.036,1.33,2016-06-06 13:00:00,
1.125156043,5706996,Aljaz Bedene,Al Bedene v Escobedo,30,2016-06-06 08:16:03.303,1.35,2016-06-06 13:00:00,
1.125156043,5706996,Aljaz Bedene,Al Bedene v Escobedo,40,2016-06-06 10:08:47.306,1.38,2016-06-06 12:51:00,
1.125156043,5706996,Aljaz Bedene,Al Bedene v Escobedo,50,2016-06-06 10:51:03.001,1.39,2016-06-06 12:31:00,
1.125156043,5706996,Aljaz Bedene,Al Bedene v Escobedo,60,2016-06-06 11:25:44.769,1.32,2016-06-06 12:31:00,
1.125156043,5706996,Aljaz Bedene,Al Bedene v Escobedo,70,2016-06-06 11:57:01.547,1.37,2016-06-06 12:31:00,
1.125156043,5706996,Aljaz Bedene,Al Bedene v Escobedo,80,2016-06-06 12:03:55.901,1.36,2016-06-06 12:31:00,
1.125156043,5706996,Aljaz Bedene,Al Bedene v Escobedo,90,2016-06-06 12:19:55.467,1.37,2016-06-06 12:31:00,
1.125156043,5706996,Aljaz Bedene,Al Bedene v Escobedo,100,2016-06-06 13:14:39.023,1.39,2016-06-06 13:22:00,
1.125156043,8700174,Ernesto Escobedo,Al Bedene v Escobedo,0,2016-06-05 21:03:58.575,4.3,2016-06-06 13:00:00,
1.125156043,8700174,Ernesto Escobedo,Al Bedene v Escobedo,10,2016-06-06 03:51:29.142,3.95,2016-06-06 13:00:00,
1.125156043,8700174,Ernesto Escobedo,Al Bedene v Escobedo,20,2016-06-06 07:46:11.896,3.9,2016-06-06 13:00:00,
1.125156043,8700174,Ernesto Escobedo,Al Bedene v Escobedo,30,2016-06-06 09:47:01.074,3.6,2016-06-06 12:51:00,
1.125156043,8700174,Ernesto Escobedo,Al Bedene v Escobedo,40,2016-06-06 10:39:01.546,3.65,2016-06-06 12:31:00,
1.125156043,8700174,Ernesto Escobedo,Al Bedene v Escobedo,50,2016-06-06 11:13:58.040,3.9,2016-06-06 12:31:00,
1.125156043,8700174,Ernesto Escobedo,Al Bedene v Escobedo,60,2016-06-06 11:42:00.739,3.9,2016-06-06 12:31:00,
1.125156043,8700174,Ernesto Escobedo,Al Bedene v Escobedo,70,2016-06-06 11:51:57.521,3.7,2016-06-06 12:31:00,
1.125156043,8700174,Ernesto Escobedo,Al Bedene v Escobedo,80,2016-06-06 12:07:55.077,3.75,2016-06-06 12:31:00,
1.125156043,8700174,Ernesto Escobedo,Al Bedene v Escobedo,90,2016-06-06 12:16:59.555,3.75,2016-06-06 12:31:00,
1.125156043,8700174,Ernesto Escobedo,Al Bedene v Escobedo,100,2016-06-06 12:42:55.824,3.65,2016-06-06 12:46:00,
1.125156047,2257317,Nicolas Mahut,Mahut v Lacko,0,2016-06-05 19:01:37.883,1.4,2016-06-06 10:30:00,
1.125156047,2257317,Nicolas Mahut,Mahut v Lacko,10,2016-06-05 21:34:39.125,1.37,2016-06-06 10:30:00,
1.125156047,2257317,Nicolas Mahut,Mahut v Lacko,20,2016-06-05 23:36:00.139,1.26,2016-06-06 10:30:00,
1.125156047,2257317,Nicolas Mahut,Mahut v Lacko,30,2016-06-06 06:13:32.472,1.29,2016-06-06 10:30:00,
1.125156047,2257317,Nicolas Mahut,Mahut v Lacko,40,2016-06-06 07:22:59.021,1.28,2016-06-06 10:30:00,
1.125156047,2257317,Nicolas Mahut,Mahut v Lacko,50,2016-06-06 08:21:23.357,1.27,2016-06-06 10:30:00,
1.125156047,2257317,Nicolas Mahut,Mahut v Lacko,60,2016-06-06 08:56:26.330,1.27,2016-06-06 10:30:00,
1.125156047,2257317,Nicolas Mahut,Mahut v Lacko,70,2016-06-06 09:30:51.596,1.27,2016-06-06 10:30:00,
1.125156047,2257317,Nicolas Mahut,Mahut v Lacko,80,2016-06-06 10:06:59.831,1.29,2016-06-06 10:30:00,
1.125156047,2257317,Nicolas Mahut,Mahut v Lacko,90,2016-06-06 10:15:57.432,1.27,2016-06-06 10:30:00,
1.125156047,2257317,Nicolas Mahut,Mahut v Lacko,100,2016-06-06 10:25:59.079,1.28,2016-06-06 10:30:00,
1.125156047,2263634,Lukas Lacko,Mahut v Lacko,0,2016-06-05 21:45:39.777,4.6,2016-06-06 10:30:00,
1.125156047,2263634,Lukas Lacko,Mahut v Lacko,10,2016-06-06 07:57:39.033,4.4,2016-06-06 10:30:00,
1.125156047,2263634,Lukas Lacko,Mahut v Lacko,20,2016-06-06 08:51:58.074,4.6,2016-06-06 10:30:00,
1.125156047,2263634,Lukas Lacko,Mahut v Lacko,30,2016-06-06 09:30:51.596,4.8,2016-06-06 10:30:00,
1.125156047,2263634,Lukas Lacko,Mahut v Lacko,40,2016-06-06 09:36:35.199,4.5,2016-06-06 10:30:00,
1.125156047,2263634,Lukas Lacko,Mahut v Lacko,50,2016-06-06 09:51:35.921,4.6,2016-06-06 10:30:00,
1.125156047,2263634,Lukas Lacko,Mahut v Lacko,60,2016-06-06 10:07:55.975,4.6,2016-06-06 10:30:00,
1.125156047,2263634,Lukas Lacko,Mahut v Lacko,70,2016-06-06 10:15:57.432,4.7,2016-06-06 10:30:00,
1.125156047,2263634,Lukas Lacko,Mahut v Lacko,80,2016-06-06 10:22:00.426,4.7,2016-06-06 10:30:00,
1.125156047,2263634,Lukas Lacko,Mahut v Lacko,90,2016-06-06 10:24:49.184,4.8,2016-06-06 10:30:00,
1.125156047,2263634,Lukas Lacko,Mahut v Lacko,100,2016-06-06 10:29:00.345,4.5,2016-06-06 10:30:00,
1.125156151,5704759,Eugenie Bouchard,E Mertens v Bouchard,0,2016-06-05 20:14:14.488,1.2,2016-06-06 12:30:00,
1.125156151,5704759,Eugenie Bouchard,E Mertens v Bouchard,10,2016-06-05 20:15:34.034,1.1,2016-06-06 12:30:00,
1.125156151,5704759,Eugenie Bouchard,E Mertens v Bouchard,20,2016-06-06 01:11:07.941,1.21,2016-06-06 12:30:00,
1.125156151,5704759,Eugenie Bouchard,E Mertens v Bouchard,30,2016-06-06 06:16:16.468,1.22,2016-06-06 12:30:00,
1.125156151,5704759,Eugenie Bouchard,E Mertens v Bouchard,40,2016-06-06 08:17:48.609,1.22,2016-06-06 12:30:00,
1.125156151,5704759,Eugenie Bouchard,E Mertens v Bouchard,50,2016-06-06 08:44:57.706,1.24,2016-06-06 12:30:00,
1.125156151,5704759,Eugenie Bouchard,E Mertens v Bouchard,60,2016-06-06 10:24:11.241,1.23,2016-06-06 12:30:00,
1.125156151,5704759,Eugenie Bouchard,E Mertens v Bouchard,70,2016-06-06 11:18:47.590,1.23,2016-06-06 12:30:00,
1.125156151,5704759,Eugenie Bouchard,E Mertens v Bouchard,80,2016-06-06 11:41:33.442,1.24,2016-06-06 12:30:00,
1.125156151,5704759,Eugenie Bouchard,E Mertens v Bouchard,90,2016-06-06 12:18:02.471,1.23,2016-06-06 12:30:00,
1.125156151,5704759,Eugenie Bouchard,E Mertens v Bouchard,100,2016-06-06 12:28:12.009,1.2,2016-06-06 12:30:00,
1.125156151,9002334,Elise Mertens,E Mertens v Bouchard,0,2016-06-05 22:24:54.931,5.7,2016-06-06 12:30:00,
1.125156151,9002334,Elise Mertens,E Mertens v Bouchard,10,2016-06-05 22:34:50.032,5.2,2016-06-06 12:30:00,
1.125156151,9002334,Elise Mertens,E Mertens v Bouchard,20,2016-06-06 07:21:41.062,5.7,2016-06-06 12:30:00,
1.125156151,9002334,Elise Mertens,E Mertens v Bouchard,30,2016-06-06 08:52:05.710,5.2,2016-06-06 12:30:00,
1.125156151,9002334,Elise Mertens,E Mertens v Bouchard,40,2016-06-06 10:26:55.778,5.3,2016-06-06 12:30:00,
1.125156151,9002334,Elise Mertens,E Mertens v Bouchard,50,2016-06-06 10:47:13.367,5.2,2016-06-06 12:30:00,
1.125156151,9002334,Elise Mertens,E Mertens v Bouchard,60,2016-06-06 11:28:11.171,5.1,2016-06-06 12:30:00,
1.125156151,9002334,Elise Mertens,E Mertens v Bouchard,70,2016-06-06 11:41:33.442,5.0,2016-06-06 12:30:00,
1.125156151,9002334,Elise Mertens,E Mertens v Bouchard,80,2016-06-06 11:48:14.574,5.4,2016-06-06 12:30:00,
1.125156151,9002334,Elise Mertens,E Mertens v Bouchard,90,2016-06-06 12:21:16.672,5.3,2016-06-06 12:30:00,
1.125156151,9002334,Elise Mertens,E Mertens v Bouchard,100,2016-06-06 12:25:16.668,5.8,2016-06-06 12:30:00,
1.125157978,3506037,Horacio Zeballos,D Medvedev v H Zeballos,0,2016-06-06 15:02:54.664,2.28,2016-06-07 12:00:00,
1.125157978,3506037,Horacio Zeballos,D Medvedev v H Zeballos,10,2016-06-06 20:35:04.912,2.5,2016-06-07 09:00:00,
1.125157978,3506037,Horacio Zeballos,D Medvedev v H Zeballos,20,2016-06-07 05:00:18.515,2.78,2016-06-07 09:00:00,
1.125157978,3506037,Horacio Zeballos,D Medvedev v H Zeballos,30,2016-06-07 06:24:04.561,2.78,2016-06-07 09:00:00,
1.125157978,3506037,Horacio Zeballos,D Medvedev v H Zeballos,40,2016-06-07 07:03:20.024,3.1,2016-06-07 09:00:00,
1.125157978,3506037,Horacio Zeballos,D Medvedev v H Zeballos,50,2016-06-07 07:08:15.038,3.2,2016-06-07 09:00:00,
1.125157978,3506037,Horacio Zeballos,D Medvedev v H Zeballos,60,2016-06-07 07:19:03.063,3.15,2016-06-07 09:00:00,
1.125157978,3506037,Horacio Zeballos,D Medvedev v H Zeballos,70,2016-06-07 07:30:16.075,2.96,2016-06-07 09:00:00,
1.125157978,3506037,Horacio Zeballos,D Medvedev v H Zeballos,80,2016-06-07 07:59:20.119,2.9,2016-06-07 09:00:00,
1.125157978,3506037,Horacio Zeballos,D Medvedev v H Zeballos,90,2016-06-07 08:28:40.164,2.96,2016-06-07 09:00:00,
1.125157978,3506037,Horacio Zeballos,D Medvedev v H Zeballos,100,2016-06-07 08:54:20.186,3.15,2016-06-07 09:00:00,
1.125157978,7797742,Daniil Medvedev,D Medvedev v H Zeballos,0,2016-06-06 04:32:02.251,1.83,2016-06-07 12:00:00,
1.125157978,7797742,Daniil Medvedev,D Medvedev v H Zeballos,10,2016-06-06 17:29:51.724,1.69,2016-06-07 09:00:00,
1.125157978,7797742,Daniil Medvedev,D Medvedev v H Zeballos,20,2016-06-06 21:21:04.060,1.66,2016-06-07 09:00:00,
1.125157978,7797742,Daniil Medvedev,D Medvedev v H Zeballos,30,2016-06-07 03:26:11.544,1.63,2016-06-07 09:00:00,
1.125157978,7797742,Daniil Medvedev,D Medvedev v H Zeballos,40,2016-06-07 06:37:08.966,1.58,2016-06-07 09:00:00,
1.125157978,7797742,Daniil Medvedev,D Medvedev v H Zeballos,50,2016-06-07 07:02:19.501,1.52,2016-06-07 09:00:00,
1.125157978,7797742,Daniil Medvedev,D Medvedev v H Zeballos,60,2016-06-07 07:09:58.219,1.5,2016-06-07 09:00:00,
1.125157978,7797742,Daniil Medvedev,D Medvedev v H Zeballos,70,2016-06-07 07:26:15.084,1.48,2016-06-07 09:00:00,
1.125157978,7797742,Daniil Medvedev,D Medvedev v H Zeballos,80,2016-06-07 07:48:17.041,1.51,2016-06-07 09:00:00,
1.125157978,7797742,Daniil Medvedev,D Medvedev v H Zeballos,90,2016-06-07 08:23:57.084,1.5,2016-06-07 09:00:00,
1.125157978,7797742,Daniil Medvedev,D Medvedev v H Zeballos,100,2016-06-07 08:54:20.186,1.47,2016-06-07 09:00:00,
1.125158011,8827537,Jelena Ostapenko,Jaksic v Ostapenko,0,2016-06-06 17:51:49.009,1.33,2016-06-07 11:00:00,
1.125158011,8827537,Jelena Ostapenko,Jaksic v Ostapenko,10,2016-06-06 22:22:10.180,1.29,2016-06-07 11:00:00,
1.125158011,8827537,Jelena Ostapenko,Jaksic v Ostapenko,20,2016-06-07 01:21:04.985,1.28,2016-06-07 11:00:00,
1.125158011,8827537,Jelena Ostapenko,Jaksic v Ostapenko,30,2016-06-07 02:54:15.158,1.27,2016-06-07 11:00:00,
1.125158011,8827537,Jelena Ostapenko,Jaksic v Ostapenko,40,2016-06-07 06:30:19.344,1.23,2016-06-07 11:00:00,
1.125158011,8827537,Jelena Ostapenko,Jaksic v Ostapenko,50,2016-06-07 07:53:28.093,1.24,2016-06-07 11:00:00,
1.125158011,8827537,Jelena Ostapenko,Jaksic v Ostapenko,60,2016-06-07 08:22:44.238,1.25,2016-06-07 11:00:00,
1.125158011,8827537,Jelena Ostapenko,Jaksic v Ostapenko,70,2016-06-07 08:40:29.223,1.24,2016-06-07 11:00:00,
1.125158011,8827537,Jelena Ostapenko,Jaksic v Ostapenko,80,2016-06-07 09:13:56.903,1.25,2016-06-07 10:52:00,
1.125158011,8827537,Jelena Ostapenko,Jaksic v Ostapenko,90,2016-06-07 09:46:40.286,1.24,2016-06-07 10:52:00,
1.125158011,8827537,Jelena Ostapenko,Jaksic v Ostapenko,100,2016-06-07 10:08:19.559,1.25,2016-06-07 10:52:00,
1.125158052,11204424,Anna-Lena Friedsam,Golubic v Friedsam,0,2016-06-06 09:12:17.892,1.64,2016-06-07 12:00:00,
1.125158052,11204424,Anna-Lena Friedsam,Golubic v Friedsam,10,2016-06-06 17:54:17.637,1.67,2016-06-07 13:00:00,
1.125158052,11204424,Anna-Lena Friedsam,Golubic v Friedsam,20,2016-06-07 03:06:17.549,1.63,2016-06-07 13:00:00,
1.125158052,11204424,Anna-Lena Friedsam,Golubic v Friedsam,30,2016-06-07 07:57:55.107,1.67,2016-06-07 13:00:00,
1.125158052,11204424,Anna-Lena Friedsam,Golubic v Friedsam,40,2016-06-07 09:13:48.691,1.65,2016-06-07 12:50:00,
1.125158052,11204424,Anna-Lena Friedsam,Golubic v Friedsam,50,2016-06-07 09:57:43.718,1.65,2016-06-07 12:50:00,
1.125158052,11204424,Anna-Lena Friedsam,Golubic v Friedsam,60,2016-06-07 10:19:17.682,1.68,2016-06-07 12:50:00,
1.125158052,11204424,Anna-Lena Friedsam,Golubic v Friedsam,70,2016-06-07 11:04:19.392,1.65,2016-06-07 12:28:00,
1.125158052,11204424,Anna-Lena Friedsam,Golubic v Friedsam,80,2016-06-07 11:22:19.183,1.65,2016-06-07 12:28:00,
1.125158052,11204424,Anna-Lena Friedsam,Golubic v Friedsam,90,2016-06-07 12:01:13.633,1.69,2016-06-07 12:28:00,
1.125158052,11204424,Anna-Lena Friedsam,Golubic v Friedsam,100,2016-06-07 12:11:10.490,1.65,2016-06-07 12:28:00,
1.125158184,2263685,Dudi Sela,D Sela v D Novikov,0,2016-06-06 11:26:16.075,1.59,2016-06-07 12:00:00,
1.125158184,2263685,Dudi Sela,D Sela v D Novikov,10,2016-06-06 15:07:43.412,1.58,2016-06-07 12:00:00,
1.125158184,2263685,Dudi Sela,D Sela v D Novikov,20,2016-06-07 03:47:33.789,1.53,2016-06-07 15:00:00,
1.125158184,2263685,Dudi Sela,D Sela v D Novikov,30,2016-06-07 08:09:51.198,1.55,2016-06-07 15:00:00,
1.125158184,2263685,Dudi Sela,D Sela v D Novikov,40,2016-06-07 09:30:04.186,1.54,2016-06-07 14:53:00,
1.125158184,2263685,Dudi Sela,D Sela v D Novikov,50,2016-06-07 11:08:06.560,1.54,2016-06-07 14:09:00,
1.125158184,2263685,Dudi Sela,D Sela v D Novikov,60,2016-06-07 11:18:34.078,1.53,2016-06-07 14:09:00,
1.125158184,2263685,Dudi Sela,D Sela v D Novikov,70,2016-06-07 12:00:09.074,1.53,2016-06-07 13:58:00,
1.125158184,2263685,Dudi Sela,D Sela v D Novikov,80,2016-06-07 13:07:57.007,1.53,2016-06-07 13:58:00,
1.125158184,2263685,Dudi Sela,D Sela v D Novikov,90,2016-06-07 13:28:24.197,1.53,2016-06-07 13:58:00,
1.125158184,2263685,Dudi Sela,D Sela v D Novikov,100,2016-06-07 13:48:17.711,1.53,2016-06-07 13:58:00,
1.125158199,6440521,Richel Hogenkamp,Hozumi v Hogenkamp,0,2016-06-06 09:10:21.590,2.02,2016-06-07 12:00:00,
1.125158199,6440521,Richel Hogenkamp,Hozumi v Hogenkamp,10,2016-06-06 19:14:33.703,2.18,2016-06-07 09:00:00,
1.125158199,6440521,Richel Hogenkamp,Hozumi v Hogenkamp,20,2016-06-06 20:12:58.869,2.0,2016-06-07 09:00:00,
1.125158199,6440521,Richel Hogenkamp,Hozumi v Hogenkamp,30,2016-06-07 00:14:59.889,2.04,2016-06-07 09:00:00,
1.125158199,6440521,Richel Hogenkamp,Hozumi v Hogenkamp,40,2016-06-07 03:22:27.704,2.08,2016-06-07 09:00:00,
1.125158199,6440521,Richel Hogenkamp,Hozumi v Hogenkamp,50,2016-06-07 05:26:12.831,2.04,2016-06-07 09:00:00,
1.125158199,6440521,Richel Hogenkamp,Hozumi v Hogenkamp,60,2016-06-07 05:51:06.424,2.02,2016-06-07 09:00:00,
1.125158199,6440521,Richel Hogenkamp,Hozumi v Hogenkamp,70,2016-06-07 07:09:20.718,2.08,2016-06-07 09:00:00,
1.125158199,6440521,Richel Hogenkamp,Hozumi v Hogenkamp,80,2016-06-07 08:01:07.762,2.0,2016-06-07 09:00:00,
1.125158199,6440521,Richel Hogenkamp,Hozumi v Hogenkamp,90,2016-06-07 08:28:13.802,2.0,2016-06-07 09:00:00,
1.125158199,6440521,Richel Hogenkamp,Hozumi v Hogenkamp,100,2016-06-07 08:53:28.155,2.08,2016-06-07 09:00:00,
1.125158199,7657224,Eri Hozumi,Hozumi v Hogenkamp,0,2016-06-06 09:11:16.474,1.92,2016-06-07 12:00:00,
1.125158199,7657224,Eri Hozumi,Hozumi v Hogenkamp,10,2016-06-06 20:12:58.869,2.0,2016-06-07 09:00:00,
1.125158199,7657224,Eri Hozumi,Hozumi v Hogenkamp,20,2016-06-07 00:14:59.889,1.97,2016-06-07 09:00:00,
1.125158199,7657224,Eri Hozumi,Hozumi v Hogenkamp,30,2016-06-07 05:37:45.493,1.92,2016-06-07 09:00:00,
1.125158199,7657224,Eri Hozumi,Hozumi v Hogenkamp,40,2016-06-07 06:23:24.827,2.0,2016-06-07 09:00:00,
1.125158199,7657224,Eri Hozumi,Hozumi v Hogenkamp,50,2016-06-07 07:09:20.718,1.92,2016-06-07 09:00:00,
1.125158199,7657224,Eri Hozumi,Hozumi v Hogenkamp,60,2016-06-07 07:13:01.452,2.04,2016-06-07 09:00:00,
1.125158199,7657224,Eri Hozumi,Hozumi v Hogenkamp,70,2016-06-07 08:01:07.762,2.0,2016-06-07 09:00:00,
1.125158199,7657224,Eri Hozumi,Hozumi v Hogenkamp,80,2016-06-07 08:27:27.271,1.96,2016-06-07 09:00:00,
1.125158199,7657224,Eri Hozumi,Hozumi v Hogenkamp,90,2016-06-07 08:40:31.153,1.98,2016-06-07 09:00:00,
1.125158199,7657224,Eri Hozumi,Hozumi v Hogenkamp,100,2016-06-07 08:53:28.155,1.94,2016-06-07 09:00:00,
1.125158292,2264530,Kirsten Flipkens,R Ozaki v Flipkens,0,2016-06-06 04:01:32.602,1.43,2016-06-07 12:00:00,
1.125158292,2264530,Kirsten Flipkens,R Ozaki v Flipkens,10,2016-06-06 05:16:56.904,1.4,2016-06-07 12:00:00,
1.125158292,2264530,Kirsten Flipkens,R Ozaki v Flipkens,20,2016-06-06 07:33:06.724,1.38,2016-06-07 12:00:00,
1.125158292,2264530,Kirsten Flipkens,R Ozaki v Flipkens,30,2016-06-06 16:31:36.040,1.39,2016-06-07 13:00:00,
1.125158292,2264530,Kirsten Flipkens,R Ozaki v Flipkens,40,2016-06-06 20:25:40.264,1.37,2016-06-07 13:00:00,
1.125158292,2264530,Kirsten Flipkens,R Ozaki v Flipkens,50,2016-06-06 20:53:31.729,1.34,2016-06-07 13:00:00,
1.125158292,2264530,Kirsten Flipkens,R Ozaki v Flipkens,60,2016-06-07 08:04:36.450,1.37,2016-06-07 13:00:00,
1.125158292,2264530,Kirsten Flipkens,R Ozaki v Flipkens,70,2016-06-07 08:40:30.530,1.35,2016-06-07 13:00:00,
1.125158292,2264530,Kirsten Flipkens,R Ozaki v Flipkens,80,2016-06-07 09:28:27.406,1.37,2016-06-07 12:50:00,
1.125158292,2264530,Kirsten Flipkens,R Ozaki v Flipkens,90,2016-06-07 10:47:37.337,1.38,2016-06-07 12:36:00,
1.125158292,2264530,Kirsten Flipkens,R Ozaki v Flipkens,100,2016-06-07 12:23:35.737,1.36,2016-06-07 12:36:00,
1.125158903,8684410,Marko Tepavac,Tepavac v Massara,0,2016-06-06 19:12:15.174,1.2,2016-06-07 17:30:00,
1.125158903,8684410,Marko Tepavac,Tepavac v Massara,10,2016-06-07 13:09:00.207,1.18,2016-06-07 18:21:00,
1.125158903,8684410,Marko Tepavac,Tepavac v Massara,20,2016-06-07 16:07:10.869,1.19,2016-06-07 18:58:00,
1.125158903,8684410,Marko Tepavac,Tepavac v Massara,30,2016-06-07 16:21:06.502,1.2,2016-06-07 18:58:00,
1.125158903,8684410,Marko Tepavac,Tepavac v Massara,40,2016-06-07 16:57:19.211,1.25,2016-06-07 18:43:00,
1.125158903,8684410,Marko Tepavac,Tepavac v Massara,50,2016-06-07 17:17:20.890,1.21,2016-06-07 18:43:00,
1.125158903,8684410,Marko Tepavac,Tepavac v Massara,60,2016-06-07 17:28:20.670,1.25,2016-06-07 18:43:00,
1.125158903,8684410,Marko Tepavac,Tepavac v Massara,70,2016-06-07 17:39:47.855,1.22,2016-06-07 18:43:00,
1.125158903,8684410,Marko Tepavac,Tepavac v Massara,80,2016-06-07 17:44:15.167,1.23,2016-06-07 18:43:00,
1.125158903,8684410,Marko Tepavac,Tepavac v Massara,90,2016-06-07 18:08:20.991,1.22,2016-06-07 18:43:00,
1.125158903,8684410,Marko Tepavac,Tepavac v Massara,100,2016-06-07 18:16:11.909,1.23,2016-06-07 18:43:00,
1.125160181,7032040,Fabrice Martin,Fritz v F Martin,0,2016-06-06 17:25:40.549,3.75,2016-06-07 09:00:00,
1.125160181,7032040,Fabrice Martin,Fritz v F Martin,10,2016-06-06 17:26:38.397,3.7,2016-06-07 09:00:00,
1.125160181,7032040,Fabrice Martin,Fritz v F Martin,20,2016-06-06 17:54:07.734,4.2,2016-06-07 09:00:00,
1.125160181,7032040,Fabrice Martin,Fritz v F Martin,30,2016-06-06 22:35:45.002,4.1,2016-06-07 09:00:00,
1.125160181,7032040,Fabrice Martin,Fritz v F Martin,40,2016-06-07 01:51:29.134,4.1,2016-06-07 09:00:00,
1.125160181,7032040,Fabrice Martin,Fritz v F Martin,50,2016-06-07 06:19:35.194,3.95,2016-06-07 09:00:00,
1.125160181,7032040,Fabrice Martin,Fritz v F Martin,60,2016-06-07 07:36:34.221,3.9,2016-06-07 09:00:00,
1.125160181,7032040,Fabrice Martin,Fritz v F Martin,70,2016-06-07 07:50:40.329,3.9,2016-06-07 09:00:00,
1.125160181,7032040,Fabrice Martin,Fritz v F Martin,80,2016-06-07 08:09:35.629,3.95,2016-06-07 09:00:00,
1.125160181,7032040,Fabrice Martin,Fritz v F Martin,90,2016-06-07 08:31:36.060,3.85,2016-06-07 09:00:00,
1.125160181,7032040,Fabrice Martin,Fritz v F Martin,100,2016-06-07 08:47:32.628,4.0,2016-06-07 09:00:00,
1.125160181,10279360,Taylor Fritz,Fritz v F Martin,0,2016-06-06 17:51:39.210,1.36,2016-06-07 09:00:00,
1.125160181,10279360,Taylor Fritz,Fritz v F Martin,10,2016-06-06 21:52:33.833,1.32,2016-06-07 09:00:00,
1.125160181,10279360,Taylor Fritz,Fritz v F Martin,20,2016-06-06 23:15:30.379,1.35,2016-06-07 09:00:00,
1.125160181,10279360,Taylor Fritz,Fritz v F Martin,30,2016-06-07 00:49:46.318,1.32,2016-06-07 09:00:00,
1.125160181,10279360,Taylor Fritz,Fritz v F Martin,40,2016-06-07 02:35:23.315,1.32,2016-06-07 09:00:00,
1.125160181,10279360,Taylor Fritz,Fritz v F Martin,50,2016-06-07 05:47:09.093,1.32,2016-06-07 09:00:00,
1.125160181,10279360,Taylor Fritz,Fritz v F Martin,60,2016-06-07 07:10:44.315,1.34,2016-06-07 09:00:00,
1.125160181,10279360,Taylor Fritz,Fritz v F Martin,70,2016-06-07 07:40:31.229,1.35,2016-06-07 09:00:00,
1.125160181,10279360,Taylor Fritz,Fritz v F Martin,80,2016-06-07 08:05:39.380,1.34,2016-06-07 09:00:00,
1.125160181,10279360,Taylor Fritz,Fritz v F Martin,90,2016-06-07 08:22:35.728,1.35,2016-06-07 09:00:00,
1.125160181,10279360,Taylor Fritz,Fritz v F Martin,100,2016-06-07 08:46:31.663,1.33,2016-06-07 09:00:00,
1.125160188,2249332,Radek Stepanek,Istomin v Stepanek,0,2016-06-06 16:28:49.823,1.72,2016-06-07 09:00:00,
1.125160188,2249332,Radek Stepanek,Istomin v Stepanek,10,2016-06-06 18:54:37.560,1.63,2016-06-07 09:00:00,
1.125160188,2249332,Radek Stepanek,Istomin v Stepanek,20,2016-06-06 20:36:37.546,1.56,2016-06-07 09:00:00,
1.125160188,2249332,Radek Stepanek,Istomin v Stepanek,30,2016-06-06 22:01:29.771,1.52,2016-06-07 09:00:00,
1.125160188,2249332,Radek Stepanek,Istomin v Stepanek,40,2016-06-07 01:13:05.768,1.52,2016-06-07 09:00:00,
1.125160188,2249332,Radek Stepanek,Istomin v Stepanek,50,2016-06-07 04:46:38.581,1.52,2016-06-07 09:00:00,
1.125160188,2249332,Radek Stepanek,Istomin v Stepanek,60,2016-06-07 05:49:30.653,1.49,2016-06-07 09:00:00,
1.125160188,2249332,Radek Stepanek,Istomin v Stepanek,70,2016-06-07 06:24:44.818,1.48,2016-06-07 09:00:00,
1.125160188,2249332,Radek Stepanek,Istomin v Stepanek,80,2016-06-07 07:01:37.913,1.48,2016-06-07 09:00:00,
1.125160188,2249332,Radek Stepanek,Istomin v Stepanek,90,2016-06-07 08:10:38.036,1.49,2016-06-07 09:00:00,
1.125160188,2249332,Radek Stepanek,Istomin v Stepanek,100,2016-06-07 08:49:24.206,1.47,2016-06-07 09:00:00,
1.125160188,2765780,Denis Istomin,Istomin v Stepanek,0,2016-06-06 18:32:38.152,2.54,2016-06-07 09:00:00,
1.125160188,2765780,Denis Istomin,Istomin v Stepanek,10,2016-06-06 19:31:36.722,2.66,2016-06-07 09:00:00,
1.125160188,2765780,Denis Istomin,Istomin v Stepanek,20,2016-06-06 21:07:28.066,2.92,2016-06-07 09:00:00,
1.125160188,2765780,Denis Istomin,Istomin v Stepanek,30,2016-06-07 02:58:07.428,2.88,2016-06-07 09:00:00,
1.125160188,2765780,Denis Istomin,Istomin v Stepanek,40,2016-06-07 05:27:30.123,3.0,2016-06-07 09:00:00,
1.125160188,2765780,Denis Istomin,Istomin v Stepanek,50,2016-06-07 06:22:34.974,3.0,2016-06-07 09:00:00,
1.125160188,2765780,Denis Istomin,Istomin v Stepanek,60,2016-06-07 06:44:26.901,3.05,2016-06-07 09:00:00,
1.125160188,2765780,Denis Istomin,Istomin v Stepanek,70,2016-06-07 07:51:17.736,3.15,2016-06-07 09:00:00,
1.125160188,2765780,Denis Istomin,Istomin v Stepanek,80,2016-06-07 08:06:06.348,3.05,2016-06-07 09:00:00,
1.125160188,2765780,Denis Istomin,Istomin v Stepanek,90,2016-06-07 08:22:26.160,3.0,2016-06-07 09:00:00,
1.125160188,2765780,Denis Istomin,Istomin v Stepanek,100,2016-06-07 08:48:21.177,3.05,2016-06-07 09:00:00,
1.125160289,2284304,Sergiy Stakhovsky,Choinski v Stakhovsky,0,2016-06-06 18:41:31.804,1.09,2016-06-07 15:00:00,
1.125160289,2284304,Sergiy Stakhovsky,Choinski v Stakhovsky,10,2016-06-07 02:52:18.279,1.1,2016-06-07 15:00:00,
1.125160289,2284304,Sergiy Stakhovsky,Choinski v Stakhovsky,20,2016-06-07 06:17:03.902,1.1,2016-06-07 15:00:00,
1.125160289,2284304,Sergiy Stakhovsky,Choinski v Stakhovsky,30,2016-06-07 07:24:38.073,1.08,2016-06-07 15:00:00,
1.125160289,2284304,Sergiy Stakhovsky,Choinski v Stakhovsky,40,2016-06-07 08:25:48.463,1.09,2016-06-07 15:00:00,
1.125160289,2284304,Sergiy Stakhovsky,Choinski v Stakhovsky,50,2016-06-07 09:49:52.007,1.09,2016-06-07 14:49:00,
1.125160289,2284304,Sergiy Stakhovsky,Choinski v Stakhovsky,60,2016-06-07 12:33:51.177,1.09,2016-06-07 14:46:00,
1.125160289,2284304,Sergiy Stakhovsky,Choinski v Stakhovsky,70,2016-06-07 13:11:42.760,1.08,2016-06-07 15:26:00,
1.125160289,2284304,Sergiy Stakhovsky,Choinski v Stakhovsky,80,2016-06-07 14:51:09.354,1.08,2016-06-07 15:11:00,
1.125160289,2284304,Sergiy Stakhovsky,Choinski v Stakhovsky,90,2016-06-07 15:10:50.763,1.08,2016-06-07 15:26:00,
1.125160289,2284304,Sergiy Stakhovsky,Choinski v Stakhovsky,100,2016-06-07 16:28:25.727,1.07,2016-06-07 16:41:00,
1.125160289,8679715,Jan Choinski,Choinski v Stakhovsky,0,2016-06-07 06:17:03.902,10.5,2016-06-07 15:00:00,
1.125160289,8679715,Jan Choinski,Choinski v Stakhovsky,10,2016-06-07 06:35:47.411,12.5,2016-06-07 15:00:00,
1.125160289,8679715,Jan Choinski,Choinski v Stakhovsky,20,2016-06-07 08:10:21.013,12.0,2016-06-07 15:00:00,
1.125160289,8679715,Jan Choinski,Choinski v Stakhovsky,30,2016-06-07 10:34:51.117,12.0,2016-06-07 14:49:00,
1.125160289,8679715,Jan Choinski,Choinski v Stakhovsky,40,2016-06-07 11:52:37.003,12.5,2016-06-07 14:46:00,
1.125160289,8679715,Jan Choinski,Choinski v Stakhovsky,50,2016-06-07 13:27:13.143,13.5,2016-06-07 15:11:00,
1.125160289,8679715,Jan Choinski,Choinski v Stakhovsky,60,2016-06-07 13:41:51.064,13.0,2016-06-07 15:11:00,
1.125160289,8679715,Jan Choinski,Choinski v Stakhovsky,70,2016-06-07 13:56:38.638,12.5,2016-06-07 15:11:00,
1.125160289,8679715,Jan Choinski,Choinski v Stakhovsky,80,2016-06-07 14:25:47.988,12.5,2016-06-07 15:11:00,
1.125160289,8679715,Jan Choinski,Choinski v Stakhovsky,90,2016-06-07 15:02:36.498,12.0,2016-06-07 15:11:00,
1.125160289,8679715,Jan Choinski,Choinski v Stakhovsky,100,2016-06-07 16:27:48.572,13.5,2016-06-07 16:41:00,
1.125160304,2249400,Florian Mayer,F Mayer v Troicki,0,2016-06-06 19:21:54.757,2.86,2016-06-07 09:00:00,
1.125160304,2249400,Florian Mayer,F Mayer v Troicki,10,2016-06-06 22:53:25.031,3.05,2016-06-07 09:00:00,
1.125160304,2249400,Florian Mayer,F Mayer v Troicki,20,2016-06-07 01:44:29.328,2.84,2016-06-07 09:00:00,
1.125160304,2249400,Florian Mayer,F Mayer v Troicki,30,2016-06-07 04:32:49.247,2.88,2016-06-07 09:00:00,
1.125160304,2249400,Florian Mayer,F Mayer v Troicki,40,2016-06-07 05:12:16.780,2.92,2016-06-07 09:00:00,
1.125160304,2249400,Florian Mayer,F Mayer v Troicki,50,2016-06-07 06:36:49.134,2.96,2016-06-07 09:00:00,
1.125160304,2249400,Florian Mayer,F Mayer v Troicki,60,2016-06-07 06:55:53.137,3.0,2016-06-07 09:00:00,
1.125160304,2249400,Florian Mayer,F Mayer v Troicki,70,2016-06-07 07:24:32.825,3.05,2016-06-07 09:00:00,
1.125160304,2249400,Florian Mayer,F Mayer v Troicki,80,2016-06-07 08:11:53.554,3.0,2016-06-07 09:00:00,
1.125160304,2249400,Florian Mayer,F Mayer v Troicki,90,2016-06-07 08:27:55.433,2.98,2016-06-07 09:00:00,
1.125160304,2249400,Florian Mayer,F Mayer v Troicki,100,2016-06-07 08:47:51.405,3.1,2016-06-07 09:00:00,
1.125160304,2263624,Viktor Troicki,F Mayer v Troicki,0,2016-06-06 16:16:13.618,1.53,2016-06-07 09:00:00,
1.125160304,2263624,Viktor Troicki,F Mayer v Troicki,10,2016-06-06 21:06:40.613,1.52,2016-06-07 09:00:00,
1.125160304,2263624,Viktor Troicki,F Mayer v Troicki,20,2016-06-06 22:46:08.482,1.46,2016-06-07 09:00:00,
1.125160304,2263624,Viktor Troicki,F Mayer v Troicki,30,2016-06-07 01:57:34.046,1.53,2016-06-07 09:00:00,
1.125160304,2263624,Viktor Troicki,F Mayer v Troicki,40,2016-06-07 03:48:39.061,1.54,2016-06-07 09:00:00,
1.125160304,2263624,Viktor Troicki,F Mayer v Troicki,50,2016-06-07 06:27:48.056,1.51,2016-06-07 09:00:00,
1.125160304,2263624,Viktor Troicki,F Mayer v Troicki,60,2016-06-07 06:55:53.137,1.5,2016-06-07 09:00:00,
1.125160304,2263624,Viktor Troicki,F Mayer v Troicki,70,2016-06-07 07:23:53.839,1.49,2016-06-07 09:00:00,
1.125160304,2263624,Viktor Troicki,F Mayer v Troicki,80,2016-06-07 07:42:55.462,1.48,2016-06-07 09:00:00,
1.125160304,2263624,Viktor Troicki,F Mayer v Troicki,90,2016-06-07 08:14:43.821,1.49,2016-06-07 09:00:00,
1.125160304,2263624,Viktor Troicki,F Mayer v Troicki,100,2016-06-07 08:47:51.405,1.47,2016-06-07 09:00:00,
1.125160637,2257317,Nicolas Mahut,Mahut v P Mathieu,0,2016-06-06 18:30:29.518,1.4,2016-06-07 12:00:00,
1.125160637,2257317,Nicolas Mahut,Mahut v P Mathieu,10,2016-06-07 17:25:22.767,1.43,2016-06-08 09:00:00,
1.125160637,2257317,Nicolas Mahut,Mahut v P Mathieu,20,2016-06-07 21:19:40.187,1.37,2016-06-08 09:00:00,
1.125160637,2257317,Nicolas Mahut,Mahut v P Mathieu,30,2016-06-07 23:51:11.885,1.32,2016-06-08 09:00:00,
1.125160637,2257317,Nicolas Mahut,Mahut v P Mathieu,40,2016-06-08 03:03:49.392,1.34,2016-06-08 09:00:00,
1.125160637,2257317,Nicolas Mahut,Mahut v P Mathieu,50,2016-06-08 05:41:30.143,1.33,2016-06-08 09:00:00,
1.125160637,2257317,Nicolas Mahut,Mahut v P Mathieu,60,2016-06-08 06:08:27.837,1.32,2016-06-08 09:00:00,
1.125160637,2257317,Nicolas Mahut,Mahut v P Mathieu,70,2016-06-08 06:52:54.838,1.31,2016-06-08 09:00:00,
1.125160637,2257317,Nicolas Mahut,Mahut v P Mathieu,80,2016-06-08 07:29:18.180,1.3,2016-06-08 09:00:00,
1.125160637,2257317,Nicolas Mahut,Mahut v P Mathieu,90,2016-06-08 08:07:20.939,1.31,2016-06-08 09:00:00,
1.125160637,2257317,Nicolas Mahut,Mahut v P Mathieu,100,2016-06-08 08:47:29.058,1.31,2016-06-08 09:00:00,
1.125160637,11204430,Paul-Henri Mathieu,Mahut v P Mathieu,0,2016-06-06 21:11:26.264,3.3,2016-06-07 12:00:00,
1.125160637,11204430,Paul-Henri Mathieu,Mahut v P Mathieu,10,2016-06-07 21:50:04.629,3.65,2016-06-08 09:00:00,
1.125160637,11204430,Paul-Henri Mathieu,Mahut v P Mathieu,20,2016-06-07 23:53:17.611,3.8,2016-06-08 09:00:00,
1.125160637,11204430,Paul-Henri Mathieu,Mahut v P Mathieu,30,2016-06-08 02:39:28.460,3.9,2016-06-08 09:00:00,
1.125160637,11204430,Paul-Henri Mathieu,Mahut v P Mathieu,40,2016-06-08 04:37:25.470,3.9,2016-06-08 09:00:00,
1.125160637,11204430,Paul-Henri Mathieu,Mahut v P Mathieu,50,2016-06-08 05:30:19.065,4.0,2016-06-08 09:00:00,
1.125160637,11204430,Paul-Henri Mathieu,Mahut v P Mathieu,60,2016-06-08 06:24:26.164,4.0,2016-06-08 09:00:00,
1.125160637,11204430,Paul-Henri Mathieu,Mahut v P Mathieu,70,2016-06-08 07:28:21.665,4.2,2016-06-08 09:00:00,
1.125160637,11204430,Paul-Henri Mathieu,Mahut v P Mathieu,80,2016-06-08 08:00:24.907,4.2,2016-06-08 09:00:00,
1.125160637,11204430,Paul-Henri Mathieu,Mahut v P Mathieu,90,2016-06-08 08:43:28.382,4.2,2016-06-08 09:00:00,
1.125160637,11204430,Paul-Henri Mathieu,Mahut v P Mathieu,100,2016-06-08 08:49:29.970,4.3,2016-06-08 09:00:00,
1.125165711,5720747,Dominic Thiem,D Thiem v Groth,0,2016-06-06 16:35:39.469,1.46,2016-06-07 12:00:00,
1.125165711,5720747,Dominic Thiem,D Thiem v Groth,10,2016-06-07 08:52:32.245,1.52,2016-06-08 12:00:00,
1.125165711,5720747,Dominic Thiem,D Thiem v Groth,20,2016-06-07 18:41:29.267,1.5,2016-06-08 12:00:00,
1.125165711,5720747,Dominic Thiem,D Thiem v Groth,30,2016-06-08 06:19:33.394,1.48,2016-06-09 12:00:00,
1.125165711,5720747,Dominic Thiem,D Thiem v Groth,40,2016-06-08 13:28:00.300,1.46,2016-06-09 12:00:00,
1.125165711,5720747,Dominic Thiem,D Thiem v Groth,50,2016-06-08 18:07:20.579,1.46,2016-06-09 09:00:00,
1.125165711,5720747,Dominic Thiem,D Thiem v Groth,60,2016-06-08 22:26:24.306,1.5,2016-06-09 09:00:00,
1.125165711,5720747,Dominic Thiem,D Thiem v Groth,70,2016-06-09 03:18:13.176,1.46,2016-06-09 09:00:00,
1.125165711,5720747,Dominic Thiem,D Thiem v Groth,80,2016-06-09 05:58:56.440,1.46,2016-06-09 09:00:00,
1.125165711,5720747,Dominic Thiem,D Thiem v Groth,90,2016-06-09 08:09:21.733,1.48,2016-06-09 09:00:00,
1.125165711,5720747,Dominic Thiem,D Thiem v Groth,100,2016-06-09 08:59:32.753,1.52,2016-06-09 09:00:00,
1.125165711,8639819,Sam Groth,D Thiem v Groth,0,2016-06-06 16:19:39.592,3.1,2016-06-07 12:00:00,
1.125165711,8639819,Sam Groth,D Thiem v Groth,10,2016-06-06 23:42:39.432,2.94,2016-06-07 12:00:00,
1.125165711,8639819,Sam Groth,D Thiem v Groth,20,2016-06-07 16:18:56.562,2.8,2016-06-08 12:00:00,
1.125165711,8639819,Sam Groth,D Thiem v Groth,30,2016-06-07 18:58:26.622,2.98,2016-06-08 12:00:00,
1.125165711,8639819,Sam Groth,D Thiem v Groth,40,2016-06-08 08:05:27.577,3.05,2016-06-09 12:00:00,
1.125165711,8639819,Sam Groth,D Thiem v Groth,50,2016-06-08 21:33:50.529,3.05,2016-06-09 09:00:00,
1.125165711,8639819,Sam Groth,D Thiem v Groth,60,2016-06-09 03:13:39.464,2.98,2016-06-09 09:00:00,
1.125165711,8639819,Sam Groth,D Thiem v Groth,70,2016-06-09 06:06:32.606,3.1,2016-06-09 09:00:00,
1.125165711,8639819,Sam Groth,D Thiem v Groth,80,2016-06-09 07:45:36.976,3.1,2016-06-09 09:00:00,
1.125165711,8639819,Sam Groth,D Thiem v Groth,90,2016-06-09 08:37:36.502,3.05,2016-06-09 09:00:00,
1.125165711,8639819,Sam Groth,D Thiem v Groth,100,2016-06-09 08:58:36.911,2.86,2016-06-09 09:00:00,
1.125166029,6079501,Ashleigh Barty,Barty v S Peng,0,2016-06-06 18:39:50.824,1.44,2016-06-07 10:00:00,
1.125166029,6079501,Ashleigh Barty,Barty v S Peng,10,2016-06-06 21:41:21.640,1.37,2016-06-07 10:00:00,
1.125166029,6079501,Ashleigh Barty,Barty v S Peng,20,2016-06-06 23:58:54.117,1.36,2016-06-07 10:00:00,
1.125166029,6079501,Ashleigh Barty,Barty v S Peng,30,2016-06-07 04:41:51.771,1.35,2016-06-07 10:00:00,
1.125166029,6079501,Ashleigh Barty,Barty v S Peng,40,2016-06-07 07:08:05.951,1.34,2016-06-07 10:00:00,
1.125166029,6079501,Ashleigh Barty,Barty v S Peng,50,2016-06-07 08:35:45.079,1.32,2016-06-07 10:00:00,
1.125166029,6079501,Ashleigh Barty,Barty v S Peng,60,2016-06-07 08:40:31.628,1.28,2016-06-07 10:00:00,
1.125166029,6079501,Ashleigh Barty,Barty v S Peng,70,2016-06-07 08:58:39.111,1.33,2016-06-07 10:00:00,
1.125166029,6079501,Ashleigh Barty,Barty v S Peng,80,2016-06-07 09:12:49.050,1.32,2016-06-07 10:00:00,
1.125166029,6079501,Ashleigh Barty,Barty v S Peng,90,2016-06-07 09:33:22.865,1.32,2016-06-07 10:00:00,
1.125166029,6079501,Ashleigh Barty,Barty v S Peng,100,2016-06-07 09:49:57.278,1.29,2016-06-07 10:00:00,
1.125166044,2263715,Tamira Paszek,Paszek v Nara,0,2016-06-07 01:44:45.127,1.62,2016-06-07 14:00:00,
1.125166044,2263715,Tamira Paszek,Paszek v Nara,10,2016-06-07 05:37:42.013,1.61,2016-06-07 14:00:00,
1.125166044,2263715,Tamira Paszek,Paszek v Nara,20,2016-06-07 08:18:32.585,1.62,2016-06-07 14:00:00,
1.125166044,2263715,Tamira Paszek,Paszek v Nara,30,2016-06-07 10:09:59.175,1.61,2016-06-07 13:49:00,
1.125166044,2263715,Tamira Paszek,Paszek v Nara,40,2016-06-07 11:23:35.127,1.58,2016-06-07 13:49:00,
1.125166044,2263715,Tamira Paszek,Paszek v Nara,50,2016-06-07 12:21:37.131,1.62,2016-06-07 13:31:00,
1.125166044,2263715,Tamira Paszek,Paszek v Nara,60,2016-06-07 12:31:56.626,1.58,2016-06-07 13:31:00,
1.125166044,2263715,Tamira Paszek,Paszek v Nara,70,2016-06-07 13:05:31.994,1.61,2016-06-07 13:31:00,
1.125166044,2263715,Tamira Paszek,Paszek v Nara,80,2016-06-07 13:06:54.374,1.62,2016-06-07 13:31:00,
1.125166044,2263715,Tamira Paszek,Paszek v Nara,90,2016-06-07 13:19:45.744,1.58,2016-06-07 13:31:00,
1.125166044,2263715,Tamira Paszek,Paszek v Nara,100,2016-06-07 13:30:55.095,1.59,2016-06-07 13:46:00,
1.125166137,4822914,Tara Moore,T Moore v Vekic,0,2016-06-06 19:11:56.839,2.2,2016-06-07 10:00:00,
1.125166137,4822914,Tara Moore,T Moore v Vekic,10,2016-06-06 19:28:09.310,2.22,2016-06-07 10:00:00,
1.125166137,4822914,Tara Moore,T Moore v Vekic,20,2016-06-06 23:34:07.606,2.24,2016-06-07 10:00:00,
1.125166137,4822914,Tara Moore,T Moore v Vekic,30,2016-06-07 00:36:08.805,1.99,2016-06-07 10:00:00,
1.125166137,4822914,Tara Moore,T Moore v Vekic,40,2016-06-07 06:38:30.544,2.14,2016-06-07 10:00:00,
1.125166137,4822914,Tara Moore,T Moore v Vekic,50,2016-06-07 07:48:15.576,2.04,2016-06-07 10:00:00,
1.125166137,4822914,Tara Moore,T Moore v Vekic,60,2016-06-07 08:19:03.172,2.04,2016-06-07 10:00:00,
1.125166137,4822914,Tara Moore,T Moore v Vekic,70,2016-06-07 09:10:07.713,2.04,2016-06-07 10:00:00,
1.125166137,4822914,Tara Moore,T Moore v Vekic,80,2016-06-07 09:22:01.755,2.02,2016-06-07 10:00:00,
1.125166137,4822914,Tara Moore,T Moore v Vekic,90,2016-06-07 09:33:44.226,2.04,2016-06-07 10:00:00,
1.125166137,4822914,Tara Moore,T Moore v Vekic,100,2016-06-07 09:46:05.067,2.16,2016-06-07 10:00:00,
1.125166137,6603944,Donna Vekic,T Moore v Vekic,0,2016-06-06 19:14:46.396,2.04,2016-06-07 10:00:00,
1.125166137,6603944,Donna Vekic,T Moore v Vekic,10,2016-06-06 19:33:10.100,1.75,2016-06-07 10:00:00,
1.125166137,6603944,Donna Vekic,T Moore v Vekic,20,2016-06-06 23:05:48.290,1.7,2016-06-07 10:00:00,
1.125166137,6603944,Donna Vekic,T Moore v Vekic,30,2016-06-06 23:36:10.197,1.83,2016-06-07 10:00:00,
1.125166137,6603944,Donna Vekic,T Moore v Vekic,40,2016-06-07 00:36:08.805,2.0,2016-06-07 10:00:00,
1.125166137,6603944,Donna Vekic,T Moore v Vekic,50,2016-06-07 07:08:34.611,1.86,2016-06-07 10:00:00,
1.125166137,6603944,Donna Vekic,T Moore v Vekic,60,2016-06-07 07:44:50.550,1.96,2016-06-07 10:00:00,
1.125166137,6603944,Donna Vekic,T Moore v Vekic,70,2016-06-07 08:31:01.779,1.97,2016-06-07 10:00:00,
1.125166137,6603944,Donna Vekic,T Moore v Vekic,80,2016-06-07 09:10:07.713,1.97,2016-06-07 10:00:00,
1.125166137,6603944,Donna Vekic,T Moore v Vekic,90,2016-06-07 09:36:07.954,2.02,2016-06-07 10:00:00,
1.125166137,6603944,Donna Vekic,T Moore v Vekic,100,2016-06-07 09:46:05.067,1.86,2016-06-07 10:00:00,
1.125166152,5374368,Monica Puig,Puig v K Zhang,0,2016-06-06 20:28:43.858,1.39,2016-06-07 14:00:00,
1.125166152,5374368,Monica Puig,Puig v K Zhang,10,2016-06-06 23:10:34.865,1.41,2016-06-07 14:00:00,
1.125166152,5374368,Monica Puig,Puig v K Zhang,20,2016-06-07 01:27:07.311,1.39,2016-06-07 14:00:00,
1.125166152,5374368,Monica Puig,Puig v K Zhang,30,2016-06-07 01:28:13.164,1.38,2016-06-07 14:00:00,
1.125166152,5374368,Monica Puig,Puig v K Zhang,40,2016-06-07 01:44:08.441,1.35,2016-06-07 14:00:00,
1.125166152,5374368,Monica Puig,Puig v K Zhang,50,2016-06-07 05:34:07.610,1.32,2016-06-07 14:00:00,
1.125166152,5374368,Monica Puig,Puig v K Zhang,60,2016-06-07 07:59:56.418,1.33,2016-06-07 14:00:00,
1.125166152,5374368,Monica Puig,Puig v K Zhang,70,2016-06-07 08:19:58.107,1.35,2016-06-07 14:00:00,
1.125166152,5374368,Monica Puig,Puig v K Zhang,80,2016-06-07 11:21:54.486,1.34,2016-06-07 13:49:00,
1.125166152,5374368,Monica Puig,Puig v K Zhang,90,2016-06-07 12:00:03.654,1.33,2016-06-07 13:21:00,
1.125166152,5374368,Monica Puig,Puig v K Zhang,100,2016-06-07 12:09:59.357,1.33,2016-06-07 13:21:00,
1.125166257,5626816,Liam Broady,L Broady v Saville,0,2016-06-07 20:38:15.694,2.36,2016-06-08 10:00:00,
1.125166257,5626816,Liam Broady,L Broady v Saville,10,2016-06-08 04:26:53.239,2.66,2016-06-08 10:00:00,
1.125166257,5626816,Liam Broady,L Broady v Saville,20,2016-06-08 06:59:55.269,2.44,2016-06-08 10:00:00,
1.125166257,5626816,Liam Broady,L Broady v Saville,30,2016-06-08 08:00:03.107,2.5,2016-06-08 10:00:00,
1.125166257,5626816,Liam Broady,L Broady v Saville,40,2016-06-08 08:01:18.122,2.46,2016-06-08 10:00:00,
1.125166257,5626816,Liam Broady,L Broady v Saville,50,2016-06-08 08:47:12.919,2.68,2016-06-08 10:00:00,
1.125166257,5626816,Liam Broady,L Broady v Saville,60,2016-06-08 08:48:06.358,2.48,2016-06-08 10:00:00,
1.125166257,5626816,Liam Broady,L Broady v Saville,70,2016-06-08 08:54:08.982,2.24,2016-06-08 10:00:00,
1.125166257,5626816,Liam Broady,L Broady v Saville,80,2016-06-08 09:11:36.479,2.2,2016-06-08 10:00:00,
1.125166257,5626816,Liam Broady,L Broady v Saville,90,2016-06-08 09:21:09.775,2.64,2016-06-08 10:00:00,
1.125166257,5626816,Liam Broady,L Broady v Saville,100,2016-06-08 09:28:16.325,2.34,2016-06-08 10:00:00,
1.125166257,6965426,Luke Saville,L Broady v Saville,0,2016-06-07 16:12:07.286,1.66,2016-06-08 12:00:00,
1.125166257,6965426,Luke Saville,L Broady v Saville,10,2016-06-08 06:54:03.597,1.6,2016-06-08 10:00:00,
1.125166257,6965426,Luke Saville,L Broady v Saville,20,2016-06-08 06:59:55.269,1.69,2016-06-08 10:00:00,
1.125166257,6965426,Luke Saville,L Broady v Saville,30,2016-06-08 08:00:03.107,1.66,2016-06-08 10:00:00,
1.125166257,6965426,Luke Saville,L Broady v Saville,40,2016-06-08 08:06:20.487,1.6,2016-06-08 10:00:00,
1.125166257,6965426,Luke Saville,L Broady v Saville,50,2016-06-08 08:27:12.826,1.59,2016-06-08 10:00:00,
1.125166257,6965426,Luke Saville,L Broady v Saville,60,2016-06-08 08:47:12.919,1.67,2016-06-08 10:00:00,
1.125166257,6965426,Luke Saville,L Broady v Saville,70,2016-06-08 08:54:08.982,1.73,2016-06-08 10:00:00,
1.125166257,6965426,Luke Saville,L Broady v Saville,80,2016-06-08 08:54:54.946,1.76,2016-06-08 10:00:00,
1.125166257,6965426,Luke Saville,L Broady v Saville,90,2016-06-08 09:21:09.775,1.62,2016-06-08 10:00:00,
1.125166257,6965426,Luke Saville,L Broady v Saville,100,2016-06-08 09:37:50.766,1.82,2016-06-08 10:00:00,
1.125166373,2311979,Anna Tatishvili,Ka Pliskova v Tatishvili,0,2016-06-06 23:09:10.605,5.1,2016-06-07 12:00:00,
1.125166373,2311979,Anna Tatishvili,Ka Pliskova v Tatishvili,10,2016-06-07 12:00:20.910,5.8,2016-06-08 12:00:00,
1.125166373,2311979,Anna Tatishvili,Ka Pliskova v Tatishvili,20,2016-06-07 20:54:54.057,5.3,2016-06-08 13:00:00,
1.125166373,2311979,Anna Tatishvili,Ka Pliskova v Tatishvili,30,2016-06-08 05:42:33.755,5.3,2016-06-08 13:00:00,
1.125166373,2311979,Anna Tatishvili,Ka Pliskova v Tatishvili,40,2016-06-08 07:49:57.702,5.4,2016-06-08 13:00:00,
1.125166373,2311979,Anna Tatishvili,Ka Pliskova v Tatishvili,50,2016-06-08 08:19:59.865,6.2,2016-06-08 13:00:00,
1.125166373,2311979,Anna Tatishvili,Ka Pliskova v Tatishvili,60,2016-06-08 09:19:56.325,5.6,2016-06-08 13:00:00,
1.125166373,2311979,Anna Tatishvili,Ka Pliskova v Tatishvili,70,2016-06-08 10:33:51.847,5.5,2016-06-08 13:00:00,
1.125166373,2311979,Anna Tatishvili,Ka Pliskova v Tatishvili,80,2016-06-08 11:42:45.577,5.6,2016-06-08 12:49:00,
1.125166373,2311979,Anna Tatishvili,Ka Pliskova v Tatishvili,90,2016-06-08 11:53:55.604,6.0,2016-06-08 12:49:00,
1.125166373,2311979,Anna Tatishvili,Ka Pliskova v Tatishvili,100,2016-06-08 12:13:53.760,5.7,2016-06-08 12:14:00,
1.125166373,6199453,Karolina Pliskova,Ka Pliskova v Tatishvili,0,2016-06-06 21:20:48.487,1.24,2016-06-07 12:00:00,
1.125166373,6199453,Karolina Pliskova,Ka Pliskova v Tatishvili,10,2016-06-07 05:47:50.744,1.24,2016-06-08 12:00:00,
1.125166373,6199453,Karolina Pliskova,Ka Pliskova v Tatishvili,20,2016-06-07 13:43:49.559,1.2,2016-06-08 12:00:00,
1.125166373,6199453,Karolina Pliskova,Ka Pliskova v Tatishvili,30,2016-06-07 21:39:31.161,1.23,2016-06-08 13:00:00,
1.125166373,6199453,Karolina Pliskova,Ka Pliskova v Tatishvili,40,2016-06-08 04:26:46.287,1.22,2016-06-08 13:00:00,
1.125166373,6199453,Karolina Pliskova,Ka Pliskova v Tatishvili,50,2016-06-08 07:13:37.669,1.22,2016-06-08 13:00:00,
1.125166373,6199453,Karolina Pliskova,Ka Pliskova v Tatishvili,60,2016-06-08 08:03:09.386,1.21,2016-06-08 13:00:00,
1.125166373,6199453,Karolina Pliskova,Ka Pliskova v Tatishvili,70,2016-06-08 08:26:55.719,1.2,2016-06-08 13:00:00,
1.125166373,6199453,Karolina Pliskova,Ka Pliskova v Tatishvili,80,2016-06-08 10:03:35.641,1.22,2016-06-08 13:00:00,
1.125166373,6199453,Karolina Pliskova,Ka Pliskova v Tatishvili,90,2016-06-08 11:42:45.577,1.21,2016-06-08 12:49:00,
1.125166373,6199453,Karolina Pliskova,Ka Pliskova v Tatishvili,100,2016-06-08 12:11:56.487,1.2,2016-06-08 12:14:00,
1.125166427,3588868,Bernard Tomic,Al Bedene v B Tomic,0,2016-06-06 19:15:09.398,1.39,2016-06-07 12:00:00,
1.125166427,3588868,Bernard Tomic,Al Bedene v B Tomic,10,2016-06-07 19:30:08.643,1.39,2016-06-08 10:30:00,
1.125166427,3588868,Bernard Tomic,Al Bedene v B Tomic,20,2016-06-08 02:46:05.941,1.38,2016-06-08 10:30:00,
1.125166427,3588868,Bernard Tomic,Al Bedene v B Tomic,30,2016-06-08 06:03:58.173,1.4,2016-06-08 10:30:00,
1.125166427,3588868,Bernard Tomic,Al Bedene v B Tomic,40,2016-06-08 07:38:10.029,1.41,2016-06-08 10:30:00,
1.125166427,3588868,Bernard Tomic,Al Bedene v B Tomic,50,2016-06-08 08:36:17.987,1.42,2016-06-08 10:30:00,
1.125166427,3588868,Bernard Tomic,Al Bedene v B Tomic,60,2016-06-08 09:22:11.441,1.4,2016-06-08 10:30:00,
1.125166427,3588868,Bernard Tomic,Al Bedene v B Tomic,70,2016-06-08 10:05:07.368,1.43,2016-06-08 10:30:00,
1.125166427,3588868,Bernard Tomic,Al Bedene v B Tomic,80,2016-06-08 10:40:58.140,1.45,2016-06-08 10:45:00,
1.125166427,3588868,Bernard Tomic,Al Bedene v B Tomic,90,2016-06-08 11:06:17.411,1.45,2016-06-08 11:15:00,
1.125166427,3588868,Bernard Tomic,Al Bedene v B Tomic,100,2016-06-08 11:34:14.373,1.42,2016-06-08 11:45:00,
1.125166427,5706996,Aljaz Bedene,Al Bedene v B Tomic,0,2016-06-06 23:31:54.701,3.55,2016-06-07 12:00:00,
1.125166427,5706996,Aljaz Bedene,Al Bedene v B Tomic,10,2016-06-07 20:11:28.831,3.4,2016-06-08 10:30:00,
1.125166427,5706996,Aljaz Bedene,Al Bedene v B Tomic,20,2016-06-07 23:09:53.463,3.6,2016-06-08 10:30:00,
1.125166427,5706996,Aljaz Bedene,Al Bedene v B Tomic,30,2016-06-08 04:50:53.026,3.45,2016-06-08 10:30:00,
1.125166427,5706996,Aljaz Bedene,Al Bedene v B Tomic,40,2016-06-08 06:43:17.660,3.4,2016-06-08 10:30:00,
1.125166427,5706996,Aljaz Bedene,Al Bedene v B Tomic,50,2016-06-08 08:35:15.054,3.35,2016-06-08 10:30:00,
1.125166427,5706996,Aljaz Bedene,Al Bedene v B Tomic,60,2016-06-08 09:13:38.990,3.5,2016-06-08 10:30:00,
1.125166427,5706996,Aljaz Bedene,Al Bedene v B Tomic,70,2016-06-08 09:43:09.474,3.25,2016-06-08 10:30:00,
1.125166427,5706996,Aljaz Bedene,Al Bedene v B Tomic,80,2016-06-08 10:28:01.097,3.3,2016-06-08 10:30:00,
1.125166427,5706996,Aljaz Bedene,Al Bedene v B Tomic,90,2016-06-08 10:56:14.025,3.25,2016-06-08 11:00:00,
1.125166427,5706996,Aljaz Bedene,Al Bedene v B Tomic,100,2016-06-08 11:29:16.341,3.4,2016-06-08 11:30:00,
1.125166892,2481589,Steve Darcis,Samper-Montana v Darcis,0,2016-06-07 21:09:40.005,1.38,2016-06-08 13:00:00,
1.125166892,2481589,Steve Darcis,Samper-Montana v Darcis,10,2016-06-08 04:25:06.469,1.28,2016-06-08 13:00:00,
1.125166892,2481589,Steve Darcis,Samper-Montana v Darcis,20,2016-06-08 08:46:40.649,1.37,2016-06-08 13:00:00,
1.125166892,2481589,Steve Darcis,Samper-Montana v Darcis,30,2016-06-08 09:29:36.599,1.33,2016-06-08 13:02:00,
1.125166892,2481589,Steve Darcis,Samper-Montana v Darcis,40,2016-06-08 09:30:21.668,1.34,2016-06-08 13:02:00,
1.125166892,2481589,Steve Darcis,Samper-Montana v Darcis,50,2016-06-08 12:15:40.864,1.35,2016-06-08 14:28:00,
1.125166892,2481589,Steve Darcis,Samper-Montana v Darcis,60,2016-06-08 12:17:22.845,1.34,2016-06-08 14:28:00,
1.125166892,2481589,Steve Darcis,Samper-Montana v Darcis,70,2016-06-08 12:24:42.847,1.35,2016-06-08 14:28:00,
1.125166892,2481589,Steve Darcis,Samper-Montana v Darcis,80,2016-06-08 12:40:28.882,1.31,2016-06-08 14:21:00,
1.125166892,2481589,Steve Darcis,Samper-Montana v Darcis,90,2016-06-08 12:55:28.928,1.3,2016-06-08 14:21:00,
1.125166892,2481589,Steve Darcis,Samper-Montana v Darcis,100,2016-06-08 13:36:58.089,1.33,2016-06-08 14:21:00,
1.125166892,11204605,Jordi Samper-Montana,Samper-Montana v Darcis,0,2016-06-07 19:07:45.706,3.6,2016-06-08 13:00:00,
1.125166892,11204605,Jordi Samper-Montana,Samper-Montana v Darcis,10,2016-06-08 04:25:06.469,4.6,2016-06-08 13:00:00,
1.125166892,11204605,Jordi Samper-Montana,Samper-Montana v Darcis,20,2016-06-08 08:40:39.251,3.75,2016-06-08 13:00:00,
1.125166892,11204605,Jordi Samper-Montana,Samper-Montana v Darcis,30,2016-06-08 08:47:40.693,3.65,2016-06-08 13:00:00,
1.125166892,11204605,Jordi Samper-Montana,Samper-Montana v Darcis,40,2016-06-08 09:20:44.004,4.5,2016-06-08 13:02:00,
1.125166892,11204605,Jordi Samper-Montana,Samper-Montana v Darcis,50,2016-06-08 09:30:21.668,3.9,2016-06-08 13:02:00,
1.125166892,11204605,Jordi Samper-Montana,Samper-Montana v Darcis,60,2016-06-08 10:36:40.943,3.55,2016-06-08 13:02:00,
1.125166892,11204605,Jordi Samper-Montana,Samper-Montana v Darcis,70,2016-06-08 12:11:29.768,3.5,2016-06-08 12:13:00,
1.125166892,11204605,Jordi Samper-Montana,Samper-Montana v Darcis,80,2016-06-08 12:17:22.845,3.95,2016-06-08 14:28:00,
1.125166892,11204605,Jordi Samper-Montana,Samper-Montana v Darcis,90,2016-06-08 12:44:03.858,4.4,2016-06-08 14:21:00,
1.125166892,11204605,Jordi Samper-Montana,Samper-Montana v Darcis,100,2016-06-08 13:36:58.089,4.0,2016-06-08 14:21:00,
1.125166897,4876706,Steve Johnson,S Kozlov v St Johnson,0,2016-06-06 16:21:55.210,1.39,2016-06-07 12:00:00,
1.125166897,4876706,Steve Johnson,S Kozlov v St Johnson,10,2016-06-07 13:04:08.801,1.24,2016-06-08 12:00:00,
1.125166897,4876706,Steve Johnson,S Kozlov v St Johnson,20,2016-06-07 20:03:38.407,1.25,2016-06-08 14:30:00,
1.125166897,4876706,Steve Johnson,S Kozlov v St Johnson,30,2016-06-08 04:14:51.241,1.25,2016-06-08 14:30:00,
1.125166897,4876706,Steve Johnson,S Kozlov v St Johnson,40,2016-06-08 07:57:47.403,1.27,2016-06-08 14:30:00,
1.125166897,4876706,Steve Johnson,S Kozlov v St Johnson,50,2016-06-08 10:41:59.081,1.26,2016-06-08 14:30:00,
1.125166897,4876706,Steve Johnson,S Kozlov v St Johnson,60,2016-06-08 12:59:45.790,1.27,2016-06-08 14:30:00,
1.125166897,4876706,Steve Johnson,S Kozlov v St Johnson,70,2016-06-08 14:04:47.389,1.25,2016-06-08 14:30:00,
1.125166897,4876706,Steve Johnson,S Kozlov v St Johnson,80,2016-06-08 14:26:13.183,1.24,2016-06-08 14:30:00,
1.125166897,4876706,Steve Johnson,S Kozlov v St Johnson,90,2016-06-08 14:45:02.115,1.23,2016-06-08 15:00:00,
1.125166897,4876706,Steve Johnson,S Kozlov v St Johnson,100,2016-06-08 15:34:07.007,1.24,2016-06-08 15:45:00,
1.125166897,7415002,Stefan Kozlov,S Kozlov v St Johnson,0,2016-06-06 16:21:55.210,3.5,2016-06-07 12:00:00,
1.125166897,7415002,Stefan Kozlov,S Kozlov v St Johnson,10,2016-06-07 12:00:10.166,5.2,2016-06-08 12:00:00,
1.125166897,7415002,Stefan Kozlov,S Kozlov v St Johnson,20,2016-06-07 17:24:28.305,4.5,2016-06-08 14:30:00,
1.125166897,7415002,Stefan Kozlov,S Kozlov v St Johnson,30,2016-06-07 22:55:18.205,5.0,2016-06-08 14:30:00,
1.125166897,7415002,Stefan Kozlov,S Kozlov v St Johnson,40,2016-06-08 06:53:26.362,5.2,2016-06-08 14:30:00,
1.125166897,7415002,Stefan Kozlov,S Kozlov v St Johnson,50,2016-06-08 08:41:00.527,4.6,2016-06-08 14:30:00,
1.125166897,7415002,Stefan Kozlov,S Kozlov v St Johnson,60,2016-06-08 12:36:03.109,4.8,2016-06-08 14:30:00,
1.125166897,7415002,Stefan Kozlov,S Kozlov v St Johnson,70,2016-06-08 13:32:06.332,4.8,2016-06-08 14:30:00,
1.125166897,7415002,Stefan Kozlov,S Kozlov v St Johnson,80,2016-06-08 14:21:56.258,5.1,2016-06-08 14:30:00,
1.125166897,7415002,Stefan Kozlov,S Kozlov v St Johnson,90,2016-06-08 14:49:08.656,5.3,2016-06-08 15:00:00,
1.125166897,7415002,Stefan Kozlov,S Kozlov v St Johnson,100,2016-06-08 15:30:10.723,5.1,2016-06-08 15:45:00,
1.125166951,11204636,Mirjana Lucic-Baroni,Krunic v Lucic-Baroni,0,2016-06-06 19:04:59.080,1.75,2016-06-07 09:00:00,
1.125166951,11204636,Mirjana Lucic-Baroni,Krunic v Lucic-Baroni,10,2016-06-06 19:05:51.257,1.55,2016-06-07 09:00:00,
1.125166951,11204636,Mirjana Lucic-Baroni,Krunic v Lucic-Baroni,20,2016-06-06 22:20:06.648,1.45,2016-06-07 09:00:00,
1.125166951,11204636,Mirjana Lucic-Baroni,Krunic v Lucic-Baroni,30,2016-06-07 02:46:05.087,1.4,2016-06-07 09:00:00,
1.125166951,11204636,Mirjana Lucic-Baroni,Krunic v Lucic-Baroni,40,2016-06-07 05:45:53.278,1.27,2016-06-07 09:00:00,
1.125166951,11204636,Mirjana Lucic-Baroni,Krunic v Lucic-Baroni,50,2016-06-07 06:06:31.336,1.3,2016-06-07 09:00:00,
1.125166951,11204636,Mirjana Lucic-Baroni,Krunic v Lucic-Baroni,60,2016-06-07 06:36:06.819,1.32,2016-06-07 09:00:00,
1.125166951,11204636,Mirjana Lucic-Baroni,Krunic v Lucic-Baroni,70,2016-06-07 07:09:52.164,1.28,2016-06-07 09:00:00,
1.125166951,11204636,Mirjana Lucic-Baroni,Krunic v Lucic-Baroni,80,2016-06-07 07:50:06.629,1.29,2016-06-07 09:00:00,
1.125166951,11204636,Mirjana Lucic-Baroni,Krunic v Lucic-Baroni,90,2016-06-07 08:15:50.148,1.3,2016-06-07 09:00:00,
1.125166951,11204636,Mirjana Lucic-Baroni,Krunic v Lucic-Baroni,100,2016-06-07 08:53:54.276,1.33,2016-06-07 09:00:00,
1.125167036,3166776,Laura Robson,Robson v Larcher De Brito,0,2016-06-07 00:05:47.967,2.78,2016-06-07 13:00:00,
1.125167036,3166776,Laura Robson,Robson v Larcher De Brito,10,2016-06-07 05:36:59.034,2.98,2016-06-07 13:00:00,
1.125167036,3166776,Laura Robson,Robson v Larcher De Brito,20,2016-06-07 06:56:49.733,2.96,2016-06-07 13:00:00,
1.125167036,3166776,Laura Robson,Robson v Larcher De Brito,30,2016-06-07 07:56:33.162,2.98,2016-06-07 13:00:00,
1.125167036,3166776,Laura Robson,Robson v Larcher De Brito,40,2016-06-07 08:11:06.541,3.2,2016-06-07 13:00:00,
1.125167036,3166776,Laura Robson,Robson v Larcher De Brito,50,2016-06-07 09:04:49.094,3.15,2016-06-07 13:00:00,
1.125167036,3166776,Laura Robson,Robson v Larcher De Brito,60,2016-06-07 10:30:34.445,3.05,2016-06-07 13:00:00,
1.125167036,3166776,Laura Robson,Robson v Larcher De Brito,70,2016-06-07 11:35:40.139,2.84,2016-06-07 12:49:00,
1.125167036,3166776,Laura Robson,Robson v Larcher De Brito,80,2016-06-07 12:22:40.353,3.05,2016-06-07 12:49:00,
1.125167036,3166776,Laura Robson,Robson v Larcher De Brito,90,2016-06-07 12:33:30.312,3.05,2016-06-07 12:49:00,
1.125167036,3166776,Laura Robson,Robson v Larcher De Brito,100,2016-06-07 12:53:29.824,2.9,2016-06-07 13:04:00,
1.125167036,9564237,Michelle Larcher de Bri,Robson v Larcher De Brito,0,2016-06-07 00:05:47.967,1.56,2016-06-07 13:00:00,
1.125167036,9564237,Michelle Larcher de Bri,Robson v Larcher De Brito,10,2016-06-07 05:39:28.184,1.51,2016-06-07 13:00:00,
1.125167036,9564237,Michelle Larcher de Bri,Robson v Larcher De Brito,20,2016-06-07 07:51:37.792,1.54,2016-06-07 13:00:00,
1.125167036,9564237,Michelle Larcher de Bri,Robson v Larcher De Brito,30,2016-06-07 08:17:33.116,1.55,2016-06-07 13:00:00,
1.125167036,9564237,Michelle Larcher de Bri,Robson v Larcher De Brito,40,2016-06-07 08:58:19.657,1.47,2016-06-07 13:00:00,
1.125167036,9564237,Michelle Larcher de Bri,Robson v Larcher De Brito,50,2016-06-07 10:37:35.787,1.49,2016-06-07 13:00:00,
1.125167036,9564237,Michelle Larcher de Bri,Robson v Larcher De Brito,60,2016-06-07 11:23:31.775,1.5,2016-06-07 12:49:00,
1.125167036,9564237,Michelle Larcher de Bri,Robson v Larcher De Brito,70,2016-06-07 11:58:36.800,1.53,2016-06-07 12:49:00,
1.125167036,9564237,Michelle Larcher de Bri,Robson v Larcher De Brito,80,2016-06-07 12:27:28.964,1.48,2016-06-07 12:49:00,
1.125167036,9564237,Michelle Larcher de Bri,Robson v Larcher De Brito,90,2016-06-07 12:34:37.399,1.53,2016-06-07 12:49:00,
1.125167036,9564237,Michelle Larcher de Bri,Robson v Larcher De Brito,100,2016-06-07 12:53:29.824,1.52,2016-06-07 13:04:00,
1.125167145,9002061,Saville/Thompson,Saville/Thompson v Menendez-ma/Nedunchezhi,0,2016-06-08 11:47:50.089,1.83,2016-06-08 14:30:00,
1.125167145,9002061,Saville/Thompson,Saville/Thompson v Menendez-ma/Nedunchezhi,10,2016-06-08 13:49:16.632,1.7,2016-06-08 16:00:00,
1.125167145,9002061,Saville/Thompson,Saville/Thompson v Menendez-ma/Nedunchezhi,20,2016-06-08 16:02:52.300,1.83,2016-06-08 16:15:00,
1.125167145,9002061,Saville/Thompson,Saville/Thompson v Menendez-ma/Nedunchezhi,30,2016-06-09 08:59:14.386,1.72,2016-06-09 12:30:00,
1.125167145,9002061,Saville/Thompson,Saville/Thompson v Menendez-ma/Nedunchezhi,40,2016-06-09 09:00:09.300,1.68,2016-06-09 12:30:00,
1.125167145,9002061,Saville/Thompson,Saville/Thompson v Menendez-ma/Nedunchezhi,50,2016-06-09 15:39:08.538,1.67,2016-06-09 19:22:00,
1.125167145,9002061,Saville/Thompson,Saville/Thompson v Menendez-ma/Nedunchezhi,60,2016-06-09 17:58:17.204,1.83,2016-06-09 18:44:00,
1.125167145,9002061,Saville/Thompson,Saville/Thompson v Menendez-ma/Nedunchezhi,70,2016-06-09 18:33:52.918,1.8,2016-06-09 18:34:00,
1.125167145,9002061,Saville/Thompson,Saville/Thompson v Menendez-ma/Nedunchezhi,80,2016-06-09 18:58:17.254,1.67,2016-06-09 19:04:00,
1.125167145,9002061,Saville/Thompson,Saville/Thompson v Menendez-ma/Nedunchezhi,90,2016-06-09 19:12:08.423,1.87,2016-06-09 19:19:00,
1.125167145,9002061,Saville/Thompson,Saville/Thompson v Menendez-ma/Nedunchezhi,100,2016-06-10 12:38:16.562,1.67,2016-06-10 13:00:00,
1.12516736,5596561,Johanna Konta,S Zheng v Konta,0,2016-06-06 18:43:26.143,1.08,2016-06-07 12:00:00,
1.12516736,5596561,Johanna Konta,S Zheng v Konta,10,2016-06-07 11:54:30.829,1.19,2016-06-08 12:00:00,
1.12516736,5596561,Johanna Konta,S Zheng v Konta,20,2016-06-07 20:48:51.863,1.16,2016-06-08 12:00:00,
1.12516736,5596561,Johanna Konta,S Zheng v Konta,30,2016-06-08 09:28:05.433,1.19,2016-06-09 12:00:00,
1.12516736,5596561,Johanna Konta,S Zheng v Konta,40,2016-06-08 19:21:49.113,1.19,2016-06-09 11:00:00,
1.12516736,5596561,Johanna Konta,S Zheng v Konta,50,2016-06-08 22:08:19.875,1.17,2016-06-09 11:00:00,
1.12516736,5596561,Johanna Konta,S Zheng v Konta,60,2016-06-09 04:11:41.395,1.17,2016-06-09 11:00:00,
1.12516736,5596561,Johanna Konta,S Zheng v Konta,70,2016-06-09 08:00:51.445,1.18,2016-06-09 11:00:00,
1.12516736,5596561,Johanna Konta,S Zheng v Konta,80,2016-06-09 09:10:11.497,1.2,2016-06-09 11:00:00,
1.12516736,5596561,Johanna Konta,S Zheng v Konta,90,2016-06-09 10:12:54.971,1.19,2016-06-09 11:00:00,
1.12516736,5596561,Johanna Konta,S Zheng v Konta,100,2016-06-09 10:48:55.887,1.19,2016-06-09 11:00:00,
1.12516736,5829453,Saisai Zheng,S Zheng v Konta,0,2016-06-07 20:48:51.863,7.2,2016-06-08 12:00:00,
1.12516736,5829453,Saisai Zheng,S Zheng v Konta,10,2016-06-08 12:00:13.359,6.6,2016-06-09 12:00:00,
1.12516736,5829453,Saisai Zheng,S Zheng v Konta,20,2016-06-08 21:03:47.903,6.4,2016-06-09 11:00:00,
1.12516736,5829453,Saisai Zheng,S Zheng v Konta,30,2016-06-08 23:25:25.386,5.8,2016-06-09 11:00:00,
1.12516736,5829453,Saisai Zheng,S Zheng v Konta,40,2016-06-09 07:30:48.033,6.4,2016-06-09 11:00:00,
1.12516736,5829453,Saisai Zheng,S Zheng v Konta,50,2016-06-09 08:22:21.119,6.6,2016-06-09 11:00:00,
1.12516736,5829453,Saisai Zheng,S Zheng v Konta,60,2016-06-09 08:23:25.216,6.4,2016-06-09 11:00:00,
1.12516736,5829453,Saisai Zheng,S Zheng v Konta,70,2016-06-09 08:29:46.830,6.4,2016-06-09 11:00:00,
1.12516736,5829453,Saisai Zheng,S Zheng v Konta,80,2016-06-09 09:44:26.447,6.6,2016-06-09 11:00:00,
1.12516736,5829453,Saisai Zheng,S Zheng v Konta,90,2016-06-09 10:12:54.971,6.2,2016-06-09 11:00:00,
1.12516736,5829453,Saisai Zheng,S Zheng v Konta,100,2016-06-09 10:46:49.216,6.2,2016-06-09 11:00:00,
1.125167443,6603914,Guido Andreozzi,Andreozzi v Reister,0,2016-06-07 00:02:46.984,1.44,2016-06-07 12:00:00,
1.125167443,6603914,Guido Andreozzi,Andreozzi v Reister,10,2016-06-07 06:52:08.535,1.45,2016-06-08 12:00:00,
1.125167443,6603914,Guido Andreozzi,Andreozzi v Reister,20,2016-06-07 07:00:48.644,1.41,2016-06-08 12:00:00,
1.125167443,6603914,Guido Andreozzi,Andreozzi v Reister,30,2016-06-07 09:18:58.413,1.45,2016-06-08 12:00:00,
1.125167443,6603914,Guido Andreozzi,Andreozzi v Reister,40,2016-06-08 07:48:16.148,1.43,2016-06-08 11:00:00,
1.125167443,6603914,Guido Andreozzi,Andreozzi v Reister,50,2016-06-08 08:22:46.849,1.4,2016-06-08 11:00:00,
1.125167443,6603914,Guido Andreozzi,Andreozzi v Reister,60,2016-06-08 08:27:19.167,1.39,2016-06-08 11:00:00,
1.125167443,6603914,Guido Andreozzi,Andreozzi v Reister,70,2016-06-08 08:47:01.712,1.44,2016-06-08 11:00:00,
1.125167443,6603914,Guido Andreozzi,Andreozzi v Reister,80,2016-06-08 10:12:29.220,1.43,2016-06-08 11:00:00,
1.125167443,6603914,Guido Andreozzi,Andreozzi v Reister,90,2016-06-08 10:15:17.282,1.46,2016-06-08 11:00:00,
1.125167443,6603914,Guido Andreozzi,Andreozzi v Reister,100,2016-06-08 10:54:06.025,1.5,2016-06-08 11:00:00,
1.125168124,6129383,Facundo Arguello,E Gomez v F Arguello,0,2016-06-07 19:45:10.756,1.45,2016-06-08 09:00:00,
1.125168124,6129383,Facundo Arguello,E Gomez v F Arguello,10,2016-06-08 01:11:04.299,1.4,2016-06-08 09:00:00,
1.125168124,6129383,Facundo Arguello,E Gomez v F Arguello,20,2016-06-08 06:22:05.885,1.4,2016-06-08 09:00:00,
1.125168124,6129383,Facundo Arguello,E Gomez v F Arguello,30,2016-06-08 06:27:43.960,1.37,2016-06-08 09:00:00,
1.125168124,6129383,Facundo Arguello,E Gomez v F Arguello,40,2016-06-08 06:35:04.777,1.35,2016-06-08 09:00:00,
1.125168124,6129383,Facundo Arguello,E Gomez v F Arguello,50,2016-06-08 08:12:54.875,1.35,2016-06-08 09:00:00,
1.125168124,6129383,Facundo Arguello,E Gomez v F Arguello,60,2016-06-08 08:27:47.452,1.36,2016-06-08 09:00:00,
1.125168124,6129383,Facundo Arguello,E Gomez v F Arguello,70,2016-06-08 08:47:06.777,1.38,2016-06-08 09:00:00,
1.125168124,6129383,Facundo Arguello,E Gomez v F Arguello,80,2016-06-08 08:48:06.048,1.35,2016-06-08 09:00:00,
1.125168124,6129383,Facundo Arguello,E Gomez v F Arguello,90,2016-06-08 08:56:56.733,1.35,2016-06-08 09:00:00,
1.125168124,6129383,Facundo Arguello,E Gomez v F Arguello,100,2016-06-08 09:02:36.773,1.32,2016-06-08 09:15:00,
1.125168544,8284522,Dmitry Popko,Shapovalov v Popko,0,2016-06-07 22:26:54.899,1.55,2016-06-08 11:00:00,
1.125168544,8284522,Dmitry Popko,Shapovalov v Popko,10,2016-06-08 04:11:51.795,1.48,2016-06-08 11:00:00,
1.125168544,8284522,Dmitry Popko,Shapovalov v Popko,20,2016-06-08 08:35:19.319,1.68,2016-06-08 11:00:00,
1.125168544,8284522,Dmitry Popko,Shapovalov v Popko,30,2016-06-08 08:36:56.180,1.54,2016-06-08 11:00:00,
1.125168544,8284522,Dmitry Popko,Shapovalov v Popko,40,2016-06-08 09:36:28.836,1.66,2016-06-08 10:54:00,
1.125168544,8284522,Dmitry Popko,Shapovalov v Popko,50,2016-06-08 10:06:51.386,1.71,2016-06-08 10:54:00,
1.125168544,8284522,Dmitry Popko,Shapovalov v Popko,60,2016-06-08 10:21:50.035,1.69,2016-06-08 10:54:00,
1.125168544,8284522,Dmitry Popko,Shapovalov v Popko,70,2016-06-08 10:49:08.878,1.77,2016-06-08 10:54:00,
1.125168544,8284522,Dmitry Popko,Shapovalov v Popko,80,2016-06-08 10:52:00.758,1.78,2016-06-08 10:54:00,
1.125168544,8284522,Dmitry Popko,Shapovalov v Popko,90,2016-06-08 10:59:08.443,1.67,2016-06-08 11:09:00,
1.125168544,8284522,Dmitry Popko,Shapovalov v Popko,100,2016-06-08 11:16:59.355,1.67,2016-06-08 11:24:00,
1.125168544,9632108,Denis Shapovalov,Shapovalov v Popko,0,2016-06-07 21:54:32.341,2.56,2016-06-08 11:00:00,
1.125168544,9632108,Denis Shapovalov,Shapovalov v Popko,10,2016-06-08 04:26:01.802,3.15,2016-06-08 11:00:00,
1.125168544,9632108,Denis Shapovalov,Shapovalov v Popko,20,2016-06-08 08:29:03.911,2.48,2016-06-08 11:00:00,
1.125168544,9632108,Denis Shapovalov,Shapovalov v Popko,30,2016-06-08 08:32:00.850,2.44,2016-06-08 11:00:00,
1.125168544,9632108,Denis Shapovalov,Shapovalov v Popko,40,2016-06-08 08:45:02.432,2.6,2016-06-08 11:00:00,
1.125168544,9632108,Denis Shapovalov,Shapovalov v Popko,50,2016-06-08 09:36:28.836,2.52,2016-06-08 10:54:00,
1.125168544,9632108,Denis Shapovalov,Shapovalov v Popko,60,2016-06-08 09:41:07.298,2.44,2016-06-08 10:54:00,
1.125168544,9632108,Denis Shapovalov,Shapovalov v Popko,70,2016-06-08 10:06:51.386,2.4,2016-06-08 10:54:00,
1.125168544,9632108,Denis Shapovalov,Shapovalov v Popko,80,2016-06-08 10:21:03.633,2.3,2016-06-08 10:54:00,
1.125168544,9632108,Denis Shapovalov,Shapovalov v Popko,90,2016-06-08 10:49:08.878,2.28,2016-06-08 10:54:00,
1.125168544,9632108,Denis Shapovalov,Shapovalov v Popko,100,2016-06-08 11:11:03.506,2.46,2016-06-08 11:24:00,
1.125168549,2263570,Ivo Karlovic,Karlovic v Sijsling,0,2016-06-07 17:12:59.913,1.46,2016-06-08 12:00:00,
1.125168549,2263570,Ivo Karlovic,Karlovic v Sijsling,10,2016-06-08 15:23:03.592,1.47,2016-06-09 10:30:00,
1.125168549,2263570,Ivo Karlovic,Karlovic v Sijsling,20,2016-06-08 21:28:16.258,1.46,2016-06-09 10:30:00,
1.125168549,2263570,Ivo Karlovic,Karlovic v Sijsling,30,2016-06-09 03:59:34.423,1.44,2016-06-09 10:30:00,
1.125168549,2263570,Ivo Karlovic,Karlovic v Sijsling,40,2016-06-09 08:03:48.545,1.42,2016-06-09 10:30:00,
1.125168549,2263570,Ivo Karlovic,Karlovic v Sijsling,50,2016-06-09 09:08:45.572,1.42,2016-06-09 10:30:00,
1.125168549,2263570,Ivo Karlovic,Karlovic v Sijsling,60,2016-06-09 09:57:24.578,1.43,2016-06-09 10:30:00,
1.125168549,2263570,Ivo Karlovic,Karlovic v Sijsling,70,2016-06-09 10:09:24.508,1.45,2016-06-09 10:30:00,
1.125168549,2263570,Ivo Karlovic,Karlovic v Sijsling,80,2016-06-09 10:39:21.258,1.39,2016-06-09 10:45:00,
1.125168549,2263570,Ivo Karlovic,Karlovic v Sijsling,90,2016-06-09 11:00:18.941,1.4,2016-06-09 11:15:00,
1.125168549,2263570,Ivo Karlovic,Karlovic v Sijsling,100,2016-06-09 11:34:06.781,1.4,2016-06-09 11:45:00,
1.125168549,2370190,Igor Sijsling,Karlovic v Sijsling,0,2016-06-08 14:09:10.386,3.2,2016-06-09 12:00:00,
1.125168549,2370190,Igor Sijsling,Karlovic v Sijsling,10,2016-06-08 22:37:22.690,3.2,2016-06-09 10:30:00,
1.125168549,2370190,Igor Sijsling,Karlovic v Sijsling,20,2016-06-09 06:23:49.391,3.2,2016-06-09 10:30:00,
1.125168549,2370190,Igor Sijsling,Karlovic v Sijsling,30,2016-06-09 09:41:21.328,3.35,2016-06-09 10:30:00,
1.125168549,2370190,Igor Sijsling,Karlovic v Sijsling,40,2016-06-09 10:05:24.638,3.3,2016-06-09 10:30:00,
1.125168549,2370190,Igor Sijsling,Karlovic v Sijsling,50,2016-06-09 10:27:22.995,3.45,2016-06-09 10:30:00,
1.125168549,2370190,Igor Sijsling,Karlovic v Sijsling,60,2016-06-09 10:34:24.069,3.55,2016-06-09 10:45:00,
1.125168549,2370190,Igor Sijsling,Karlovic v Sijsling,70,2016-06-09 10:44:00.297,3.5,2016-06-09 10:45:00,
1.125168549,2370190,Igor Sijsling,Karlovic v Sijsling,80,2016-06-09 10:51:58.617,3.4,2016-06-09 11:00:00,
1.125168549,2370190,Igor Sijsling,Karlovic v Sijsling,90,2016-06-09 11:07:09.851,3.4,2016-06-09 11:15:00,
1.125168549,2370190,Igor Sijsling,Karlovic v Sijsling,100,2016-06-09 11:30:17.010,3.4,2016-06-09 11:45:00,
1.125168564,2263603,Madison Brengle,Brengle v Hogenkamp,0,2016-06-07 15:33:43.198,1.56,2016-06-08 09:00:00,
1.125168564,2263603,Madison Brengle,Brengle v Hogenkamp,10,2016-06-07 21:16:01.946,1.65,2016-06-08 09:00:00,
1.125168564,2263603,Madison Brengle,Brengle v Hogenkamp,20,2016-06-08 00:05:06.338,1.56,2016-06-08 09:00:00,
1.125168564,2263603,Madison Brengle,Brengle v Hogenkamp,30,2016-06-08 04:30:47.501,1.57,2016-06-08 09:00:00,
1.125168564,2263603,Madison Brengle,Brengle v Hogenkamp,40,2016-06-08 06:07:01.602,1.55,2016-06-08 09:00:00,
1.125168564,2263603,Madison Brengle,Brengle v Hogenkamp,50,2016-06-08 06:53:11.526,1.53,2016-06-08 09:00:00,
1.125168564,2263603,Madison Brengle,Brengle v Hogenkamp,60,2016-06-08 07:16:26.613,1.54,2016-06-08 09:00:00,
1.125168564,2263603,Madison Brengle,Brengle v Hogenkamp,70,2016-06-08 07:46:18.197,1.53,2016-06-08 09:00:00,
1.125168564,2263603,Madison Brengle,Brengle v Hogenkamp,80,2016-06-08 08:27:12.880,1.53,2016-06-08 09:00:00,
1.125168564,2263603,Madison Brengle,Brengle v Hogenkamp,90,2016-06-08 08:41:01.048,1.53,2016-06-08 09:00:00,
1.125168564,2263603,Madison Brengle,Brengle v Hogenkamp,100,2016-06-08 08:49:23.587,1.49,2016-06-08 09:00:00,
1.125168564,6440521,Richel Hogenkamp,Brengle v Hogenkamp,0,2016-06-07 15:33:43.198,2.8,2016-06-08 09:00:00,
1.125168564,6440521,Richel Hogenkamp,Brengle v Hogenkamp,10,2016-06-07 19:37:19.510,2.68,2016-06-08 09:00:00,
1.125168564,6440521,Richel Hogenkamp,Brengle v Hogenkamp,20,2016-06-07 21:39:23.575,2.64,2016-06-08 09:00:00,
1.125168564,6440521,Richel Hogenkamp,Brengle v Hogenkamp,30,2016-06-08 04:21:15.779,2.86,2016-06-08 09:00:00,
1.125168564,6440521,Richel Hogenkamp,Brengle v Hogenkamp,40,2016-06-08 06:43:13.553,2.84,2016-06-08 09:00:00,
1.125168564,6440521,Richel Hogenkamp,Brengle v Hogenkamp,50,2016-06-08 06:49:03.501,2.86,2016-06-08 09:00:00,
1.125168564,6440521,Richel Hogenkamp,Brengle v Hogenkamp,60,2016-06-08 07:16:26.613,2.86,2016-06-08 09:00:00,
1.125168564,6440521,Richel Hogenkamp,Brengle v Hogenkamp,70,2016-06-08 07:53:11.307,2.84,2016-06-08 09:00:00,
1.125168564,6440521,Richel Hogenkamp,Brengle v Hogenkamp,80,2016-06-08 08:21:38.368,2.84,2016-06-08 09:00:00,
1.125168564,6440521,Richel Hogenkamp,Brengle v Hogenkamp,90,2016-06-08 08:37:23.499,2.92,2016-06-08 09:00:00,
1.125168564,6440521,Richel Hogenkamp,Brengle v Hogenkamp,100,2016-06-08 08:47:26.277,3.05,2016-06-08 09:00:00,
1.125168696,2249400,Florian Mayer,Berrer v F Mayer,0,2016-06-07 15:38:49.299,1.51,2016-06-08 12:00:00,
1.125168696,2249400,Florian Mayer,Berrer v F Mayer,10,2016-06-07 20:59:37.169,1.51,2016-06-08 09:00:00,
1.125168696,2249400,Florian Mayer,Berrer v F Mayer,20,2016-06-08 01:37:42.455,1.5,2016-06-08 09:00:00,
1.125168696,2249400,Florian Mayer,Berrer v F Mayer,30,2016-06-08 05:16:52.739,1.49,2016-06-08 09:00:00,
1.125168696,2249400,Florian Mayer,Berrer v F Mayer,40,2016-06-08 06:35:29.575,1.49,2016-06-08 09:00:00,
1.125168696,2249400,Florian Mayer,Berrer v F Mayer,50,2016-06-08 07:31:14.336,1.49,2016-06-08 09:00:00,
1.125168696,2249400,Florian Mayer,Berrer v F Mayer,60,2016-06-08 08:41:36.294,1.48,2016-06-08 09:00:00,
1.125168696,2249400,Florian Mayer,Berrer v F Mayer,70,2016-06-08 09:23:41.206,1.51,2016-06-08 09:30:00,
1.125168696,2249400,Florian Mayer,Berrer v F Mayer,80,2016-06-08 09:53:39.509,1.5,2016-06-08 10:00:00,
1.125168696,2249400,Florian Mayer,Berrer v F Mayer,90,2016-06-08 10:31:26.890,1.53,2016-06-08 10:45:00,
1.125168696,2249400,Florian Mayer,Berrer v F Mayer,100,2016-06-08 11:07:41.802,1.5,2016-06-08 11:15:00,
1.125168696,2263684,Michael Berrer,Berrer v F Mayer,0,2016-06-07 18:37:11.653,2.92,2016-06-08 09:00:00,
1.125168696,2263684,Michael Berrer,Berrer v F Mayer,10,2016-06-07 21:07:36.364,2.92,2016-06-08 09:00:00,
1.125168696,2263684,Michael Berrer,Berrer v F Mayer,20,2016-06-08 04:22:25.657,3.1,2016-06-08 09:00:00,
1.125168696,2263684,Michael Berrer,Berrer v F Mayer,30,2016-06-08 05:12:41.413,3.0,2016-06-08 09:00:00,
1.125168696,2263684,Michael Berrer,Berrer v F Mayer,40,2016-06-08 06:58:38.836,2.96,2016-06-08 09:00:00,
1.125168696,2263684,Michael Berrer,Berrer v F Mayer,50,2016-06-08 07:35:34.117,3.0,2016-06-08 09:00:00,
1.125168696,2263684,Michael Berrer,Berrer v F Mayer,60,2016-06-08 08:12:32.010,3.0,2016-06-08 09:00:00,
1.125168696,2263684,Michael Berrer,Berrer v F Mayer,70,2016-06-08 09:02:41.731,3.0,2016-06-08 09:15:00,
1.125168696,2263684,Michael Berrer,Berrer v F Mayer,80,2016-06-08 09:48:39.695,3.0,2016-06-08 10:00:00,
1.125168696,2263684,Michael Berrer,Berrer v F Mayer,90,2016-06-08 10:17:35.090,2.9,2016-06-08 10:30:00,
1.125168696,2263684,Michael Berrer,Berrer v F Mayer,100,2016-06-08 11:08:37.006,2.96,2016-06-08 11:15:00,
1.12516875,4876705,Gerald Melzer,G Melzer v De Novak,0,2016-06-07 18:42:52.374,1.43,2016-06-08 09:00:00,
1.12516875,4876705,Gerald Melzer,G Melzer v De Novak,10,2016-06-07 18:43:50.666,1.41,2016-06-08 09:00:00,
1.12516875,4876705,Gerald Melzer,G Melzer v De Novak,20,2016-06-07 21:09:52.293,1.39,2016-06-08 09:00:00,
1.12516875,4876705,Gerald Melzer,G Melzer v De Novak,30,2016-06-08 05:37:12.912,1.4,2016-06-08 09:00:00,
1.12516875,4876705,Gerald Melzer,G Melzer v De Novak,40,2016-06-08 06:08:10.286,1.35,2016-06-08 09:00:00,
1.12516875,4876705,Gerald Melzer,G Melzer v De Novak,50,2016-06-08 07:01:44.940,1.39,2016-06-08 09:00:00,
1.12516875,4876705,Gerald Melzer,G Melzer v De Novak,60,2016-06-08 07:38:40.519,1.37,2016-06-08 09:00:00,
1.12516875,4876705,Gerald Melzer,G Melzer v De Novak,70,2016-06-08 08:04:42.745,1.36,2016-06-08 09:00:00,
1.12516875,4876705,Gerald Melzer,G Melzer v De Novak,80,2016-06-08 08:23:48.728,1.39,2016-06-08 09:00:00,
1.12516875,4876705,Gerald Melzer,G Melzer v De Novak,90,2016-06-08 08:36:05.984,1.39,2016-06-08 09:00:00,
1.12516875,4876705,Gerald Melzer,G Melzer v De Novak,100,2016-06-08 08:54:40.050,1.38,2016-06-08 09:00:00,
1.125168761,5300820,Aleksandra Krunic,Krunic v E Mertens,0,2016-06-07 13:48:25.443,1.63,2016-06-08 12:00:00,
1.125168761,5300820,Aleksandra Krunic,Krunic v E Mertens,10,2016-06-07 23:28:52.332,1.85,2016-06-08 11:00:00,
1.125168761,5300820,Aleksandra Krunic,Krunic v E Mertens,20,2016-06-08 06:01:23.149,1.86,2016-06-08 11:00:00,
1.125168761,5300820,Aleksandra Krunic,Krunic v E Mertens,30,2016-06-08 07:29:22.994,1.9,2016-06-08 11:00:00,
1.125168761,5300820,Aleksandra Krunic,Krunic v E Mertens,40,2016-06-08 08:32:10.156,1.88,2016-06-08 11:00:00,
1.125168761,5300820,Aleksandra Krunic,Krunic v E Mertens,50,2016-06-08 09:26:20.917,1.92,2016-06-08 10:47:00,
1.125168761,5300820,Aleksandra Krunic,Krunic v E Mertens,60,2016-06-08 09:55:24.456,1.84,2016-06-08 10:47:00,
1.125168761,5300820,Aleksandra Krunic,Krunic v E Mertens,70,2016-06-08 10:09:22.305,1.87,2016-06-08 10:47:00,
1.125168761,5300820,Aleksandra Krunic,Krunic v E Mertens,80,2016-06-08 10:37:17.426,1.82,2016-06-08 10:47:00,
1.125168761,5300820,Aleksandra Krunic,Krunic v E Mertens,90,2016-06-08 10:52:22.231,1.8,2016-06-08 11:02:00,
1.125168761,5300820,Aleksandra Krunic,Krunic v E Mertens,100,2016-06-08 11:00:25.284,1.78,2016-06-08 11:01:00,
1.125168761,9002334,Elise Mertens,Krunic v E Mertens,0,2016-06-07 13:48:25.443,2.6,2016-06-08 12:00:00,
1.125168761,9002334,Elise Mertens,Krunic v E Mertens,10,2016-06-07 16:55:24.327,2.28,2016-06-08 11:00:00,
1.125168761,9002334,Elise Mertens,Krunic v E Mertens,20,2016-06-07 21:39:06.786,2.22,2016-06-08 11:00:00,
1.125168761,9002334,Elise Mertens,Krunic v E Mertens,30,2016-06-08 05:18:22.975,2.08,2016-06-08 11:00:00,
1.125168761,9002334,Elise Mertens,Krunic v E Mertens,40,2016-06-08 07:08:39.316,2.08,2016-06-08 11:00:00,
1.125168761,9002334,Elise Mertens,Krunic v E Mertens,50,2016-06-08 07:39:42.606,2.14,2016-06-08 11:00:00,
1.125168761,9002334,Elise Mertens,Krunic v E Mertens,60,2016-06-08 08:46:25.398,2.12,2016-06-08 11:00:00,
1.125168761,9002334,Elise Mertens,Krunic v E Mertens,70,2016-06-08 10:01:24.189,2.12,2016-06-08 10:47:00,
1.125168761,9002334,Elise Mertens,Krunic v E Mertens,80,2016-06-08 10:42:21.668,2.2,2016-06-08 10:47:00,
1.125168761,9002334,Elise Mertens,Krunic v E Mertens,90,2016-06-08 10:54:05.555,2.22,2016-06-08 11:02:00,
1.125168761,9002334,Elise Mertens,Krunic v E Mertens,100,2016-06-08 11:00:25.284,2.22,2016-06-08 11:01:00,
1.125168776,2263560,Sam Querrey,Querrey v T Ito,0,2016-06-07 17:55:33.354,1.25,2016-06-08 13:00:00,
1.125168776,2263560,Sam Querrey,Querrey v T Ito,10,2016-06-07 20:03:38.408,1.25,2016-06-08 13:00:00,
1.125168776,2263560,Sam Querrey,Querrey v T Ito,20,2016-06-07 23:05:35.971,1.25,2016-06-08 13:00:00,
1.125168776,2263560,Sam Querrey,Querrey v T Ito,30,2016-06-08 04:20:22.104,1.23,2016-06-08 13:00:00,
1.125168776,2263560,Sam Querrey,Querrey v T Ito,40,2016-06-08 06:40:22.978,1.23,2016-06-08 13:00:00,
1.125168776,2263560,Sam Querrey,Querrey v T Ito,50,2016-06-08 08:06:28.070,1.25,2016-06-08 13:00:00,
1.125168776,2263560,Sam Querrey,Querrey v T Ito,60,2016-06-08 09:05:06.324,1.25,2016-06-08 12:45:00,
1.125168776,2263560,Sam Querrey,Querrey v T Ito,70,2016-06-08 09:34:23.633,1.24,2016-06-08 12:45:00,
1.125168776,2263560,Sam Querrey,Querrey v T Ito,80,2016-06-08 10:45:24.035,1.24,2016-06-08 12:36:00,
1.125168776,2263560,Sam Querrey,Querrey v T Ito,90,2016-06-08 11:17:42.336,1.26,2016-06-08 12:36:00,
1.125168776,2263560,Sam Querrey,Querrey v T Ito,100,2016-06-08 12:07:51.856,1.23,2016-06-08 12:16:00,
1.125168776,3374118,Tatsuma Ito,Querrey v T Ito,0,2016-06-07 20:19:11.259,5.0,2016-06-08 13:00:00,
1.125168776,3374118,Tatsuma Ito,Querrey v T Ito,10,2016-06-07 20:32:06.264,4.8,2016-06-08 13:00:00,
1.125168776,3374118,Tatsuma Ito,Querrey v T Ito,20,2016-06-08 05:36:42.542,5.0,2016-06-08 13:00:00,
1.125168776,3374118,Tatsuma Ito,Querrey v T Ito,30,2016-06-08 07:21:14.297,5.0,2016-06-08 13:00:00,
1.125168776,3374118,Tatsuma Ito,Querrey v T Ito,40,2016-06-08 09:30:35.233,4.9,2016-06-08 12:45:00,
1.125168776,3374118,Tatsuma Ito,Querrey v T Ito,50,2016-06-08 09:33:10.191,4.8,2016-06-08 12:45:00,
1.125168776,3374118,Tatsuma Ito,Querrey v T Ito,60,2016-06-08 10:45:24.035,5.2,2016-06-08 12:36:00,
1.125168776,3374118,Tatsuma Ito,Querrey v T Ito,70,2016-06-08 10:58:22.116,4.9,2016-06-08 12:36:00,
1.125168776,3374118,Tatsuma Ito,Querrey v T Ito,80,2016-06-08 11:10:46.053,4.8,2016-06-08 12:36:00,
1.125168776,3374118,Tatsuma Ito,Querrey v T Ito,90,2016-06-08 11:31:18.334,4.9,2016-06-08 12:36:00,
1.125168776,3374118,Tatsuma Ito,Querrey v T Ito,100,2016-06-08 12:05:11.255,5.1,2016-06-08 12:16:00,
1.125169004,2251402,Roger Federer,Federer v Fritz,0,2016-06-07 13:43:02.345,1.1,2016-06-08 12:00:00,
1.125169004,2251402,Roger Federer,Federer v Fritz,10,2016-06-08 08:15:18.450,1.1,2016-06-08 14:00:00,
1.125169004,2251402,Roger Federer,Federer v Fritz,20,2016-06-08 13:36:41.010,1.09,2016-06-08 14:00:00,
1.125169004,2251402,Roger Federer,Federer v Fritz,30,2016-06-08 16:40:35.736,1.05,2016-06-09 10:30:00,2016-06-08 15:03:41.778
1.125169004,2251402,Roger Federer,Federer v Fritz,40,2016-06-08 17:47:27.768,1.06,2016-06-09 10:30:00,2016-06-08 15:03:41.778
1.125169004,2251402,Roger Federer,Federer v Fritz,50,2016-06-08 19:53:32.946,1.07,2016-06-09 10:30:00,2016-06-08 15:03:41.778
1.125169004,2251402,Roger Federer,Federer v Fritz,60,2016-06-08 21:41:01.896,1.07,2016-06-09 10:30:00,2016-06-08 15:03:41.778
1.125169004,2251402,Roger Federer,Federer v Fritz,70,2016-06-08 23:35:53.880,1.07,2016-06-09 10:30:00,2016-06-08 15:03:41.778
1.125169004,2251402,Roger Federer,Federer v Fritz,80,2016-06-09 05:36:18.916,1.05,2016-06-09 10:30:00,2016-06-08 15:03:41.778
1.125169004,2251402,Roger Federer,Federer v Fritz,90,2016-06-09 08:45:37.801,1.04,2016-06-09 10:30:00,2016-06-08 15:03:41.778
1.125169004,2251402,Roger Federer,Federer v Fritz,100,2016-06-09 10:54:39.368,1.04,2016-06-09 11:00:00,2016-06-08 15:03:41.778
1.125169004,10279360,Taylor Fritz,Federer v Fritz,0,2016-06-07 16:46:04.200,9.2,2016-06-08 12:00:00,
1.125169004,10279360,Taylor Fritz,Federer v Fritz,10,2016-06-08 11:03:23.032,10.5,2016-06-08 14:00:00,
1.125169004,10279360,Taylor Fritz,Federer v Fritz,20,2016-06-08 13:50:31.062,12.0,2016-06-08 14:00:00,
1.125169004,10279360,Taylor Fritz,Federer v Fritz,30,2016-06-08 16:47:35.280,21.0,2016-06-09 10:30:00,2016-06-08 15:03:41.778
1.125169004,10279360,Taylor Fritz,Federer v Fritz,40,2016-06-08 17:45:15.232,17.5,2016-06-09 10:30:00,2016-06-08 15:03:41.778
1.125169004,10279360,Taylor Fritz,Federer v Fritz,50,2016-06-08 19:24:52.887,15.5,2016-06-09 10:30:00,2016-06-08 15:03:41.778
1.125169004,10279360,Taylor Fritz,Federer v Fritz,60,2016-06-08 20:48:13.973,15.5,2016-06-09 10:30:00,2016-06-08 15:03:41.778
1.125169004,10279360,Taylor Fritz,Federer v Fritz,70,2016-06-08 23:01:27.843,15.0,2016-06-09 10:30:00,2016-06-08 15:03:41.778
1.125169004,10279360,Taylor Fritz,Federer v Fritz,80,2016-06-09 06:23:27.485,18.5,2016-06-09 10:30:00,2016-06-08 15:03:41.778
1.125169004,10279360,Taylor Fritz,Federer v Fritz,90,2016-06-09 09:22:39.404,22.0,2016-06-09 10:30:00,2016-06-08 15:03:41.778
1.125169004,10279360,Taylor Fritz,Federer v Fritz,100,2016-06-09 10:54:39.368,30.0,2016-06-09 11:00:00,2016-06-08 15:03:41.778
1.125170332,2249332,Radek Stepanek,Stepanek v Ma Cilic,0,2016-06-07 15:04:38.170,2.84,2016-06-08 12:00:00,
1.125170332,2249332,Radek Stepanek,Stepanek v Ma Cilic,10,2016-06-07 19:46:02.726,2.62,2016-06-08 16:00:00,
1.125170332,2249332,Radek Stepanek,Stepanek v Ma Cilic,20,2016-06-08 05:07:21.333,2.66,2016-06-08 16:00:00,
1.125170332,2249332,Radek Stepanek,Stepanek v Ma Cilic,30,2016-06-08 09:23:45.975,2.76,2016-06-08 16:00:00,
1.125170332,2249332,Radek Stepanek,Stepanek v Ma Cilic,40,2016-06-08 13:30:38.896,2.76,2016-06-08 16:00:00,
1.125170332,2249332,Radek Stepanek,Stepanek v Ma Cilic,50,2016-06-08 14:35:24.292,2.88,2016-06-08 16:45:00,
1.125170332,2249332,Radek Stepanek,Stepanek v Ma Cilic,60,2016-06-08 16:37:38.814,2.88,2016-06-08 16:44:00,
1.125170332,2249332,Radek Stepanek,Stepanek v Ma Cilic,70,2016-06-08 23:30:05.928,2.86,2016-06-09 12:30:00,
1.125170332,2249332,Radek Stepanek,Stepanek v Ma Cilic,80,2016-06-09 08:36:34.603,2.9,2016-06-09 12:30:00,
1.125170332,2249332,Radek Stepanek,Stepanek v Ma Cilic,90,2016-06-09 10:52:27.856,2.86,2016-06-09 13:00:00,
1.125170332,2249332,Radek Stepanek,Stepanek v Ma Cilic,100,2016-06-09 12:15:38.432,2.82,2016-06-09 12:51:00,
1.125170332,2263681,Marin Cilic,Stepanek v Ma Cilic,0,2016-06-07 15:04:38.170,1.54,2016-06-08 12:00:00,
1.125170332,2263681,Marin Cilic,Stepanek v Ma Cilic,10,2016-06-07 21:28:55.590,1.61,2016-06-08 16:00:00,
1.125170332,2263681,Marin Cilic,Stepanek v Ma Cilic,20,2016-06-08 07:54:32.522,1.6,2016-06-08 16:00:00,
1.125170332,2263681,Marin Cilic,Stepanek v Ma Cilic,30,2016-06-08 11:14:26.607,1.56,2016-06-08 16:00:00,
1.125170332,2263681,Marin Cilic,Stepanek v Ma Cilic,40,2016-06-08 13:17:37.892,1.55,2016-06-08 16:00:00,
1.125170332,2263681,Marin Cilic,Stepanek v Ma Cilic,50,2016-06-08 14:39:41.182,1.53,2016-06-08 16:45:00,
1.125170332,2263681,Marin Cilic,Stepanek v Ma Cilic,60,2016-06-08 16:00:35.064,1.52,2016-06-08 16:44:00,
1.125170332,2263681,Marin Cilic,Stepanek v Ma Cilic,70,2016-06-08 17:57:32.140,1.55,2016-06-09 12:30:00,
1.125170332,2263681,Marin Cilic,Stepanek v Ma Cilic,80,2016-06-09 08:26:28.607,1.52,2016-06-09 12:30:00,
1.125170332,2263681,Marin Cilic,Stepanek v Ma Cilic,90,2016-06-09 11:00:37.887,1.53,2016-06-09 12:51:00,
1.125170332,2263681,Marin Cilic,Stepanek v Ma Cilic,100,2016-06-09 12:18:42.477,1.54,2016-06-09 12:51:00,
1.125170386,3259323,Uladzimir Ignatik,Stebe v Ignatik,0,2016-06-07 17:56:33.280,1.86,2016-06-08 11:00:00,
1.125170386,3259323,Uladzimir Ignatik,Stebe v Ignatik,10,2016-06-07 18:07:50.824,1.68,2016-06-08 11:00:00,
1.125170386,3259323,Uladzimir Ignatik,Stebe v Ignatik,20,2016-06-08 06:22:49.604,1.85,2016-06-08 11:00:00,
1.125170386,3259323,Uladzimir Ignatik,Stebe v Ignatik,30,2016-06-08 09:13:55.805,1.8,2016-06-08 10:53:00,
1.125170386,3259323,Uladzimir Ignatik,Stebe v Ignatik,40,2016-06-08 09:21:55.887,1.97,2016-06-08 10:53:00,
1.125170386,3259323,Uladzimir Ignatik,Stebe v Ignatik,50,2016-06-08 09:27:40.225,1.93,2016-06-08 10:53:00,
1.125170386,3259323,Uladzimir Ignatik,Stebe v Ignatik,60,2016-06-08 09:38:53.715,1.9,2016-06-08 10:53:00,
1.125170386,3259323,Uladzimir Ignatik,Stebe v Ignatik,70,2016-06-08 09:47:56.406,1.84,2016-06-08 10:53:00,
1.125170386,3259323,Uladzimir Ignatik,Stebe v Ignatik,80,2016-06-08 09:49:56.832,1.9,2016-06-08 10:53:00,
1.125170386,3259323,Uladzimir Ignatik,Stebe v Ignatik,90,2016-06-08 09:52:54.942,1.85,2016-06-08 10:53:00,
1.125170386,3259323,Uladzimir Ignatik,Stebe v Ignatik,100,2016-06-08 10:34:53.569,1.87,2016-06-08 10:53:00,
1.125170386,11204367,Cedrik-Marcel Stebe,Stebe v Ignatik,0,2016-06-07 18:07:50.824,2.48,2016-06-08 11:00:00,
1.125170386,11204367,Cedrik-Marcel Stebe,Stebe v Ignatik,10,2016-06-08 04:53:32.507,2.4,2016-06-08 11:00:00,
1.125170386,11204367,Cedrik-Marcel Stebe,Stebe v Ignatik,20,2016-06-08 08:19:04.280,2.12,2016-06-08 11:00:00,
1.125170386,11204367,Cedrik-Marcel Stebe,Stebe v Ignatik,30,2016-06-08 09:14:50.800,2.12,2016-06-08 10:53:00,
1.125170386,11204367,Cedrik-Marcel Stebe,Stebe v Ignatik,40,2016-06-08 09:20:52.938,2.04,2016-06-08 10:53:00,
1.125170386,11204367,Cedrik-Marcel Stebe,Stebe v Ignatik,50,2016-06-08 09:24:29.961,2.04,2016-06-08 10:53:00,
1.125170386,11204367,Cedrik-Marcel Stebe,Stebe v Ignatik,60,2016-06-08 09:32:50.127,2.08,2016-06-08 10:53:00,
1.125170386,11204367,Cedrik-Marcel Stebe,Stebe v Ignatik,70,2016-06-08 09:38:53.715,2.14,2016-06-08 10:53:00,
1.125170386,11204367,Cedrik-Marcel Stebe,Stebe v Ignatik,80,2016-06-08 09:48:49.903,2.2,2016-06-08 10:53:00,
1.125170386,11204367,Cedrik-Marcel Stebe,Stebe v Ignatik,90,2016-06-08 09:50:46.768,2.08,2016-06-08 10:53:00,
1.125170386,11204367,Cedrik-Marcel Stebe,Stebe v Ignatik,100,2016-06-08 10:34:53.569,2.16,2016-06-08 10:53:00,
1.125170391,4822914,Tara Moore,Mchale v T Moore,0,2016-06-07 22:40:01.229,3.15,2016-06-08 12:00:00,
1.125170391,4822914,Tara Moore,Mchale v T Moore,10,2016-06-08 11:29:49.800,3.1,2016-06-09 12:00:00,
1.125170391,4822914,Tara Moore,Mchale v T Moore,20,2016-06-09 03:26:02.435,2.94,2016-06-09 17:00:00,
1.125170391,4822914,Tara Moore,Mchale v T Moore,30,2016-06-09 08:02:25.231,2.78,2016-06-09 17:00:00,
1.125170391,4822914,Tara Moore,Mchale v T Moore,40,2016-06-09 12:32:30.623,3.0,2016-06-09 16:49:00,
1.125170391,4822914,Tara Moore,Mchale v T Moore,50,2016-06-09 14:31:05.206,2.88,2016-06-09 17:18:00,
1.125170391,4822914,Tara Moore,Mchale v T Moore,60,2016-06-09 14:50:36.212,2.96,2016-06-09 17:18:00,
1.125170391,4822914,Tara Moore,Mchale v T Moore,70,2016-06-09 15:28:05.321,2.98,2016-06-09 17:11:00,
1.125170391,4822914,Tara Moore,Mchale v T Moore,80,2016-06-09 16:12:05.910,2.98,2016-06-09 17:11:00,
1.125170391,4822914,Tara Moore,Mchale v T Moore,90,2016-06-09 16:21:58.964,3.1,2016-06-09 17:11:00,
1.125170391,4822914,Tara Moore,Mchale v T Moore,100,2016-06-09 16:29:06.647,3.25,2016-06-09 17:11:00,
1.125170391,10904456,Christina McHale,Mchale v T Moore,0,2016-06-07 16:43:05.399,1.43,2016-06-08 12:00:00,
1.125170391,10904456,Christina McHale,Mchale v T Moore,10,2016-06-07 19:51:01.714,1.46,2016-06-08 12:00:00,
1.125170391,10904456,Christina McHale,Mchale v T Moore,20,2016-06-08 18:50:04.171,1.49,2016-06-09 17:00:00,
1.125170391,10904456,Christina McHale,Mchale v T Moore,30,2016-06-08 23:05:28.334,1.52,2016-06-09 17:00:00,
1.125170391,10904456,Christina McHale,Mchale v T Moore,40,2016-06-09 08:02:25.231,1.56,2016-06-09 17:00:00,
1.125170391,10904456,Christina McHale,Mchale v T Moore,50,2016-06-09 11:33:28.927,1.54,2016-06-09 16:49:00,
1.125170391,10904456,Christina McHale,Mchale v T Moore,60,2016-06-09 13:54:04.041,1.5,2016-06-09 17:18:00,
1.125170391,10904456,Christina McHale,Mchale v T Moore,70,2016-06-09 14:31:30.504,1.52,2016-06-09 17:18:00,
1.125170391,10904456,Christina McHale,Mchale v T Moore,80,2016-06-09 15:25:06.072,1.53,2016-06-09 17:11:00,
1.125170391,10904456,Christina McHale,Mchale v T Moore,90,2016-06-09 16:05:02.586,1.51,2016-06-09 17:11:00,
1.125170391,10904456,Christina McHale,Mchale v T Moore,100,2016-06-09 16:26:05.078,1.48,2016-06-09 17:11:00,
1.125170445,7797771,Andrey Rublev,Rublev v S Diez,0,2016-06-07 21:11:01.515,1.52,2016-06-08 12:00:00,
1.125170445,7797771,Andrey Rublev,Rublev v S Diez,10,2016-06-08 04:42:10.632,1.6,2016-06-08 12:00:00,
1.125170445,7797771,Andrey Rublev,Rublev v S Diez,20,2016-06-08 08:46:44.536,1.52,2016-06-08 12:00:00,
1.125170445,7797771,Andrey Rublev,Rublev v S Diez,30,2016-06-08 09:21:07.892,1.56,2016-06-08 12:00:00,
1.125170445,7797771,Andrey Rublev,Rublev v S Diez,40,2016-06-08 10:02:08.602,1.5,2016-06-08 12:00:00,
1.125170445,7797771,Andrey Rublev,Rublev v S Diez,50,2016-06-08 10:27:09.940,1.48,2016-06-08 12:00:00,
1.125170445,7797771,Andrey Rublev,Rublev v S Diez,60,2016-06-08 10:28:53.986,1.45,2016-06-08 12:00:00,
1.125170445,7797771,Andrey Rublev,Rublev v S Diez,70,2016-06-08 10:45:13.390,1.45,2016-06-08 12:00:00,
1.125170445,7797771,Andrey Rublev,Rublev v S Diez,80,2016-06-08 11:01:07.230,1.45,2016-06-08 12:00:00,
1.125170445,7797771,Andrey Rublev,Rublev v S Diez,90,2016-06-08 11:21:37.380,1.45,2016-06-08 12:00:00,
1.125170445,7797771,Andrey Rublev,Rublev v S Diez,100,2016-06-08 12:29:27.439,1.44,2016-06-08 12:30:00,
1.125170451,7593723,Bjorn Fratangelo,Fratangelo v O'Mara,0,2016-06-07 20:13:17.066,1.49,2016-06-08 12:30:00,
1.125170451,7593723,Bjorn Fratangelo,Fratangelo v O'Mara,10,2016-06-08 08:48:26.196,1.39,2016-06-08 12:30:00,
1.125170451,7593723,Bjorn Fratangelo,Fratangelo v O'Mara,20,2016-06-08 12:27:19.948,1.41,2016-06-08 12:30:00,
1.125170451,7593723,Bjorn Fratangelo,Fratangelo v O'Mara,30,2016-06-08 16:48:22.565,1.42,2016-06-09 10:00:00,2016-06-08 14:08:21.298
1.125170451,7593723,Bjorn Fratangelo,Fratangelo v O'Mara,40,2016-06-08 17:21:20.070,1.42,2016-06-09 10:00:00,2016-06-08 14:08:21.298
1.125170451,7593723,Bjorn Fratangelo,Fratangelo v O'Mara,50,2016-06-08 18:08:07.047,1.4,2016-06-09 10:00:00,2016-06-08 14:08:21.298
1.125170451,7593723,Bjorn Fratangelo,Fratangelo v O'Mara,60,2016-06-08 20:35:48.439,1.42,2016-06-09 10:00:00,2016-06-08 14:08:21.298
1.125170451,7593723,Bjorn Fratangelo,Fratangelo v O'Mara,70,2016-06-08 21:20:09.535,1.47,2016-06-09 10:00:00,2016-06-08 14:08:21.298
1.125170451,7593723,Bjorn Fratangelo,Fratangelo v O'Mara,80,2016-06-08 22:32:23.713,1.42,2016-06-09 10:00:00,2016-06-08 14:08:21.298
1.125170451,7593723,Bjorn Fratangelo,Fratangelo v O'Mara,90,2016-06-09 07:02:24.955,1.39,2016-06-09 10:00:00,2016-06-08 14:08:21.298
1.125170451,7593723,Bjorn Fratangelo,Fratangelo v O'Mara,100,2016-06-09 09:26:26.409,1.39,2016-06-09 10:00:00,2016-06-08 14:08:21.298
1.125170451,11204298,Jonny O'Mara,Fratangelo v O'Mara,0,2016-06-08 04:26:56.541,3.8,2016-06-08 12:30:00,
1.125170451,11204298,Jonny O'Mara,Fratangelo v O'Mara,10,2016-06-08 13:10:22.875,3.4,2016-06-08 13:15:00,
1.125170451,11204298,Jonny O'Mara,Fratangelo v O'Mara,20,2016-06-08 16:49:25.290,3.45,2016-06-09 10:00:00,2016-06-08 14:08:21.298
1.125170451,11204298,Jonny O'Mara,Fratangelo v O'Mara,30,2016-06-08 17:28:23.427,3.35,2016-06-09 10:00:00,2016-06-08 14:08:21.298
1.125170451,11204298,Jonny O'Mara,Fratangelo v O'Mara,40,2016-06-08 18:08:07.047,3.5,2016-06-09 10:00:00,2016-06-08 14:08:21.298
1.125170451,11204298,Jonny O'Mara,Fratangelo v O'Mara,50,2016-06-08 20:24:10.815,3.3,2016-06-09 10:00:00,2016-06-08 14:08:21.298
1.125170451,11204298,Jonny O'Mara,Fratangelo v O'Mara,60,2016-06-08 21:21:22.475,3.2,2016-06-09 10:00:00,2016-06-08 14:08:21.298
1.125170451,11204298,Jonny O'Mara,Fratangelo v O'Mara,70,2016-06-08 23:54:52.165,3.35,2016-06-09 10:00:00,2016-06-08 14:08:21.298
1.125170451,11204298,Jonny O'Mara,Fratangelo v O'Mara,80,2016-06-09 06:11:58.440,3.45,2016-06-09 10:00:00,2016-06-08 14:08:21.298
1.125170451,11204298,Jonny O'Mara,Fratangelo v O'Mara,90,2016-06-09 07:30:20.127,3.45,2016-06-09 10:00:00,2016-06-08 14:08:21.298
1.125170451,11204298,Jonny O'Mara,Fratangelo v O'Mara,100,2016-06-09 08:39:50.710,3.7,2016-06-09 10:00:00,2016-06-08 14:08:21.298
1.125171748,3066621,Adrian Mannarino,D Medvedev v A Mannarino,0,2016-06-07 20:04:23.591,1.39,2016-06-08 12:00:00,
1.125171748,3066621,Adrian Mannarino,D Medvedev v A Mannarino,10,2016-06-08 07:07:52.070,1.36,2016-06-09 12:00:00,
1.125171748,3066621,Adrian Mannarino,D Medvedev v A Mannarino,20,2016-06-08 12:25:05.884,1.33,2016-06-09 12:00:00,
1.125171748,3066621,Adrian Mannarino,D Medvedev v A Mannarino,30,2016-06-08 20:46:24.077,1.38,2016-06-09 11:00:00,
1.125171748,3066621,Adrian Mannarino,D Medvedev v A Mannarino,40,2016-06-09 04:26:20.189,1.37,2016-06-09 11:00:00,
1.125171748,3066621,Adrian Mannarino,D Medvedev v A Mannarino,50,2016-06-09 06:11:37.090,1.4,2016-06-09 11:00:00,
1.125171748,3066621,Adrian Mannarino,D Medvedev v A Mannarino,60,2016-06-09 07:09:09.711,1.41,2016-06-09 11:00:00,
1.125171748,3066621,Adrian Mannarino,D Medvedev v A Mannarino,70,2016-06-09 08:01:44.336,1.41,2016-06-09 11:00:00,
1.125171748,3066621,Adrian Mannarino,D Medvedev v A Mannarino,80,2016-06-09 09:19:24.575,1.38,2016-06-09 10:48:00,
1.125171748,3066621,Adrian Mannarino,D Medvedev v A Mannarino,90,2016-06-09 10:07:14.485,1.39,2016-06-09 10:48:00,
1.125171748,3066621,Adrian Mannarino,D Medvedev v A Mannarino,100,2016-06-09 10:30:21.451,1.41,2016-06-09 10:48:00,
1.125171748,7797742,Daniil Medvedev,D Medvedev v A Mannarino,0,2016-06-07 17:52:16.056,3.3,2016-06-08 12:00:00,
1.125171748,7797742,Daniil Medvedev,D Medvedev v A Mannarino,10,2016-06-08 03:12:11.011,3.3,2016-06-09 12:00:00,
1.125171748,7797742,Daniil Medvedev,D Medvedev v A Mannarino,20,2016-06-08 11:54:08.171,3.3,2016-06-09 12:00:00,
1.125171748,7797742,Daniil Medvedev,D Medvedev v A Mannarino,30,2016-06-08 17:19:04.444,3.7,2016-06-09 11:00:00,
1.125171748,7797742,Daniil Medvedev,D Medvedev v A Mannarino,40,2016-06-08 21:55:42.117,3.55,2016-06-09 11:00:00,
1.125171748,7797742,Daniil Medvedev,D Medvedev v A Mannarino,50,2016-06-09 05:35:20.621,3.7,2016-06-09 11:00:00,
1.125171748,7797742,Daniil Medvedev,D Medvedev v A Mannarino,60,2016-06-09 06:50:14.701,3.45,2016-06-09 11:00:00,
1.125171748,7797742,Daniil Medvedev,D Medvedev v A Mannarino,70,2016-06-09 07:11:19.371,3.45,2016-06-09 11:00:00,
1.125171748,7797742,Daniil Medvedev,D Medvedev v A Mannarino,80,2016-06-09 08:17:46.761,3.4,2016-06-09 11:00:00,
1.125171748,7797742,Daniil Medvedev,D Medvedev v A Mannarino,90,2016-06-09 09:00:09.090,3.4,2016-06-09 10:48:00,
1.125171748,7797742,Daniil Medvedev,D Medvedev v A Mannarino,100,2016-06-09 10:30:21.451,3.5,2016-06-09 10:48:00,
1.125171807,2415499,Santiago Giraldo,Giraldo v Donati,0,2016-06-08 03:10:51.903,1.55,2016-06-08 17:00:00,
1.125171807,2415499,Santiago Giraldo,Giraldo v Donati,10,2016-06-08 04:24:15.908,1.51,2016-06-08 17:00:00,
1.125171807,2415499,Santiago Giraldo,Giraldo v Donati,20,2016-06-08 11:39:07.545,1.54,2016-06-08 17:00:00,
1.125171807,2415499,Santiago Giraldo,Giraldo v Donati,30,2016-06-08 12:05:53.988,1.5,2016-06-08 17:00:00,
1.125171807,2415499,Santiago Giraldo,Giraldo v Donati,40,2016-06-08 15:48:29.884,1.49,2016-06-08 17:00:00,
1.125171807,2415499,Santiago Giraldo,Giraldo v Donati,50,2016-06-08 16:04:06.634,1.5,2016-06-08 17:00:00,
1.125171807,2415499,Santiago Giraldo,Giraldo v Donati,60,2016-06-08 16:46:21.268,1.45,2016-06-08 17:00:00,
1.125171807,2415499,Santiago Giraldo,Giraldo v Donati,70,2016-06-08 16:59:29.606,1.47,2016-06-08 17:00:00,
1.125171807,2415499,Santiago Giraldo,Giraldo v Donati,80,2016-06-08 17:04:28.156,1.47,2016-06-08 17:15:00,
1.125171807,2415499,Santiago Giraldo,Giraldo v Donati,90,2016-06-08 17:08:21.413,1.41,2016-06-08 17:15:00,
1.125171807,2415499,Santiago Giraldo,Giraldo v Donati,100,2016-06-08 17:14:31.541,1.42,2016-06-08 17:15:00,
1.125172007,2328051,Coco Vandeweghe,Vandeweghe v Hibino,0,2016-06-07 19:03:31.834,1.28,2016-06-08 15:00:00,
1.125172007,2328051,Coco Vandeweghe,Vandeweghe v Hibino,10,2016-06-08 04:44:06.166,1.25,2016-06-08 15:00:00,
1.125172007,2328051,Coco Vandeweghe,Vandeweghe v Hibino,20,2016-06-08 06:48:21.189,1.26,2016-06-08 15:00:00,
1.125172007,2328051,Coco Vandeweghe,Vandeweghe v Hibino,30,2016-06-08 10:55:26.009,1.28,2016-06-08 15:02:00,
1.125172007,2328051,Coco Vandeweghe,Vandeweghe v Hibino,40,2016-06-08 11:22:04.107,1.27,2016-06-08 15:00:00,
1.125172007,2328051,Coco Vandeweghe,Vandeweghe v Hibino,50,2016-06-08 11:55:25.717,1.26,2016-06-08 14:30:00,
1.125172007,2328051,Coco Vandeweghe,Vandeweghe v Hibino,60,2016-06-08 12:39:21.595,1.27,2016-06-08 14:45:00,
1.125172007,2328051,Coco Vandeweghe,Vandeweghe v Hibino,70,2016-06-08 12:46:02.456,1.28,2016-06-08 15:00:00,
1.125172007,2328051,Coco Vandeweghe,Vandeweghe v Hibino,80,2016-06-08 13:20:00.432,1.27,2016-06-08 15:04:00,
1.125172007,2328051,Coco Vandeweghe,Vandeweghe v Hibino,90,2016-06-08 13:31:06.627,1.28,2016-06-08 15:04:00,
1.125172007,2328051,Coco Vandeweghe,Vandeweghe v Hibino,100,2016-06-08 14:03:19.780,1.27,2016-06-08 15:04:00,
1.125172007,7683152,Nao Hibino,Vandeweghe v Hibino,0,2016-06-08 04:21:42.431,5.2,2016-06-08 15:00:00,
1.125172007,7683152,Nao Hibino,Vandeweghe v Hibino,10,2016-06-08 05:22:02.657,5.0,2016-06-08 15:00:00,
1.125172007,7683152,Nao Hibino,Vandeweghe v Hibino,20,2016-06-08 10:55:26.009,4.6,2016-06-08 15:02:00,
1.125172007,7683152,Nao Hibino,Vandeweghe v Hibino,30,2016-06-08 11:04:14.810,4.9,2016-06-08 15:01:00,
1.125172007,7683152,Nao Hibino,Vandeweghe v Hibino,40,2016-06-08 11:22:04.107,4.5,2016-06-08 15:00:00,
1.125172007,7683152,Nao Hibino,Vandeweghe v Hibino,50,2016-06-08 12:30:16.761,4.9,2016-06-08 14:45:00,
1.125172007,7683152,Nao Hibino,Vandeweghe v Hibino,60,2016-06-08 12:39:21.595,4.7,2016-06-08 14:45:00,
1.125172007,7683152,Nao Hibino,Vandeweghe v Hibino,70,2016-06-08 12:40:13.798,4.5,2016-06-08 14:45:00,
1.125172007,7683152,Nao Hibino,Vandeweghe v Hibino,80,2016-06-08 12:44:01.248,4.8,2016-06-08 14:45:00,
1.125172007,7683152,Nao Hibino,Vandeweghe v Hibino,90,2016-06-08 12:49:19.004,4.5,2016-06-08 15:00:00,
1.125172007,7683152,Nao Hibino,Vandeweghe v Hibino,100,2016-06-08 13:40:48.331,4.5,2016-06-08 15:04:00,
1.125172347,2309522,Caroline Wozniacki,Kontaveit v Wozniacki,0,2016-06-07 19:08:52.608,1.79,2016-06-08 15:00:00,
1.125172347,2309522,Caroline Wozniacki,Kontaveit v Wozniacki,10,2016-06-07 23:18:12.629,1.69,2016-06-08 15:00:00,
1.125172347,2309522,Caroline Wozniacki,Kontaveit v Wozniacki,20,2016-06-08 07:49:18.118,1.67,2016-06-08 15:00:00,
1.125172347,2309522,Caroline Wozniacki,Kontaveit v Wozniacki,30,2016-06-08 08:28:56.252,1.66,2016-06-08 15:00:00,
1.125172347,2309522,Caroline Wozniacki,Kontaveit v Wozniacki,40,2016-06-08 09:23:16.656,1.64,2016-06-08 15:00:00,
1.125172347,2309522,Caroline Wozniacki,Kontaveit v Wozniacki,50,2016-06-08 10:07:51.692,1.63,2016-06-08 15:00:00,
1.125172347,2309522,Caroline Wozniacki,Kontaveit v Wozniacki,60,2016-06-08 10:46:55.913,1.64,2016-06-08 15:00:00,
1.125172347,2309522,Caroline Wozniacki,Kontaveit v Wozniacki,70,2016-06-08 11:40:55.777,1.64,2016-06-08 14:49:00,
1.125172347,2309522,Caroline Wozniacki,Kontaveit v Wozniacki,80,2016-06-08 12:33:35.921,1.63,2016-06-08 14:13:00,
1.125172347,2309522,Caroline Wozniacki,Kontaveit v Wozniacki,90,2016-06-08 13:08:56.405,1.63,2016-06-08 14:13:00,
1.125172347,2309522,Caroline Wozniacki,Kontaveit v Wozniacki,100,2016-06-08 13:23:58.113,1.6,2016-06-08 14:13:00,
1.125172347,5300737,Anett Kontaveit,Kontaveit v Wozniacki,0,2016-06-07 17:57:39.131,2.96,2016-06-08 15:00:00,
1.125172347,5300737,Anett Kontaveit,Kontaveit v Wozniacki,10,2016-06-07 19:34:45.514,2.42,2016-06-08 15:00:00,
1.125172347,5300737,Anett Kontaveit,Kontaveit v Wozniacki,20,2016-06-07 20:50:33.741,2.46,2016-06-08 15:00:00,
1.125172347,5300737,Anett Kontaveit,Kontaveit v Wozniacki,30,2016-06-08 05:39:25.109,2.42,2016-06-08 15:00:00,
1.125172347,5300737,Anett Kontaveit,Kontaveit v Wozniacki,40,2016-06-08 07:49:18.118,2.48,2016-06-08 15:00:00,
1.125172347,5300737,Anett Kontaveit,Kontaveit v Wozniacki,50,2016-06-08 08:56:38.322,2.56,2016-06-08 15:00:00,
1.125172347,5300737,Anett Kontaveit,Kontaveit v Wozniacki,60,2016-06-08 09:44:43.444,2.54,2016-06-08 15:00:00,
1.125172347,5300737,Anett Kontaveit,Kontaveit v Wozniacki,70,2016-06-08 10:07:51.692,2.58,2016-06-08 15:00:00,
1.125172347,5300737,Anett Kontaveit,Kontaveit v Wozniacki,80,2016-06-08 11:55:57.821,2.58,2016-06-08 14:49:00,
1.125172347,5300737,Anett Kontaveit,Kontaveit v Wozniacki,90,2016-06-08 12:57:57.471,2.56,2016-06-08 14:13:00,
1.125172347,5300737,Anett Kontaveit,Kontaveit v Wozniacki,100,2016-06-08 13:23:58.113,2.58,2016-06-08 14:13:00,
1.125172401,2301068,Rogerio Dutra Silva,Eremin v Dutra Silva,0,2016-06-08 03:34:20.775,1.34,2016-06-08 13:00:00,
1.125172401,2301068,Rogerio Dutra Silva,Eremin v Dutra Silva,10,2016-06-08 04:21:02.265,1.25,2016-06-08 13:00:00,
1.125172401,2301068,Rogerio Dutra Silva,Eremin v Dutra Silva,20,2016-06-08 04:54:00.833,1.26,2016-06-08 13:00:00,
1.125172401,2301068,Rogerio Dutra Silva,Eremin v Dutra Silva,30,2016-06-08 08:26:56.032,1.26,2016-06-08 13:00:00,
1.125172401,2301068,Rogerio Dutra Silva,Eremin v Dutra Silva,40,2016-06-08 08:49:40.881,1.27,2016-06-08 13:00:00,
1.125172401,2301068,Rogerio Dutra Silva,Eremin v Dutra Silva,50,2016-06-08 11:00:01.934,1.34,2016-06-08 12:33:00,
1.125172401,2301068,Rogerio Dutra Silva,Eremin v Dutra Silva,60,2016-06-08 11:12:43.848,1.29,2016-06-08 12:33:00,
1.125172401,2301068,Rogerio Dutra Silva,Eremin v Dutra Silva,70,2016-06-08 11:53:06.626,1.33,2016-06-08 12:33:00,
1.125172401,2301068,Rogerio Dutra Silva,Eremin v Dutra Silva,80,2016-06-08 12:37:03.234,1.32,2016-06-08 12:48:00,
1.125172401,2301068,Rogerio Dutra Silva,Eremin v Dutra Silva,90,2016-06-08 12:37:36.385,1.28,2016-06-08 12:48:00,
1.125172401,2301068,Rogerio Dutra Silva,Eremin v Dutra Silva,100,2016-06-08 13:06:30.459,1.28,2016-06-08 13:18:00,
1.125172406,4486603,Dustin Brown,Du Brown v Corrie,0,2016-06-08 06:44:25.938,1.21,2016-06-09 12:00:00,
1.125172406,4486603,Dustin Brown,Du Brown v Corrie,10,2016-06-08 23:33:38.706,1.22,2016-06-09 10:00:00,
1.125172406,4486603,Dustin Brown,Du Brown v Corrie,20,2016-06-09 06:10:22.681,1.25,2016-06-09 10:00:00,
1.125172406,4486603,Dustin Brown,Du Brown v Corrie,30,2016-06-09 07:24:03.335,1.21,2016-06-09 10:00:00,
1.125172406,4486603,Dustin Brown,Du Brown v Corrie,40,2016-06-09 08:19:20.144,1.22,2016-06-09 10:00:00,
1.125172406,4486603,Dustin Brown,Du Brown v Corrie,50,2016-06-09 09:02:46.198,1.23,2016-06-09 10:00:00,
1.125172406,4486603,Dustin Brown,Du Brown v Corrie,60,2016-06-09 11:00:25.843,1.23,2016-06-09 12:00:00,
1.125172406,4486603,Dustin Brown,Du Brown v Corrie,70,2016-06-09 11:52:12.769,1.23,2016-06-09 13:30:00,
1.125172406,4486603,Dustin Brown,Du Brown v Corrie,80,2016-06-09 12:48:33.299,1.27,2016-06-09 13:30:00,
1.125172406,4486603,Dustin Brown,Du Brown v Corrie,90,2016-06-09 13:19:16.817,1.18,2016-06-09 14:45:00,
1.125172406,4486603,Dustin Brown,Du Brown v Corrie,100,2016-06-09 14:32:23.442,1.13,2016-06-09 14:45:00,
1.125172406,7337094,Edward Corrie,Du Brown v Corrie,0,2016-06-08 16:33:43.577,5.7,2016-06-09 10:00:00,
1.125172406,7337094,Edward Corrie,Du Brown v Corrie,10,2016-06-09 06:10:22.681,5.0,2016-06-09 10:00:00,
1.125172406,7337094,Edward Corrie,Du Brown v Corrie,20,2016-06-09 06:26:21.130,6.0,2016-06-09 10:00:00,
1.125172406,7337094,Edward Corrie,Du Brown v Corrie,30,2016-06-09 08:19:20.144,5.5,2016-06-09 10:00:00,
1.125172406,7337094,Edward Corrie,Du Brown v Corrie,40,2016-06-09 10:00:20.612,5.0,2016-06-09 12:00:00,
1.125172406,7337094,Edward Corrie,Du Brown v Corrie,50,2016-06-09 11:00:25.843,5.4,2016-06-09 12:00:00,
1.125172406,7337094,Edward Corrie,Du Brown v Corrie,60,2016-06-09 11:08:15.238,5.1,2016-06-09 12:00:00,
1.125172406,7337094,Edward Corrie,Du Brown v Corrie,70,2016-06-09 11:35:26.496,5.4,2016-06-09 13:30:00,
1.125172406,7337094,Edward Corrie,Du Brown v Corrie,80,2016-06-09 11:41:36.652,5.0,2016-06-09 13:30:00,
1.125172406,7337094,Edward Corrie,Du Brown v Corrie,90,2016-06-09 12:09:31.221,4.6,2016-06-09 13:30:00,
1.125172406,7337094,Edward Corrie,Du Brown v Corrie,100,2016-06-09 13:19:16.817,6.4,2016-06-09 14:45:00,
1.125172411,4596953,Di Wu,Tiafoe v D Wu,0,2016-06-08 04:26:44.541,3.45,2016-06-08 13:00:00,
1.125172411,4596953,Di Wu,Tiafoe v D Wu,10,2016-06-08 16:35:29.210,2.04,2016-06-09 10:00:00,2016-06-08 12:40:36.002
1.125172411,4596953,Di Wu,Tiafoe v D Wu,20,2016-06-08 18:52:35.917,2.06,2016-06-09 10:00:00,2016-06-08 12:40:36.002
1.125172411,4596953,Di Wu,Tiafoe v D Wu,30,2016-06-08 20:34:37.369,2.0,2016-06-09 10:00:00,2016-06-08 12:40:36.002
1.125172411,4596953,Di Wu,Tiafoe v D Wu,40,2016-06-09 02:47:33.763,1.97,2016-06-09 10:00:00,2016-06-08 12:40:36.002
1.125172411,4596953,Di Wu,Tiafoe v D Wu,50,2016-06-09 04:55:03.487,1.98,2016-06-09 10:00:00,2016-06-08 12:40:36.002
1.125172411,4596953,Di Wu,Tiafoe v D Wu,60,2016-06-09 06:59:55.337,2.06,2016-06-09 10:00:00,2016-06-08 12:40:36.002
1.125172411,4596953,Di Wu,Tiafoe v D Wu,70,2016-06-09 09:15:32.087,2.06,2016-06-09 10:00:00,2016-06-08 12:40:36.002
1.125172411,4596953,Di Wu,Tiafoe v D Wu,80,2016-06-09 10:49:28.369,2.04,2016-06-09 12:00:00,2016-06-08 12:40:36.002
1.125172411,4596953,Di Wu,Tiafoe v D Wu,90,2016-06-09 11:40:30.429,2.12,2016-06-09 13:30:00,2016-06-08 12:40:36.002
1.125172411,4596953,Di Wu,Tiafoe v D Wu,100,2016-06-09 14:38:55.744,2.1,2016-06-09 14:45:00,2016-06-08 12:40:36.002
1.125172411,9399490,Frances Tiafoe,Tiafoe v D Wu,0,2016-06-08 04:26:44.541,1.41,2016-06-08 13:00:00,
1.125172411,9399490,Frances Tiafoe,Tiafoe v D Wu,10,2016-06-08 17:06:34.845,1.97,2016-06-09 10:00:00,2016-06-08 12:40:36.002
1.125172411,9399490,Frances Tiafoe,Tiafoe v D Wu,20,2016-06-08 18:42:57.298,1.92,2016-06-09 12:00:00,2016-06-08 12:40:36.002
1.125172411,9399490,Frances Tiafoe,Tiafoe v D Wu,30,2016-06-08 20:21:14.981,2.0,2016-06-09 10:00:00,2016-06-08 12:40:36.002
1.125172411,9399490,Frances Tiafoe,Tiafoe v D Wu,40,2016-06-08 22:57:16.884,1.98,2016-06-09 10:00:00,2016-06-08 12:40:36.002
1.125172411,9399490,Frances Tiafoe,Tiafoe v D Wu,50,2016-06-09 05:03:35.299,2.0,2016-06-09 10:00:00,2016-06-08 12:40:36.002
1.125172411,9399490,Frances Tiafoe,Tiafoe v D Wu,60,2016-06-09 06:59:14.614,1.94,2016-06-09 10:00:00,2016-06-08 12:40:36.002
1.125172411,9399490,Frances Tiafoe,Tiafoe v D Wu,70,2016-06-09 09:15:32.087,1.93,2016-06-09 10:00:00,2016-06-08 12:40:36.002
1.125172411,9399490,Frances Tiafoe,Tiafoe v D Wu,80,2016-06-09 11:04:30.268,1.9,2016-06-09 12:00:00,2016-06-08 12:40:36.002
1.125172411,9399490,Frances Tiafoe,Tiafoe v D Wu,90,2016-06-09 12:45:37.758,1.92,2016-06-09 13:30:00,2016-06-08 12:40:36.002
1.125172411,9399490,Frances Tiafoe,Tiafoe v D Wu,100,2016-06-09 14:36:06.486,1.9,2016-06-09 14:45:00,2016-06-08 12:40:36.002
1.125172416,11204618,Yen-Hsun Lu,Da Nguyen v Ye Lu,0,2016-06-08 03:51:55.104,1.2,2016-06-08 11:00:00,
1.125172416,11204618,Yen-Hsun Lu,Da Nguyen v Ye Lu,10,2016-06-08 04:30:28.702,1.14,2016-06-08 11:00:00,
1.125172416,11204618,Yen-Hsun Lu,Da Nguyen v Ye Lu,20,2016-06-08 05:04:49.659,1.19,2016-06-08 11:00:00,
1.125172416,11204618,Yen-Hsun Lu,Da Nguyen v Ye Lu,30,2016-06-08 06:11:44.572,1.16,2016-06-08 11:00:00,
1.125172416,11204618,Yen-Hsun Lu,Da Nguyen v Ye Lu,40,2016-06-08 08:13:30.592,1.14,2016-06-08 11:00:00,
1.125172416,11204618,Yen-Hsun Lu,Da Nguyen v Ye Lu,50,2016-06-08 08:26:55.461,1.12,2016-06-08 11:00:00,
1.125172416,11204618,Yen-Hsun Lu,Da Nguyen v Ye Lu,60,2016-06-08 10:12:50.418,1.15,2016-06-08 11:00:00,
1.125172416,11204618,Yen-Hsun Lu,Da Nguyen v Ye Lu,70,2016-06-08 10:18:33.450,1.16,2016-06-08 11:00:00,
1.125172416,11204618,Yen-Hsun Lu,Da Nguyen v Ye Lu,80,2016-06-08 10:39:31.307,1.16,2016-06-08 11:00:00,
1.125172416,11204618,Yen-Hsun Lu,Da Nguyen v Ye Lu,90,2016-06-08 10:41:20.568,1.15,2016-06-08 11:00:00,
1.125172416,11204618,Yen-Hsun Lu,Da Nguyen v Ye Lu,100,2016-06-08 10:59:36.755,1.15,2016-06-08 11:00:00,
1.125172421,2263576,Varvara Lepchenko,Bencic v Lepchenko,0,2016-06-08 06:34:31.994,3.2,2016-06-09 12:00:00,
1.125172421,2263576,Varvara Lepchenko,Bencic v Lepchenko,10,2016-06-08 14:56:29.547,3.55,2016-06-09 14:30:00,
1.125172421,2263576,Varvara Lepchenko,Bencic v Lepchenko,20,2016-06-09 06:13:30.783,3.55,2016-06-09 14:30:00,
1.125172421,2263576,Varvara Lepchenko,Bencic v Lepchenko,30,2016-06-09 09:28:38.401,3.4,2016-06-09 14:30:00,
1.125172421,2263576,Varvara Lepchenko,Bencic v Lepchenko,40,2016-06-09 12:28:53.328,3.45,2016-06-09 14:30:00,
1.125172421,2263576,Varvara Lepchenko,Bencic v Lepchenko,50,2016-06-09 13:03:17.316,3.5,2016-06-09 14:30:00,
1.125172421,2263576,Varvara Lepchenko,Bencic v Lepchenko,60,2016-06-09 13:32:01.425,3.5,2016-06-09 14:30:00,
1.125172421,2263576,Varvara Lepchenko,Bencic v Lepchenko,70,2016-06-09 13:48:16.409,3.35,2016-06-09 14:30:00,
1.125172421,2263576,Varvara Lepchenko,Bencic v Lepchenko,80,2016-06-09 14:39:32.728,3.4,2016-06-09 14:45:00,
1.125172421,2263576,Varvara Lepchenko,Bencic v Lepchenko,90,2016-06-09 14:54:07.598,3.7,2016-06-09 15:00:00,
1.125172421,2263576,Varvara Lepchenko,Bencic v Lepchenko,100,2016-06-09 15:04:17.678,3.6,2016-06-09 15:15:00,
1.125172421,6390244,Belinda Bencic,Bencic v Lepchenko,0,2016-06-07 13:45:13.783,1.17,2016-06-08 12:00:00,
1.125172421,6390244,Belinda Bencic,Bencic v Lepchenko,10,2016-06-08 10:12:25.618,1.38,2016-06-09 12:00:00,
1.125172421,6390244,Belinda Bencic,Bencic v Lepchenko,20,2016-06-08 21:29:11.998,1.39,2016-06-09 14:30:00,
1.125172421,6390244,Belinda Bencic,Bencic v Lepchenko,30,2016-06-09 06:13:30.783,1.39,2016-06-09 14:30:00,
1.125172421,6390244,Belinda Bencic,Bencic v Lepchenko,40,2016-06-09 07:57:10.189,1.41,2016-06-09 14:30:00,
1.125172421,6390244,Belinda Bencic,Bencic v Lepchenko,50,2016-06-09 10:06:01.342,1.4,2016-06-09 14:30:00,
1.125172421,6390244,Belinda Bencic,Bencic v Lepchenko,60,2016-06-09 12:45:30.278,1.42,2016-06-09 14:30:00,
1.125172421,6390244,Belinda Bencic,Bencic v Lepchenko,70,2016-06-09 13:32:01.425,1.4,2016-06-09 14:30:00,
1.125172421,6390244,Belinda Bencic,Bencic v Lepchenko,80,2016-06-09 13:59:25.099,1.41,2016-06-09 14:30:00,
1.125172421,6390244,Belinda Bencic,Bencic v Lepchenko,90,2016-06-09 14:37:26.829,1.41,2016-06-09 14:45:00,
1.125172421,6390244,Belinda Bencic,Bencic v Lepchenko,100,2016-06-09 15:03:17.492,1.38,2016-06-09 15:15:00,
1.125172653,2249834,Juan Martin Del Potro,Millman v Del Potro,0,2016-06-07 15:16:39.682,1.33,2016-06-08 12:00:00,
1.125172653,2249834,Juan Martin Del Potro,Millman v Del Potro,10,2016-06-08 06:51:42.256,1.26,2016-06-09 12:00:00,
1.125172653,2249834,Juan Martin Del Potro,Millman v Del Potro,20,2016-06-08 09:50:04.223,1.27,2016-06-09 12:00:00,
1.125172653,2249834,Juan Martin Del Potro,Millman v Del Potro,30,2016-06-08 16:31:38.887,1.25,2016-06-09 12:00:00,
1.125172653,2249834,Juan Martin Del Potro,Millman v Del Potro,40,2016-06-09 03:59:13.659,1.22,2016-06-09 14:30:00,
1.125172653,2249834,Juan Martin Del Potro,Millman v Del Potro,50,2016-06-09 06:54:51.816,1.2,2016-06-09 14:30:00,
1.125172653,2249834,Juan Martin Del Potro,Millman v Del Potro,60,2016-06-09 10:17:16.442,1.21,2016-06-09 14:30:00,
1.125172653,2249834,Juan Martin Del Potro,Millman v Del Potro,70,2016-06-09 12:15:36.280,1.21,2016-06-09 14:51:00,
1.125172653,2249834,Juan Martin Del Potro,Millman v Del Potro,80,2016-06-09 13:04:04.907,1.19,2016-06-09 14:19:00,
1.125172653,2249834,Juan Martin Del Potro,Millman v Del Potro,90,2016-06-09 14:06:38.080,1.2,2016-06-09 14:19:00,
1.125172653,2249834,Juan Martin Del Potro,Millman v Del Potro,100,2016-06-09 14:31:38.336,1.2,2016-06-09 14:32:00,
1.125172653,4415206,John Millman,Millman v Del Potro,0,2016-06-07 15:16:39.682,4.0,2016-06-08 12:00:00,
1.125172653,4415206,John Millman,Millman v Del Potro,10,2016-06-08 09:29:31.748,4.2,2016-06-09 12:00:00,
1.125172653,4415206,John Millman,Millman v Del Potro,20,2016-06-08 16:30:32.315,5.1,2016-06-09 12:00:00,
1.125172653,4415206,John Millman,Millman v Del Potro,30,2016-06-09 03:31:41.127,5.3,2016-06-09 14:30:00,
1.125172653,4415206,John Millman,Millman v Del Potro,40,2016-06-09 06:26:08.395,5.8,2016-06-09 14:30:00,
1.125172653,4415206,John Millman,Millman v Del Potro,50,2016-06-09 11:04:28.847,6.0,2016-06-09 14:51:00,
1.125172653,4415206,John Millman,Millman v Del Potro,60,2016-06-09 12:11:36.904,5.6,2016-06-09 14:51:00,
1.125172653,4415206,John Millman,Millman v Del Potro,70,2016-06-09 13:01:18.059,5.8,2016-06-09 14:19:00,
1.125172653,4415206,John Millman,Millman v Del Potro,80,2016-06-09 13:24:33.647,5.9,2016-06-09 14:19:00,
1.125172653,4415206,John Millman,Millman v Del Potro,90,2016-06-09 14:10:39.321,6.0,2016-06-09 14:19:00,
1.125172653,4415206,John Millman,Millman v Del Potro,100,2016-06-09 14:30:39.715,6.2,2016-06-09 14:32:00,
1.125173756,2258415,Lukas Rosol,Rosol v Gombos,0,2016-06-07 22:33:51.596,1.28,2016-06-08 12:00:00,
1.125173756,2258415,Lukas Rosol,Rosol v Gombos,10,2016-06-08 04:20:46.314,1.29,2016-06-08 12:00:00,
1.125173756,2258415,Lukas Rosol,Rosol v Gombos,20,2016-06-08 06:00:47.472,1.29,2016-06-08 12:00:00,
1.125173756,2258415,Lukas Rosol,Rosol v Gombos,30,2016-06-08 08:26:55.668,1.25,2016-06-08 12:00:00,
1.125173756,2258415,Lukas Rosol,Rosol v Gombos,40,2016-06-08 08:42:54.876,1.27,2016-06-08 12:00:00,
1.125173756,2258415,Lukas Rosol,Rosol v Gombos,50,2016-06-08 09:10:59.018,1.26,2016-06-08 12:00:00,
1.125173756,2258415,Lukas Rosol,Rosol v Gombos,60,2016-06-08 10:00:37.141,1.27,2016-06-08 12:00:00,
1.125173756,2258415,Lukas Rosol,Rosol v Gombos,70,2016-06-08 10:45:40.666,1.27,2016-06-08 12:00:00,
1.125173756,2258415,Lukas Rosol,Rosol v Gombos,80,2016-06-08 11:33:50.188,1.22,2016-06-08 12:00:00,
1.125173756,2258415,Lukas Rosol,Rosol v Gombos,90,2016-06-08 11:41:53.019,1.25,2016-06-08 12:00:00,
1.125173756,2258415,Lukas Rosol,Rosol v Gombos,100,2016-06-08 11:53:51.058,1.27,2016-06-08 12:00:00,
1.125173756,8173023,Norbert Gombos,Rosol v Gombos,0,2016-06-07 18:47:17.635,4.3,2016-06-08 12:00:00,
1.125173756,8173023,Norbert Gombos,Rosol v Gombos,10,2016-06-08 03:28:58.904,3.8,2016-06-08 12:00:00,
1.125173756,8173023,Norbert Gombos,Rosol v Gombos,20,2016-06-08 04:53:50.919,4.4,2016-06-08 12:00:00,
1.125173756,8173023,Norbert Gombos,Rosol v Gombos,30,2016-06-08 07:56:27.290,4.5,2016-06-08 12:00:00,
1.125173756,8173023,Norbert Gombos,Rosol v Gombos,40,2016-06-08 08:26:55.668,5.0,2016-06-08 12:00:00,
1.125173756,8173023,Norbert Gombos,Rosol v Gombos,50,2016-06-08 08:46:39.719,4.2,2016-06-08 12:00:00,
1.125173756,8173023,Norbert Gombos,Rosol v Gombos,60,2016-06-08 10:25:57.535,4.8,2016-06-08 12:00:00,
1.125173756,8173023,Norbert Gombos,Rosol v Gombos,70,2016-06-08 10:29:55.504,4.2,2016-06-08 12:00:00,
1.125173756,8173023,Norbert Gombos,Rosol v Gombos,80,2016-06-08 10:46:44.763,4.8,2016-06-08 12:00:00,
1.125173756,8173023,Norbert Gombos,Rosol v Gombos,90,2016-06-08 11:27:54.082,5.0,2016-06-08 12:00:00,
1.125173756,8173023,Norbert Gombos,Rosol v Gombos,100,2016-06-08 11:46:23.277,4.8,2016-06-08 12:00:00,
1.125173761,2405315,Andrea Hlavackova,Barty v Hlavackova,0,2016-06-08 02:42:07.930,3.45,2016-06-09 12:00:00,
1.125173761,2405315,Andrea Hlavackova,Barty v Hlavackova,10,2016-06-08 22:01:00.029,3.4,2016-06-09 13:00:00,
1.125173761,2405315,Andrea Hlavackova,Barty v Hlavackova,20,2016-06-09 08:42:09.546,3.6,2016-06-09 13:00:00,
1.125173761,2405315,Andrea Hlavackova,Barty v Hlavackova,30,2016-06-09 11:23:00.306,3.9,2016-06-09 12:49:00,
1.125173761,2405315,Andrea Hlavackova,Barty v Hlavackova,40,2016-06-09 11:54:52.060,3.7,2016-06-09 12:49:00,
1.125173761,2405315,Andrea Hlavackova,Barty v Hlavackova,50,2016-06-09 12:17:00.825,3.65,2016-06-09 12:49:00,
1.125173761,2405315,Andrea Hlavackova,Barty v Hlavackova,60,2016-06-09 12:18:48.350,3.6,2016-06-09 12:49:00,
1.125173761,2405315,Andrea Hlavackova,Barty v Hlavackova,70,2016-06-09 12:28:57.080,3.6,2016-06-09 12:49:00,
1.125173761,2405315,Andrea Hlavackova,Barty v Hlavackova,80,2016-06-09 12:42:46.423,3.7,2016-06-09 12:49:00,
1.125173761,2405315,Andrea Hlavackova,Barty v Hlavackova,90,2016-06-09 13:07:56.091,3.9,2016-06-09 13:19:00,
1.125173761,2405315,Andrea Hlavackova,Barty v Hlavackova,100,2016-06-09 13:16:56.370,4.1,2016-06-09 13:18:00,
1.125173761,6079501,Ashleigh Barty,Barty v Hlavackova,0,2016-06-07 19:28:36.641,1.42,2016-06-08 12:00:00,
1.125173761,6079501,Ashleigh Barty,Barty v Hlavackova,10,2016-06-08 21:21:39.355,1.4,2016-06-09 13:00:00,
1.125173761,6079501,Ashleigh Barty,Barty v Hlavackova,20,2016-06-09 07:17:50.916,1.4,2016-06-09 13:00:00,
1.125173761,6079501,Ashleigh Barty,Barty v Hlavackova,30,2016-06-09 08:05:33.417,1.41,2016-06-09 13:00:00,
1.125173761,6079501,Ashleigh Barty,Barty v Hlavackova,40,2016-06-09 08:47:38.360,1.38,2016-06-09 13:00:00,
1.125173761,6079501,Ashleigh Barty,Barty v Hlavackova,50,2016-06-09 09:42:06.487,1.39,2016-06-09 13:00:00,
1.125173761,6079501,Ashleigh Barty,Barty v Hlavackova,60,2016-06-09 11:44:53.494,1.37,2016-06-09 12:49:00,
1.125173761,6079501,Ashleigh Barty,Barty v Hlavackova,70,2016-06-09 12:10:30.397,1.38,2016-06-09 12:49:00,
1.125173761,6079501,Ashleigh Barty,Barty v Hlavackova,80,2016-06-09 12:30:59.434,1.36,2016-06-09 12:49:00,
1.125173761,6079501,Ashleigh Barty,Barty v Hlavackova,90,2016-06-09 12:55:15.302,1.35,2016-06-09 13:04:00,
1.125173761,6079501,Ashleigh Barty,Barty v Hlavackova,100,2016-06-09 13:16:56.370,1.34,2016-06-09 13:18:00,
1.125173815,7283232,Viktorija Golubic,R Ozaki v Golubic,0,2016-06-07 23:03:20.818,1.47,2016-06-08 12:00:00,
1.125173815,7283232,Viktorija Golubic,R Ozaki v Golubic,10,2016-06-08 20:54:11.805,1.45,2016-06-09 15:00:00,
1.125173815,7283232,Viktorija Golubic,R Ozaki v Golubic,20,2016-06-09 07:50:24.113,1.46,2016-06-09 15:00:00,
1.125173815,7283232,Viktorija Golubic,R Ozaki v Golubic,30,2016-06-09 08:41:26.463,1.52,2016-06-09 15:00:00,
1.125173815,7283232,Viktorija Golubic,R Ozaki v Golubic,40,2016-06-09 11:36:24.622,1.53,2016-06-09 14:34:00,
1.125173815,7283232,Viktorija Golubic,R Ozaki v Golubic,50,2016-06-09 12:46:12.327,1.5,2016-06-09 13:52:00,
1.125173815,7283232,Viktorija Golubic,R Ozaki v Golubic,60,2016-06-09 13:05:20.893,1.51,2016-06-09 13:52:00,
1.125173815,7283232,Viktorija Golubic,R Ozaki v Golubic,70,2016-06-09 13:14:25.337,1.52,2016-06-09 13:52:00,
1.125173815,7283232,Viktorija Golubic,R Ozaki v Golubic,80,2016-06-09 13:30:07.633,1.51,2016-06-09 13:52:00,
1.125173815,7283232,Viktorija Golubic,R Ozaki v Golubic,90,2016-06-09 13:41:24.747,1.5,2016-06-09 13:52:00,
1.125173815,7283232,Viktorija Golubic,R Ozaki v Golubic,100,2016-06-09 13:51:14.490,1.51,2016-06-09 13:52:00,
1.125173815,7593284,Risa Ozaki,R Ozaki v Golubic,0,2016-06-09 07:42:27.327,3.2,2016-06-09 15:00:00,
1.125173815,7593284,Risa Ozaki,R Ozaki v Golubic,10,2016-06-09 07:50:24.113,3.05,2016-06-09 15:00:00,
1.125173815,7593284,Risa Ozaki,R Ozaki v Golubic,20,2016-06-09 08:41:26.463,2.96,2016-06-09 15:00:00,
1.125173815,7593284,Risa Ozaki,R Ozaki v Golubic,30,2016-06-09 09:25:03.669,2.9,2016-06-09 14:48:00,
1.125173815,7593284,Risa Ozaki,R Ozaki v Golubic,40,2016-06-09 09:47:52.688,3.1,2016-06-09 14:48:00,
1.125173815,7593284,Risa Ozaki,R Ozaki v Golubic,50,2016-06-09 10:49:17.093,2.88,2016-06-09 14:34:00,
1.125173815,7593284,Risa Ozaki,R Ozaki v Golubic,60,2016-06-09 12:46:12.327,2.98,2016-06-09 13:52:00,
1.125173815,7593284,Risa Ozaki,R Ozaki v Golubic,70,2016-06-09 12:55:09.910,2.88,2016-06-09 13:52:00,
1.125173815,7593284,Risa Ozaki,R Ozaki v Golubic,80,2016-06-09 13:12:26.988,2.92,2016-06-09 13:52:00,
1.125173815,7593284,Risa Ozaki,R Ozaki v Golubic,90,2016-06-09 13:46:04.527,2.96,2016-06-09 13:52:00,
1.125173815,7593284,Risa Ozaki,R Ozaki v Golubic,100,2016-06-09 13:48:19.400,2.92,2016-06-09 13:52:00,
1.125173824,3622052,Kristina Mladenovic,K Mladenovic v Vikhlyantseva,0,2016-06-07 16:37:54.128,1.45,2016-06-08 12:30:00,
1.125173824,3622052,Kristina Mladenovic,K Mladenovic v Vikhlyantseva,10,2016-06-07 20:17:09.314,1.4,2016-06-08 12:30:00,
1.125173824,3622052,Kristina Mladenovic,K Mladenovic v Vikhlyantseva,20,2016-06-08 03:07:16.691,1.38,2016-06-08 12:30:00,
1.125173824,3622052,Kristina Mladenovic,K Mladenovic v Vikhlyantseva,30,2016-06-08 06:19:18.755,1.4,2016-06-08 12:30:00,
1.125173824,3622052,Kristina Mladenovic,K Mladenovic v Vikhlyantseva,40,2016-06-08 07:36:26.286,1.41,2016-06-08 12:30:00,
1.125173824,3622052,Kristina Mladenovic,K Mladenovic v Vikhlyantseva,50,2016-06-08 08:17:11.113,1.4,2016-06-08 12:30:00,
1.125173824,3622052,Kristina Mladenovic,K Mladenovic v Vikhlyantseva,60,2016-06-08 10:05:14.318,1.4,2016-06-08 12:30:00,
1.125173824,3622052,Kristina Mladenovic,K Mladenovic v Vikhlyantseva,70,2016-06-08 12:06:17.009,1.37,2016-06-08 12:30:00,
1.125173824,3622052,Kristina Mladenovic,K Mladenovic v Vikhlyantseva,80,2016-06-08 12:22:17.201,1.37,2016-06-08 12:30:00,
1.125173824,3622052,Kristina Mladenovic,K Mladenovic v Vikhlyantseva,90,2016-06-08 12:39:51.172,1.37,2016-06-08 12:45:00,
1.125173824,3622052,Kristina Mladenovic,K Mladenovic v Vikhlyantseva,100,2016-06-08 13:03:26.809,1.38,2016-06-08 13:15:00,
1.125173824,9042370,Natalia Vikhlyantseva,K Mladenovic v Vikhlyantseva,0,2016-06-07 16:18:07.044,3.75,2016-06-08 12:30:00,
1.125173824,9042370,Natalia Vikhlyantseva,K Mladenovic v Vikhlyantseva,10,2016-06-07 17:44:13.570,3.05,2016-06-08 12:30:00,
1.125173824,9042370,Natalia Vikhlyantseva,K Mladenovic v Vikhlyantseva,20,2016-06-08 00:37:15.807,3.4,2016-06-08 12:30:00,
1.125173824,9042370,Natalia Vikhlyantseva,K Mladenovic v Vikhlyantseva,30,2016-06-08 06:22:29.762,3.5,2016-06-08 12:30:00,
1.125173824,9042370,Natalia Vikhlyantseva,K Mladenovic v Vikhlyantseva,40,2016-06-08 08:13:03.102,3.45,2016-06-08 12:30:00,
1.125173824,9042370,Natalia Vikhlyantseva,K Mladenovic v Vikhlyantseva,50,2016-06-08 09:22:25.832,3.5,2016-06-08 12:30:00,
1.125173824,9042370,Natalia Vikhlyantseva,K Mladenovic v Vikhlyantseva,60,2016-06-08 11:17:08.056,3.5,2016-06-08 12:30:00,
1.125173824,9042370,Natalia Vikhlyantseva,K Mladenovic v Vikhlyantseva,70,2016-06-08 11:41:22.608,3.4,2016-06-08 12:30:00,
1.125173824,9042370,Natalia Vikhlyantseva,K Mladenovic v Vikhlyantseva,80,2016-06-08 12:12:24.730,3.7,2016-06-08 12:30:00,
1.125173824,9042370,Natalia Vikhlyantseva,K Mladenovic v Vikhlyantseva,90,2016-06-08 12:25:20.935,3.7,2016-06-08 12:30:00,
1.125173824,9042370,Natalia Vikhlyantseva,K Mladenovic v Vikhlyantseva,100,2016-06-08 12:59:26.626,3.6,2016-06-08 13:00:00,
1.125175904,5374368,Monica Puig,Puig v Larcher De Brito,0,2016-06-07 19:06:11.728,1.59,2016-06-08 11:00:00,
1.125175904,5374368,Monica Puig,Puig v Larcher De Brito,10,2016-06-07 22:24:39.558,1.49,2016-06-08 11:00:00,
1.125175904,5374368,Monica Puig,Puig v Larcher De Brito,20,2016-06-08 04:42:52.459,1.47,2016-06-08 11:00:00,
1.125175904,5374368,Monica Puig,Puig v Larcher De Brito,30,2016-06-08 06:05:55.354,1.51,2016-06-08 11:00:00,
1.125175904,5374368,Monica Puig,Puig v Larcher De Brito,40,2016-06-08 06:34:30.587,1.45,2016-06-08 11:00:00,
1.125175904,5374368,Monica Puig,Puig v Larcher De Brito,50,2016-06-08 07:23:58.140,1.45,2016-06-08 11:00:00,
1.125175904,5374368,Monica Puig,Puig v Larcher De Brito,60,2016-06-08 08:04:01.230,1.44,2016-06-08 11:00:00,
1.125175904,5374368,Monica Puig,Puig v Larcher De Brito,70,2016-06-08 08:54:06.930,1.46,2016-06-08 11:00:00,
1.125175904,5374368,Monica Puig,Puig v Larcher De Brito,80,2016-06-08 09:21:03.068,1.42,2016-06-08 11:00:00,
1.125175904,5374368,Monica Puig,Puig v Larcher De Brito,90,2016-06-08 10:18:48.614,1.42,2016-06-08 11:00:00,
1.125175904,5374368,Monica Puig,Puig v Larcher De Brito,100,2016-06-08 10:46:06.309,1.39,2016-06-08 11:00:00,
1.125175904,9564237,Michelle Larcher de Bri,Puig v Larcher De Brito,0,2016-06-08 00:09:42.859,2.96,2016-06-08 11:00:00,
1.125175904,9564237,Michelle Larcher de Bri,Puig v Larcher De Brito,10,2016-06-08 04:22:58.948,3.1,2016-06-08 11:00:00,
1.125175904,9564237,Michelle Larcher de Bri,Puig v Larcher De Brito,20,2016-06-08 06:05:55.354,2.96,2016-06-08 11:00:00,
1.125175904,9564237,Michelle Larcher de Bri,Puig v Larcher De Brito,30,2016-06-08 07:10:19.725,3.25,2016-06-08 11:00:00,
1.125175904,9564237,Michelle Larcher de Bri,Puig v Larcher De Brito,40,2016-06-08 07:41:07.440,3.3,2016-06-08 11:00:00,
1.125175904,9564237,Michelle Larcher de Bri,Puig v Larcher De Brito,50,2016-06-08 08:19:16.154,3.35,2016-06-08 11:00:00,
1.125175904,9564237,Michelle Larcher de Bri,Puig v Larcher De Brito,60,2016-06-08 08:30:04.598,3.15,2016-06-08 11:00:00,
1.125175904,9564237,Michelle Larcher de Bri,Puig v Larcher De Brito,70,2016-06-08 08:48:43.095,3.15,2016-06-08 11:00:00,
1.125175904,9564237,Michelle Larcher de Bri,Puig v Larcher De Brito,80,2016-06-08 09:47:35.368,3.4,2016-06-08 11:00:00,
1.125175904,9564237,Michelle Larcher de Bri,Puig v Larcher De Brito,90,2016-06-08 10:25:52.516,3.45,2016-06-08 11:00:00,
1.125175904,9564237,Michelle Larcher de Bri,Puig v Larcher De Brito,100,2016-06-08 10:46:59.625,3.55,2016-06-08 11:00:00,
1.125175958,7051154,Kateryna Kozlova,Kozlova v Ostapenko,0,2016-06-08 00:25:25.467,3.35,2016-06-09 12:00:00,
1.125175958,7051154,Kateryna Kozlova,Kozlova v Ostapenko,10,2016-06-08 08:09:16.249,3.0,2016-06-09 12:00:00,
1.125175958,7051154,Kateryna Kozlova,Kozlova v Ostapenko,20,2016-06-08 08:32:16.727,2.84,2016-06-09 12:00:00,
1.125175958,7051154,Kateryna Kozlova,Kozlova v Ostapenko,30,2016-06-08 13:55:15.198,2.74,2016-06-09 12:00:00,
1.125175958,7051154,Kateryna Kozlova,Kozlova v Ostapenko,40,2016-06-09 08:55:25.498,2.96,2016-06-09 12:48:00,
1.125175958,7051154,Kateryna Kozlova,Kozlova v Ostapenko,50,2016-06-09 09:13:11.308,2.9,2016-06-09 12:48:00,
1.125175958,7051154,Kateryna Kozlova,Kozlova v Ostapenko,60,2016-06-09 09:49:09.309,2.98,2016-06-09 12:48:00,
1.125175958,7051154,Kateryna Kozlova,Kozlova v Ostapenko,70,2016-06-09 10:18:37.834,2.96,2016-06-09 12:48:00,
1.125175958,7051154,Kateryna Kozlova,Kozlova v Ostapenko,80,2016-06-09 10:26:44.781,3.0,2016-06-09 12:48:00,
1.125175958,7051154,Kateryna Kozlova,Kozlova v Ostapenko,90,2016-06-09 11:36:10.397,3.0,2016-06-09 12:34:00,
1.125175958,7051154,Kateryna Kozlova,Kozlova v Ostapenko,100,2016-06-09 11:51:11.060,3.0,2016-06-09 11:53:00,
1.125175958,8827537,Jelena Ostapenko,Kozlova v Ostapenko,0,2016-06-07 16:20:19.691,1.47,2016-06-08 12:00:00,
1.125175958,8827537,Jelena Ostapenko,Kozlova v Ostapenko,10,2016-06-07 23:02:52.157,1.44,2016-06-08 12:00:00,
1.125175958,8827537,Jelena Ostapenko,Kozlova v Ostapenko,20,2016-06-08 00:35:59.389,1.46,2016-06-09 12:00:00,
1.125175958,8827537,Jelena Ostapenko,Kozlova v Ostapenko,30,2016-06-08 08:23:19.664,1.51,2016-06-09 12:00:00,
1.125175958,8827537,Jelena Ostapenko,Kozlova v Ostapenko,40,2016-06-08 18:58:47.503,1.57,2016-06-09 13:00:00,
1.125175958,8827537,Jelena Ostapenko,Kozlova v Ostapenko,50,2016-06-09 07:05:20.339,1.51,2016-06-09 13:00:00,
1.125175958,8827537,Jelena Ostapenko,Kozlova v Ostapenko,60,2016-06-09 08:31:15.611,1.51,2016-06-09 13:00:00,
1.125175958,8827537,Jelena Ostapenko,Kozlova v Ostapenko,70,2016-06-09 09:13:11.308,1.53,2016-06-09 12:48:00,
1.125175958,8827537,Jelena Ostapenko,Kozlova v Ostapenko,80,2016-06-09 10:29:11.942,1.5,2016-06-09 12:48:00,
1.125175958,8827537,Jelena Ostapenko,Kozlova v Ostapenko,90,2016-06-09 11:31:45.880,1.5,2016-06-09 12:34:00,
1.125175958,8827537,Jelena Ostapenko,Kozlova v Ostapenko,100,2016-06-09 11:49:19.638,1.51,2016-06-09 12:34:00,
1.125176012,2248579,Gilles Muller,Garcia-Lopez v G Muller,0,2016-06-07 16:50:13.525,1.67,2016-06-08 12:00:00,
1.125176012,2248579,Gilles Muller,Garcia-Lopez v G Muller,10,2016-06-08 03:51:36.313,1.65,2016-06-09 12:00:00,
1.125176012,2248579,Gilles Muller,Garcia-Lopez v G Muller,20,2016-06-08 16:34:12.819,1.61,2016-06-09 09:00:00,
1.125176012,2248579,Gilles Muller,Garcia-Lopez v G Muller,30,2016-06-08 20:51:36.244,1.57,2016-06-09 09:00:00,
1.125176012,2248579,Gilles Muller,Garcia-Lopez v G Muller,40,2016-06-09 01:33:35.105,1.57,2016-06-09 09:00:00,
1.125176012,2248579,Gilles Muller,Garcia-Lopez v G Muller,50,2016-06-09 04:54:58.754,1.61,2016-06-09 09:00:00,
1.125176012,2248579,Gilles Muller,Garcia-Lopez v G Muller,60,2016-06-09 06:05:19.450,1.6,2016-06-09 09:00:00,
1.125176012,2248579,Gilles Muller,Garcia-Lopez v G Muller,70,2016-06-09 06:54:19.197,1.59,2016-06-09 09:00:00,
1.125176012,2248579,Gilles Muller,Garcia-Lopez v G Muller,80,2016-06-09 07:32:23.153,1.59,2016-06-09 09:00:00,
1.125176012,2248579,Gilles Muller,Garcia-Lopez v G Muller,90,2016-06-09 08:12:15.800,1.59,2016-06-09 09:00:00,
1.125176012,2248579,Gilles Muller,Garcia-Lopez v G Muller,100,2016-06-09 08:48:13.343,1.6,2016-06-09 09:00:00,
1.125176012,11204309,Guillermo Garcia-Lopez,Garcia-Lopez v G Muller,0,2016-06-07 16:50:13.525,2.52,2016-06-08 12:00:00,
1.125176012,11204309,Guillermo Garcia-Lopez,Garcia-Lopez v G Muller,10,2016-06-08 03:51:36.313,2.52,2016-06-09 12:00:00,
1.125176012,11204309,Guillermo Garcia-Lopez,Garcia-Lopez v G Muller,20,2016-06-08 16:17:28.604,2.62,2016-06-09 09:00:00,
1.125176012,11204309,Guillermo Garcia-Lopez,Garcia-Lopez v G Muller,30,2016-06-08 22:18:26.249,2.66,2016-06-09 09:00:00,
1.125176012,11204309,Guillermo Garcia-Lopez,Garcia-Lopez v G Muller,40,2016-06-09 05:11:16.041,2.7,2016-06-09 09:00:00,
1.125176012,11204309,Guillermo Garcia-Lopez,Garcia-Lopez v G Muller,50,2016-06-09 06:11:46.067,2.6,2016-06-09 09:00:00,
1.125176012,11204309,Guillermo Garcia-Lopez,Garcia-Lopez v G Muller,60,2016-06-09 07:02:26.677,2.7,2016-06-09 09:00:00,
1.125176012,11204309,Guillermo Garcia-Lopez,Garcia-Lopez v G Muller,70,2016-06-09 07:44:16.153,2.72,2016-06-09 09:00:00,
1.125176012,11204309,Guillermo Garcia-Lopez,Garcia-Lopez v G Muller,80,2016-06-09 08:10:16.872,2.66,2016-06-09 09:00:00,
1.125176012,11204309,Guillermo Garcia-Lopez,Garcia-Lopez v G Muller,90,2016-06-09 08:41:39.089,2.64,2016-06-09 09:00:00,
1.125176012,11204309,Guillermo Garcia-Lopez,Garcia-Lopez v G Muller,100,2016-06-09 08:49:34.565,2.66,2016-06-09 09:00:00,
1.125176109,8842295,Gregoire Barrere,Barrere v Chazal,0,2016-06-08 20:14:37.580,1.49,2016-06-09 09:30:00,
1.125176109,8842295,Gregoire Barrere,Barrere v Chazal,10,2016-06-08 22:49:20.882,1.55,2016-06-09 09:30:00,
1.125176109,8842295,Gregoire Barrere,Barrere v Chazal,20,2016-06-09 06:44:30.886,1.44,2016-06-09 09:30:00,
1.125176109,8842295,Gregoire Barrere,Barrere v Chazal,30,2016-06-09 06:45:15.569,1.43,2016-06-09 09:30:00,
1.125176109,8842295,Gregoire Barrere,Barrere v Chazal,40,2016-06-09 07:08:15.483,1.45,2016-06-09 09:30:00,
1.125176109,8842295,Gregoire Barrere,Barrere v Chazal,50,2016-06-09 07:49:21.957,1.48,2016-06-09 09:30:00,
1.125176109,8842295,Gregoire Barrere,Barrere v Chazal,60,2016-06-09 08:17:33.968,1.45,2016-06-09 09:30:00,
1.125176109,8842295,Gregoire Barrere,Barrere v Chazal,70,2016-06-09 08:20:30.155,1.53,2016-06-09 09:30:00,
1.125176109,8842295,Gregoire Barrere,Barrere v Chazal,80,2016-06-09 08:23:35.802,1.54,2016-06-09 09:30:00,
1.125176109,8842295,Gregoire Barrere,Barrere v Chazal,90,2016-06-09 08:57:09.391,1.49,2016-06-09 09:30:00,
1.125176109,8842295,Gregoire Barrere,Barrere v Chazal,100,2016-06-09 09:27:10.640,1.49,2016-06-09 09:30:00,
1.125176114,8284477,Omar Giacalone,Giacalone v Lopez-Perez,0,2016-06-08 04:24:06.783,5.1,2016-06-08 13:00:00,
1.125176114,8284477,Omar Giacalone,Giacalone v Lopez-Perez,10,2016-06-08 08:46:38.837,4.0,2016-06-08 13:00:00,
1.125176114,8284477,Omar Giacalone,Giacalone v Lopez-Perez,20,2016-06-08 09:58:30.652,4.1,2016-06-08 13:00:00,
1.125176114,8284477,Omar Giacalone,Giacalone v Lopez-Perez,30,2016-06-08 10:44:47.945,4.2,2016-06-08 13:00:00,
1.125176114,8284477,Omar Giacalone,Giacalone v Lopez-Perez,40,2016-06-08 11:52:27.603,4.0,2016-06-08 12:53:00,
1.125176114,8284477,Omar Giacalone,Giacalone v Lopez-Perez,50,2016-06-08 11:58:28.762,3.95,2016-06-08 12:53:00,
1.125176114,8284477,Omar Giacalone,Giacalone v Lopez-Perez,60,2016-06-08 12:08:23.357,4.0,2016-06-08 12:53:00,
1.125176114,8284477,Omar Giacalone,Giacalone v Lopez-Perez,70,2016-06-08 12:27:38.073,3.85,2016-06-08 12:53:00,
1.125176114,8284477,Omar Giacalone,Giacalone v Lopez-Perez,80,2016-06-08 12:28:30.818,3.75,2016-06-08 12:53:00,
1.125176114,8284477,Omar Giacalone,Giacalone v Lopez-Perez,90,2016-06-08 12:52:34.941,3.9,2016-06-08 12:53:00,
1.125176114,8284477,Omar Giacalone,Giacalone v Lopez-Perez,100,2016-06-08 13:00:36.056,4.2,2016-06-08 13:08:00,
1.125176119,2283676,Carlos Berlocq,Berlocq v Bourgue,0,2016-06-08 16:05:12.874,1.42,2016-06-09 16:00:00,
1.125176119,2283676,Carlos Berlocq,Berlocq v Bourgue,10,2016-06-09 04:50:33.111,1.42,2016-06-09 16:00:00,
1.125176119,2283676,Carlos Berlocq,Berlocq v Bourgue,20,2016-06-09 08:43:33.723,1.45,2016-06-09 16:00:00,
1.125176119,2283676,Carlos Berlocq,Berlocq v Bourgue,30,2016-06-09 11:05:32.605,1.53,2016-06-09 16:00:00,
1.125176119,2283676,Carlos Berlocq,Berlocq v Bourgue,40,2016-06-09 13:15:26.601,1.61,2016-06-09 16:00:00,
1.125176119,2283676,Carlos Berlocq,Berlocq v Bourgue,50,2016-06-09 14:37:44.612,1.54,2016-06-09 16:00:00,
1.125176119,2283676,Carlos Berlocq,Berlocq v Bourgue,60,2016-06-09 15:19:39.320,1.63,2016-06-09 16:00:00,
1.125176119,2283676,Carlos Berlocq,Berlocq v Bourgue,70,2016-06-09 15:41:18.706,1.56,2016-06-09 16:00:00,
1.125176119,2283676,Carlos Berlocq,Berlocq v Bourgue,80,2016-06-09 15:56:41.241,1.53,2016-06-09 16:00:00,
1.125176119,2283676,Carlos Berlocq,Berlocq v Bourgue,90,2016-06-09 16:20:43.058,1.51,2016-06-09 16:30:00,
1.125176119,2283676,Carlos Berlocq,Berlocq v Bourgue,100,2016-06-09 16:52:04.256,1.5,2016-06-09 17:00:00,
1.125176119,7066925,Mathias Bourgue,Berlocq v Bourgue,0,2016-06-08 03:13:59.336,2.94,2016-06-09 12:00:00,
1.125176119,7066925,Mathias Bourgue,Berlocq v Bourgue,10,2016-06-09 08:59:33.442,2.98,2016-06-09 16:00:00,
1.125176119,7066925,Mathias Bourgue,Berlocq v Bourgue,20,2016-06-09 12:48:33.339,2.98,2016-06-09 16:00:00,
1.125176119,7066925,Mathias Bourgue,Berlocq v Bourgue,30,2016-06-09 13:05:02.799,2.92,2016-06-09 16:00:00,
1.125176119,7066925,Mathias Bourgue,Berlocq v Bourgue,40,2016-06-09 13:15:26.601,2.62,2016-06-09 16:00:00,
1.125176119,7066925,Mathias Bourgue,Berlocq v Bourgue,50,2016-06-09 14:32:41.083,2.54,2016-06-09 16:00:00,
1.125176119,7066925,Mathias Bourgue,Berlocq v Bourgue,60,2016-06-09 15:56:41.241,2.88,2016-06-09 16:00:00,
1.125176119,7066925,Mathias Bourgue,Berlocq v Bourgue,70,2016-06-09 16:06:29.710,2.92,2016-06-09 16:15:00,
1.125176119,7066925,Mathias Bourgue,Berlocq v Bourgue,80,2016-06-09 16:20:43.058,2.98,2016-06-09 16:30:00,
1.125176119,7066925,Mathias Bourgue,Berlocq v Bourgue,90,2016-06-09 16:36:15.118,2.98,2016-06-09 16:45:00,
1.125176119,7066925,Mathias Bourgue,Berlocq v Bourgue,100,2016-06-09 16:52:04.256,3.0,2016-06-09 17:00:00,
1.125176124,4520808,Facundo Bagnis,Quinzi v Bagnis,0,2016-06-07 21:54:18.468,1.5,2016-06-08 15:00:00,
1.125176124,4520808,Facundo Bagnis,Quinzi v Bagnis,10,2016-06-08 03:04:54.281,1.41,2016-06-08 15:00:00,
1.125176124,4520808,Facundo Bagnis,Quinzi v Bagnis,20,2016-06-08 03:13:42.281,1.38,2016-06-08 15:00:00,
1.125176124,4520808,Facundo Bagnis,Quinzi v Bagnis,30,2016-06-08 08:51:11.949,1.42,2016-06-08 15:00:00,
1.125176124,4520808,Facundo Bagnis,Quinzi v Bagnis,40,2016-06-08 08:59:08.478,1.39,2016-06-08 15:00:00,
1.125176124,4520808,Facundo Bagnis,Quinzi v Bagnis,50,2016-06-08 13:05:34.019,1.38,2016-06-08 15:00:00,
1.125176124,4520808,Facundo Bagnis,Quinzi v Bagnis,60,2016-06-08 13:18:45.724,1.3,2016-06-08 15:00:00,
1.125176124,4520808,Facundo Bagnis,Quinzi v Bagnis,70,2016-06-08 13:19:42.034,1.4,2016-06-08 15:00:00,
1.125176124,4520808,Facundo Bagnis,Quinzi v Bagnis,80,2016-06-08 13:45:45.901,1.35,2016-06-08 15:00:00,
1.125176124,4520808,Facundo Bagnis,Quinzi v Bagnis,90,2016-06-08 14:40:42.991,1.36,2016-06-08 15:00:00,
1.125176124,4520808,Facundo Bagnis,Quinzi v Bagnis,100,2016-06-08 14:45:44.010,1.38,2016-06-08 15:00:00,
1.125176179,4566011,Alison Riske,Riske v Su Hsieh,0,2016-06-07 18:41:41.449,1.5,2016-06-08 14:00:00,
1.125176179,4566011,Alison Riske,Riske v Su Hsieh,10,2016-06-07 18:46:51.660,1.47,2016-06-08 14:00:00,
1.125176179,4566011,Alison Riske,Riske v Su Hsieh,20,2016-06-07 19:10:08.416,1.45,2016-06-08 14:00:00,
1.125176179,4566011,Alison Riske,Riske v Su Hsieh,30,2016-06-07 23:25:44.300,1.45,2016-06-08 14:00:00,
1.125176179,4566011,Alison Riske,Riske v Su Hsieh,40,2016-06-08 04:58:46.205,1.44,2016-06-08 14:00:00,
1.125176179,4566011,Alison Riske,Riske v Su Hsieh,50,2016-06-08 08:09:23.827,1.47,2016-06-08 14:00:00,
1.125176179,4566011,Alison Riske,Riske v Su Hsieh,60,2016-06-08 08:27:32.747,1.45,2016-06-08 14:00:00,
1.125176179,4566011,Alison Riske,Riske v Su Hsieh,70,2016-06-08 10:39:17.447,1.46,2016-06-08 13:53:00,
1.125176179,4566011,Alison Riske,Riske v Su Hsieh,80,2016-06-08 11:59:50.922,1.46,2016-06-08 13:13:00,
1.125176179,4566011,Alison Riske,Riske v Su Hsieh,90,2016-06-08 12:26:47.824,1.44,2016-06-08 13:13:00,
1.125176179,4566011,Alison Riske,Riske v Su Hsieh,100,2016-06-08 12:38:50.849,1.45,2016-06-08 13:13:00,
1.125176179,11204652,Su-Wei Hsieh,Riske v Su Hsieh,0,2016-06-07 18:42:14.081,3.05,2016-06-08 14:00:00,
1.125176179,11204652,Su-Wei Hsieh,Riske v Su Hsieh,10,2016-06-07 18:47:11.767,3.15,2016-06-08 14:00:00,
1.125176179,11204652,Su-Wei Hsieh,Riske v Su Hsieh,20,2016-06-07 23:25:44.300,3.15,2016-06-08 14:00:00,
1.125176179,11204652,Su-Wei Hsieh,Riske v Su Hsieh,30,2016-06-08 04:23:07.526,3.3,2016-06-08 14:00:00,
1.125176179,11204652,Su-Wei Hsieh,Riske v Su Hsieh,40,2016-06-08 07:10:36.157,3.25,2016-06-08 14:00:00,
1.125176179,11204652,Su-Wei Hsieh,Riske v Su Hsieh,50,2016-06-08 08:09:23.827,3.15,2016-06-08 14:00:00,
1.125176179,11204652,Su-Wei Hsieh,Riske v Su Hsieh,60,2016-06-08 08:20:40.029,3.05,2016-06-08 14:00:00,
1.125176179,11204652,Su-Wei Hsieh,Riske v Su Hsieh,70,2016-06-08 10:28:43.983,3.15,2016-06-08 13:53:00,
1.125176179,11204652,Su-Wei Hsieh,Riske v Su Hsieh,80,2016-06-08 11:35:00.861,3.2,2016-06-08 13:13:00,
1.125176179,11204652,Su-Wei Hsieh,Riske v Su Hsieh,90,2016-06-08 12:25:51.602,3.2,2016-06-08 13:13:00,
1.125176179,11204652,Su-Wei Hsieh,Riske v Su Hsieh,100,2016-06-08 12:33:35.978,3.1,2016-06-08 13:13:00,
1.125176256,4422812,Stephane Robert,Fucsovics v St Robert,0,2016-06-08 04:54:24.910,1.57,2016-06-08 15:00:00,
1.125176256,4422812,Stephane Robert,Fucsovics v St Robert,10,2016-06-08 08:37:24.123,1.64,2016-06-08 15:00:00,
1.125176256,4422812,Stephane Robert,Fucsovics v St Robert,20,2016-06-08 12:05:54.038,1.68,2016-06-08 14:33:00,
1.125176256,4422812,Stephane Robert,Fucsovics v St Robert,30,2016-06-08 13:03:51.272,1.79,2016-06-08 15:03:00,
1.125176256,4422812,Stephane Robert,Fucsovics v St Robert,40,2016-06-08 13:04:52.425,1.81,2016-06-08 15:03:00,
1.125176256,4422812,Stephane Robert,Fucsovics v St Robert,50,2016-06-08 14:15:54.473,1.79,2016-06-08 15:19:00,
1.125176256,4422812,Stephane Robert,Fucsovics v St Robert,60,2016-06-08 14:42:43.397,1.69,2016-06-08 15:14:00,
1.125176256,4422812,Stephane Robert,Fucsovics v St Robert,70,2016-06-08 14:45:44.496,1.67,2016-06-08 15:14:00,
1.125176256,4422812,Stephane Robert,Fucsovics v St Robert,80,2016-06-08 14:50:41.978,1.77,2016-06-08 14:55:00,
1.125176256,4422812,Stephane Robert,Fucsovics v St Robert,90,2016-06-08 14:51:40.084,1.78,2016-06-08 14:55:00,
1.125176256,4422812,Stephane Robert,Fucsovics v St Robert,100,2016-06-08 14:54:30.473,1.78,2016-06-08 14:55:00,
1.125176256,4827766,Marton Fucsovics,Fucsovics v St Robert,0,2016-06-08 04:54:24.910,2.76,2016-06-08 15:00:00,
1.125176256,4827766,Marton Fucsovics,Fucsovics v St Robert,10,2016-06-08 08:58:16.245,2.34,2016-06-08 14:53:00,
1.125176256,4827766,Marton Fucsovics,Fucsovics v St Robert,20,2016-06-08 12:05:54.038,2.46,2016-06-08 14:33:00,
1.125176256,4827766,Marton Fucsovics,Fucsovics v St Robert,30,2016-06-08 12:14:35.754,2.48,2016-06-08 14:33:00,
1.125176256,4827766,Marton Fucsovics,Fucsovics v St Robert,40,2016-06-08 12:33:21.417,2.26,2016-06-08 14:33:00,
1.125176256,4827766,Marton Fucsovics,Fucsovics v St Robert,50,2016-06-08 12:43:47.514,2.28,2016-06-08 14:48:00,
1.125176256,4827766,Marton Fucsovics,Fucsovics v St Robert,60,2016-06-08 13:04:52.425,2.24,2016-06-08 15:03:00,
1.125176256,4827766,Marton Fucsovics,Fucsovics v St Robert,70,2016-06-08 14:15:54.473,2.26,2016-06-08 15:19:00,
1.125176256,4827766,Marton Fucsovics,Fucsovics v St Robert,80,2016-06-08 14:41:49.267,2.4,2016-06-08 15:14:00,
1.125176256,4827766,Marton Fucsovics,Fucsovics v St Robert,90,2016-06-08 14:44:49.701,2.44,2016-06-08 15:14:00,
1.125176256,4827766,Marton Fucsovics,Fucsovics v St Robert,100,2016-06-08 14:46:38.652,2.28,2016-06-08 15:14:00,
1.125176271,4490590,Joao Souza,Lamasine v Souza,0,2016-06-08 20:39:45.309,1.86,2016-06-09 13:30:00,
1.125176271,4490590,Joao Souza,Lamasine v Souza,10,2016-06-08 22:01:55.192,1.82,2016-06-09 13:30:00,
1.125176271,4490590,Joao Souza,Lamasine v Souza,20,2016-06-09 06:36:10.817,1.79,2016-06-09 13:30:00,
1.125176271,4490590,Joao Souza,Lamasine v Souza,30,2016-06-09 08:24:10.140,1.86,2016-06-09 13:30:00,
1.125176271,4490590,Joao Souza,Lamasine v Souza,40,2016-06-09 09:17:11.489,1.9,2016-06-09 13:30:00,
1.125176271,4490590,Joao Souza,Lamasine v Souza,50,2016-06-09 10:32:26.149,1.86,2016-06-09 13:30:00,
1.125176271,4490590,Joao Souza,Lamasine v Souza,60,2016-06-09 13:05:11.451,1.85,2016-06-09 13:30:00,
1.125176271,4490590,Joao Souza,Lamasine v Souza,70,2016-06-09 13:25:48.681,1.86,2016-06-09 13:30:00,
1.125176271,4490590,Joao Souza,Lamasine v Souza,80,2016-06-09 14:03:04.183,1.83,2016-06-09 14:15:00,
1.125176271,4490590,Joao Souza,Lamasine v Souza,90,2016-06-09 14:10:04.872,1.9,2016-06-09 14:15:00,
1.125176271,4490590,Joao Souza,Lamasine v Souza,100,2016-06-09 14:12:07.371,1.9,2016-06-09 14:15:00,
1.125176271,8428332,Tristan Lamasine,Lamasine v Souza,0,2016-06-08 18:18:10.316,2.06,2016-06-09 13:30:00,
1.125176271,8428332,Tristan Lamasine,Lamasine v Souza,10,2016-06-09 06:36:10.817,2.24,2016-06-09 13:30:00,
1.125176271,8428332,Tristan Lamasine,Lamasine v Souza,20,2016-06-09 08:24:10.140,2.1,2016-06-09 13:30:00,
1.125176271,8428332,Tristan Lamasine,Lamasine v Souza,30,2016-06-09 08:44:10.087,2.16,2016-06-09 13:30:00,
1.125176271,8428332,Tristan Lamasine,Lamasine v Souza,40,2016-06-09 10:32:26.149,2.16,2016-06-09 13:30:00,
1.125176271,8428332,Tristan Lamasine,Lamasine v Souza,50,2016-06-09 12:56:07.239,2.1,2016-06-09 13:30:00,
1.125176271,8428332,Tristan Lamasine,Lamasine v Souza,60,2016-06-09 12:56:43.057,2.08,2016-06-09 13:30:00,
1.125176271,8428332,Tristan Lamasine,Lamasine v Souza,70,2016-06-09 13:12:04.986,2.1,2016-06-09 13:30:00,
1.125176271,8428332,Tristan Lamasine,Lamasine v Souza,80,2016-06-09 13:29:05.917,2.14,2016-06-09 13:30:00,
1.125176271,8428332,Tristan Lamasine,Lamasine v Souza,90,2016-06-09 14:03:04.183,2.12,2016-06-09 14:15:00,
1.125176271,8428332,Tristan Lamasine,Lamasine v Souza,100,2016-06-09 14:10:04.872,2.1,2016-06-09 14:15:00,
1.125176342,2609424,Mikhail Kukushkin,Kukushkin v N Milojevic,0,2016-06-08 03:15:18.046,1.18,2016-06-09 12:00:00,
1.125176342,2609424,Mikhail Kukushkin,Kukushkin v N Milojevic,10,2016-06-08 16:01:51.620,1.17,2016-06-09 11:00:00,
1.125176342,2609424,Mikhail Kukushkin,Kukushkin v N Milojevic,20,2016-06-08 22:12:47.723,1.17,2016-06-09 11:00:00,
1.125176342,2609424,Mikhail Kukushkin,Kukushkin v N Milojevic,30,2016-06-09 04:44:29.586,1.15,2016-06-09 11:00:00,
1.125176342,2609424,Mikhail Kukushkin,Kukushkin v N Milojevic,40,2016-06-09 07:30:53.502,1.18,2016-06-09 11:00:00,
1.125176342,2609424,Mikhail Kukushkin,Kukushkin v N Milojevic,50,2016-06-09 10:12:56.946,1.15,2016-06-09 10:57:00,
1.125176342,2609424,Mikhail Kukushkin,Kukushkin v N Milojevic,60,2016-06-09 10:27:08.071,1.16,2016-06-09 10:57:00,
1.125176342,2609424,Mikhail Kukushkin,Kukushkin v N Milojevic,70,2016-06-09 11:12:11.693,1.13,2016-06-09 11:27:00,
1.125176342,2609424,Mikhail Kukushkin,Kukushkin v N Milojevic,80,2016-06-09 11:33:09.914,1.13,2016-06-09 11:42:00,
1.125176342,2609424,Mikhail Kukushkin,Kukushkin v N Milojevic,90,2016-06-09 12:43:08.959,1.18,2016-06-09 12:45:00,
1.125176342,2609424,Mikhail Kukushkin,Kukushkin v N Milojevic,100,2016-06-09 12:54:54.733,1.15,2016-06-09 13:00:00,
1.125176342,8535963,Nikola Milojevic,Kukushkin v N Milojevic,0,2016-06-08 15:06:58.958,6.4,2016-06-09 11:00:00,
1.125176342,8535963,Nikola Milojevic,Kukushkin v N Milojevic,10,2016-06-08 16:01:51.620,6.8,2016-06-09 11:00:00,
1.125176342,8535963,Nikola Milojevic,Kukushkin v N Milojevic,20,2016-06-08 17:09:48.303,5.6,2016-06-09 11:00:00,
1.125176342,8535963,Nikola Milojevic,Kukushkin v N Milojevic,30,2016-06-08 22:12:47.723,6.8,2016-06-09 11:00:00,
1.125176342,8535963,Nikola Milojevic,Kukushkin v N Milojevic,40,2016-06-09 04:40:38.238,6.0,2016-06-09 11:00:00,
1.125176342,8535963,Nikola Milojevic,Kukushkin v N Milojevic,50,2016-06-09 04:44:29.586,7.4,2016-06-09 11:00:00,
1.125176342,8535963,Nikola Milojevic,Kukushkin v N Milojevic,60,2016-06-09 10:15:57.162,7.2,2016-06-09 10:57:00,
1.125176342,8535963,Nikola Milojevic,Kukushkin v N Milojevic,70,2016-06-09 11:00:06.379,8.8,2016-06-09 11:12:00,
1.125176342,8535963,Nikola Milojevic,Kukushkin v N Milojevic,80,2016-06-09 11:25:58.244,7.4,2016-06-09 11:42:00,
1.125176342,8535963,Nikola Milojevic,Kukushkin v N Milojevic,90,2016-06-09 11:38:05.471,6.6,2016-06-09 12:30:00,
1.125176342,8535963,Nikola Milojevic,Kukushkin v N Milojevic,100,2016-06-09 12:44:05.445,6.4,2016-06-09 12:45:00,
1.125176347,2252607,Jelena Jankovic,Rodina v J Jankovic,0,2016-06-07 23:03:50.606,1.26,2016-06-08 12:00:00,
1.125176347,2252607,Jelena Jankovic,Rodina v J Jankovic,10,2016-06-08 04:25:23.049,1.22,2016-06-09 12:00:00,
1.125176347,2252607,Jelena Jankovic,Rodina v J Jankovic,20,2016-06-08 12:00:12.516,1.25,2016-06-09 12:00:00,
1.125176347,2252607,Jelena Jankovic,Rodina v J Jankovic,30,2016-06-08 20:19:02.465,1.21,2016-06-09 09:00:00,
1.125176347,2252607,Jelena Jankovic,Rodina v J Jankovic,40,2016-06-08 23:33:24.135,1.23,2016-06-09 09:00:00,
1.125176347,2252607,Jelena Jankovic,Rodina v J Jankovic,50,2016-06-09 04:11:58.381,1.21,2016-06-09 09:00:00,
1.125176347,2252607,Jelena Jankovic,Rodina v J Jankovic,60,2016-06-09 05:49:09.001,1.21,2016-06-09 09:00:00,
1.125176347,2252607,Jelena Jankovic,Rodina v J Jankovic,70,2016-06-09 06:24:38.848,1.2,2016-06-09 09:00:00,
1.125176347,2252607,Jelena Jankovic,Rodina v J Jankovic,80,2016-06-09 07:30:50.580,1.19,2016-06-09 09:00:00,
1.125176347,2252607,Jelena Jankovic,Rodina v J Jankovic,90,2016-06-09 08:30:03.563,1.19,2016-06-09 09:00:00,
1.125176347,2252607,Jelena Jankovic,Rodina v J Jankovic,100,2016-06-09 08:48:25.121,1.18,2016-06-09 09:00:00,
1.125176347,2415530,Evgeniya Rodina,Rodina v J Jankovic,0,2016-06-08 03:33:13.265,5.0,2016-06-09 12:00:00,
1.125176347,2415530,Evgeniya Rodina,Rodina v J Jankovic,10,2016-06-08 12:00:12.516,5.0,2016-06-09 12:00:00,
1.125176347,2415530,Evgeniya Rodina,Rodina v J Jankovic,20,2016-06-08 19:01:33.891,4.9,2016-06-09 09:00:00,
1.125176347,2415530,Evgeniya Rodina,Rodina v J Jankovic,30,2016-06-08 20:19:02.465,5.8,2016-06-09 09:00:00,
1.125176347,2415530,Evgeniya Rodina,Rodina v J Jankovic,40,2016-06-08 21:34:08.159,6.0,2016-06-09 09:00:00,
1.125176347,2415530,Evgeniya Rodina,Rodina v J Jankovic,50,2016-06-08 22:11:13.392,5.1,2016-06-09 09:00:00,
1.125176347,2415530,Evgeniya Rodina,Rodina v J Jankovic,60,2016-06-09 05:27:06.722,5.8,2016-06-09 09:00:00,
1.125176347,2415530,Evgeniya Rodina,Rodina v J Jankovic,70,2016-06-09 06:05:08.029,5.7,2016-06-09 09:00:00,
1.125176347,2415530,Evgeniya Rodina,Rodina v J Jankovic,80,2016-06-09 08:16:51.125,6.6,2016-06-09 09:00:00,
1.125176347,2415530,Evgeniya Rodina,Rodina v J Jankovic,90,2016-06-09 08:34:01.451,6.6,2016-06-09 09:00:00,
1.125176347,2415530,Evgeniya Rodina,Rodina v J Jankovic,100,2016-06-09 08:53:51.578,6.4,2016-06-09 09:00:00,
1.125176406,2257314,David Ferrer,D Ferrer v D Sela,0,2016-06-07 18:41:43.632,1.37,2016-06-08 12:00:00,
1.125176406,2257314,David Ferrer,D Ferrer v D Sela,10,2016-06-08 12:19:27.320,1.39,2016-06-09 12:00:00,
1.125176406,2257314,David Ferrer,D Ferrer v D Sela,20,2016-06-08 21:40:16.138,1.38,2016-06-09 12:30:00,
1.125176406,2257314,David Ferrer,D Ferrer v D Sela,30,2016-06-09 04:56:37.623,1.36,2016-06-09 12:30:00,
1.125176406,2257314,David Ferrer,D Ferrer v D Sela,40,2016-06-09 07:49:16.270,1.33,2016-06-09 12:30:00,
1.125176406,2257314,David Ferrer,D Ferrer v D Sela,50,2016-06-09 10:12:53.984,1.32,2016-06-09 12:30:00,
1.125176406,2257314,David Ferrer,D Ferrer v D Sela,60,2016-06-09 11:24:17.759,1.31,2016-06-09 12:30:00,
1.125176406,2257314,David Ferrer,D Ferrer v D Sela,70,2016-06-09 11:55:31.639,1.32,2016-06-09 12:30:00,
1.125176406,2257314,David Ferrer,D Ferrer v D Sela,80,2016-06-09 12:27:28.756,1.32,2016-06-09 12:30:00,
1.125176406,2257314,David Ferrer,D Ferrer v D Sela,90,2016-06-09 12:48:21.930,1.32,2016-06-09 13:00:00,
1.125176406,2257314,David Ferrer,D Ferrer v D Sela,100,2016-06-09 13:19:22.631,1.31,2016-06-09 13:30:00,
1.125176406,2263685,Dudi Sela,D Ferrer v D Sela,0,2016-06-07 18:41:43.632,3.75,2016-06-08 12:00:00,
1.125176406,2263685,Dudi Sela,D Ferrer v D Sela,10,2016-06-08 16:18:06.422,3.65,2016-06-09 12:30:00,
1.125176406,2263685,Dudi Sela,D Ferrer v D Sela,20,2016-06-09 02:02:08.769,3.85,2016-06-09 12:30:00,
1.125176406,2263685,Dudi Sela,D Ferrer v D Sela,30,2016-06-09 08:03:11.583,4.2,2016-06-09 12:30:00,
1.125176406,2263685,Dudi Sela,D Ferrer v D Sela,40,2016-06-09 10:46:28.507,4.2,2016-06-09 12:30:00,
1.125176406,2263685,Dudi Sela,D Ferrer v D Sela,50,2016-06-09 11:26:55.286,4.3,2016-06-09 12:30:00,
1.125176406,2263685,Dudi Sela,D Ferrer v D Sela,60,2016-06-09 11:45:31.300,4.1,2016-06-09 12:30:00,
1.125176406,2263685,Dudi Sela,D Ferrer v D Sela,70,2016-06-09 12:24:27.131,4.0,2016-06-09 12:30:00,
1.125176406,2263685,Dudi Sela,D Ferrer v D Sela,80,2016-06-09 12:36:21.975,4.2,2016-06-09 12:45:00,
1.125176406,2263685,Dudi Sela,D Ferrer v D Sela,90,2016-06-09 12:48:21.930,4.2,2016-06-09 13:00:00,
1.125176406,2263685,Dudi Sela,D Ferrer v D Sela,100,2016-06-09 13:17:31.700,4.2,2016-06-09 13:30:00,
1.125176528,2257302,Philipp Kohlschreiber,Kohlschreiber v Kudla,0,2016-06-07 18:25:08.371,1.23,2016-06-08 12:00:00,
1.125176528,2257302,Philipp Kohlschreiber,Kohlschreiber v Kudla,10,2016-06-07 19:45:37.656,1.25,2016-06-08 12:00:00,
1.125176528,2257302,Philipp Kohlschreiber,Kohlschreiber v Kudla,20,2016-06-07 23:30:57.594,1.21,2016-06-08 12:00:00,
1.125176528,2257302,Philipp Kohlschreiber,Kohlschreiber v Kudla,30,2016-06-08 03:25:56.936,1.2,2016-06-08 12:00:00,
1.125176528,2257302,Philipp Kohlschreiber,Kohlschreiber v Kudla,40,2016-06-08 05:09:11.807,1.2,2016-06-08 12:00:00,
1.125176528,2257302,Philipp Kohlschreiber,Kohlschreiber v Kudla,50,2016-06-08 06:30:15.992,1.19,2016-06-08 12:00:00,
1.125176528,2257302,Philipp Kohlschreiber,Kohlschreiber v Kudla,60,2016-06-08 07:40:21.108,1.23,2016-06-08 12:00:00,
1.125176528,2257302,Philipp Kohlschreiber,Kohlschreiber v Kudla,70,2016-06-08 08:26:38.697,1.22,2016-06-08 12:00:00,
1.125176528,2257302,Philipp Kohlschreiber,Kohlschreiber v Kudla,80,2016-06-08 10:38:56.910,1.21,2016-06-08 12:00:00,
1.125176528,2257302,Philipp Kohlschreiber,Kohlschreiber v Kudla,90,2016-06-08 11:21:29.346,1.19,2016-06-08 12:00:00,
1.125176528,2257302,Philipp Kohlschreiber,Kohlschreiber v Kudla,100,2016-06-08 11:48:41.092,1.2,2016-06-08 12:00:00,
1.125176528,4829260,Denis Kudla,Kohlschreiber v Kudla,0,2016-06-07 18:25:08.371,5.4,2016-06-08 12:00:00,
1.125176528,4829260,Denis Kudla,Kohlschreiber v Kudla,10,2016-06-07 20:21:14.827,5.3,2016-06-08 12:00:00,
1.125176528,4829260,Denis Kudla,Kohlschreiber v Kudla,20,2016-06-07 20:49:59.498,5.3,2016-06-08 12:00:00,
1.125176528,4829260,Denis Kudla,Kohlschreiber v Kudla,30,2016-06-08 03:46:52.220,6.2,2016-06-08 12:00:00,
1.125176528,4829260,Denis Kudla,Kohlschreiber v Kudla,40,2016-06-08 05:46:36.086,6.2,2016-06-08 12:00:00,
1.125176528,4829260,Denis Kudla,Kohlschreiber v Kudla,50,2016-06-08 07:07:04.722,5.6,2016-06-08 12:00:00,
1.125176528,4829260,Denis Kudla,Kohlschreiber v Kudla,60,2016-06-08 08:01:32.264,5.6,2016-06-08 12:00:00,
1.125176528,4829260,Denis Kudla,Kohlschreiber v Kudla,70,2016-06-08 08:07:41.413,5.6,2016-06-08 12:00:00,
1.125176528,4829260,Denis Kudla,Kohlschreiber v Kudla,80,2016-06-08 10:21:30.612,6.0,2016-06-08 12:00:00,
1.125176528,4829260,Denis Kudla,Kohlschreiber v Kudla,90,2016-06-08 11:26:26.552,6.2,2016-06-08 12:00:00,
1.125176528,4829260,Denis Kudla,Kohlschreiber v Kudla,100,2016-06-08 11:49:35.697,5.8,2016-06-08 12:00:00,
1.125176587,2581407,Tobias Kamke,Kamke v Myneni,0,2016-06-08 16:07:05.527,1.47,2016-06-09 11:15:00,
1.125176587,2581407,Tobias Kamke,Kamke v Myneni,10,2016-06-09 09:15:32.771,1.53,2016-06-09 11:15:00,
1.125176587,2581407,Tobias Kamke,Kamke v Myneni,20,2016-06-09 09:43:13.627,1.54,2016-06-09 16:00:00,
1.125176587,2581407,Tobias Kamke,Kamke v Myneni,30,2016-06-09 11:21:28.889,1.53,2016-06-09 16:00:00,
1.125176587,2581407,Tobias Kamke,Kamke v Myneni,40,2016-06-09 13:09:25.475,1.55,2016-06-09 15:15:00,
1.125176587,2581407,Tobias Kamke,Kamke v Myneni,50,2016-06-09 13:16:25.592,1.49,2016-06-09 15:15:00,
1.125176587,2581407,Tobias Kamke,Kamke v Myneni,60,2016-06-09 13:18:02.993,1.5,2016-06-09 15:15:00,
1.125176587,2581407,Tobias Kamke,Kamke v Myneni,70,2016-06-09 13:59:25.205,1.49,2016-06-09 15:15:00,
1.125176587,2581407,Tobias Kamke,Kamke v Myneni,80,2016-06-09 14:08:29.174,1.48,2016-06-09 15:15:00,
1.125176587,2581407,Tobias Kamke,Kamke v Myneni,90,2016-06-09 14:10:39.165,1.51,2016-06-09 15:15:00,
1.125176587,2581407,Tobias Kamke,Kamke v Myneni,100,2016-06-09 15:07:32.060,1.46,2016-06-09 15:15:00,
1.125176625,8326656,Thiago Monteiro,T Monteiro v Y Marti,0,2016-06-07 23:02:10.532,1.42,2016-06-08 16:00:00,
1.125176625,8326656,Thiago Monteiro,T Monteiro v Y Marti,10,2016-06-08 03:14:51.210,1.4,2016-06-08 16:00:00,
1.125176625,8326656,Thiago Monteiro,T Monteiro v Y Marti,20,2016-06-08 04:26:00.867,1.42,2016-06-08 16:00:00,
1.125176625,8326656,Thiago Monteiro,T Monteiro v Y Marti,30,2016-06-08 06:39:56.325,1.41,2016-06-08 16:00:00,
1.125176625,8326656,Thiago Monteiro,T Monteiro v Y Marti,40,2016-06-08 06:41:05.058,1.39,2016-06-08 16:00:00,
1.125176625,8326656,Thiago Monteiro,T Monteiro v Y Marti,50,2016-06-08 06:46:04.795,1.38,2016-06-08 16:00:00,
1.125176625,8326656,Thiago Monteiro,T Monteiro v Y Marti,60,2016-06-08 06:47:00.454,1.37,2016-06-08 16:00:00,
1.125176625,8326656,Thiago Monteiro,T Monteiro v Y Marti,70,2016-06-08 07:25:37.868,1.34,2016-06-08 16:00:00,
1.125176625,8326656,Thiago Monteiro,T Monteiro v Y Marti,80,2016-06-08 08:26:56.396,1.32,2016-06-08 16:00:00,
1.125176625,8326656,Thiago Monteiro,T Monteiro v Y Marti,90,2016-06-08 15:26:43.625,1.31,2016-06-08 16:00:00,
1.125176625,8326656,Thiago Monteiro,T Monteiro v Y Marti,100,2016-06-08 15:58:02.973,1.3,2016-06-08 16:00:00,
1.125176663,2263536,Mikhail Youzhny,Stakhovsky v Youzhny,0,2016-06-07 20:22:48.430,1.79,2016-06-08 12:00:00,
1.125176663,2263536,Mikhail Youzhny,Stakhovsky v Youzhny,10,2016-06-08 07:09:12.595,1.78,2016-06-09 12:00:00,
1.125176663,2263536,Mikhail Youzhny,Stakhovsky v Youzhny,20,2016-06-08 14:32:38.830,1.76,2016-06-09 12:00:00,
1.125176663,2263536,Mikhail Youzhny,Stakhovsky v Youzhny,30,2016-06-08 19:43:58.219,1.74,2016-06-09 09:00:00,
1.125176663,2263536,Mikhail Youzhny,Stakhovsky v Youzhny,40,2016-06-09 03:11:39.323,1.76,2016-06-09 09:00:00,
1.125176663,2263536,Mikhail Youzhny,Stakhovsky v Youzhny,50,2016-06-09 05:57:14.123,1.74,2016-06-09 09:00:00,
1.125176663,2263536,Mikhail Youzhny,Stakhovsky v Youzhny,60,2016-06-09 07:19:30.709,1.71,2016-06-09 09:00:00,
1.125176663,2263536,Mikhail Youzhny,Stakhovsky v Youzhny,70,2016-06-09 08:08:32.581,1.72,2016-06-09 09:00:00,
1.125176663,2263536,Mikhail Youzhny,Stakhovsky v Youzhny,80,2016-06-09 08:42:27.088,1.71,2016-06-09 09:00:00,
1.125176663,2263536,Mikhail Youzhny,Stakhovsky v Youzhny,90,2016-06-09 08:52:36.342,1.71,2016-06-09 09:00:00,
1.125176663,2263536,Mikhail Youzhny,Stakhovsky v Youzhny,100,2016-06-09 09:08:40.071,1.74,2016-06-09 09:15:00,
1.125176663,2284304,Sergiy Stakhovsky,Stakhovsky v Youzhny,0,2016-06-07 19:53:02.351,2.28,2016-06-08 12:00:00,
1.125176663,2284304,Sergiy Stakhovsky,Stakhovsky v Youzhny,10,2016-06-08 06:00:39.241,2.18,2016-06-09 12:00:00,
1.125176663,2284304,Sergiy Stakhovsky,Stakhovsky v Youzhny,20,2016-06-08 20:56:37.466,2.38,2016-06-09 09:00:00,
1.125176663,2284304,Sergiy Stakhovsky,Stakhovsky v Youzhny,30,2016-06-08 22:31:12.551,2.32,2016-06-09 09:00:00,
1.125176663,2284304,Sergiy Stakhovsky,Stakhovsky v Youzhny,40,2016-06-09 04:15:52.021,2.32,2016-06-09 09:00:00,
1.125176663,2284304,Sergiy Stakhovsky,Stakhovsky v Youzhny,50,2016-06-09 06:58:36.654,2.36,2016-06-09 09:00:00,
1.125176663,2284304,Sergiy Stakhovsky,Stakhovsky v Youzhny,60,2016-06-09 07:05:17.974,2.34,2016-06-09 09:00:00,
1.125176663,2284304,Sergiy Stakhovsky,Stakhovsky v Youzhny,70,2016-06-09 07:31:41.439,2.38,2016-06-09 09:00:00,
1.125176663,2284304,Sergiy Stakhovsky,Stakhovsky v Youzhny,80,2016-06-09 08:26:36.815,2.36,2016-06-09 09:00:00,
1.125176663,2284304,Sergiy Stakhovsky,Stakhovsky v Youzhny,90,2016-06-09 08:48:36.820,2.4,2016-06-09 09:00:00,
1.125176663,2284304,Sergiy Stakhovsky,Stakhovsky v Youzhny,100,2016-06-09 09:09:30.906,2.34,2016-06-09 09:15:00,
1.12517679,2263715,Tamira Paszek,Paszek v Rybarikova,0,2016-06-08 08:03:01.203,2.28,2016-06-09 12:00:00,
1.12517679,2263715,Tamira Paszek,Paszek v Rybarikova,10,2016-06-08 15:21:30.150,2.2,2016-06-09 12:00:00,
1.12517679,2263715,Tamira Paszek,Paszek v Rybarikova,20,2016-06-09 07:40:01.008,2.36,2016-06-09 15:00:00,
1.12517679,2263715,Tamira Paszek,Paszek v Rybarikova,30,2016-06-09 09:09:19.986,2.34,2016-06-09 15:00:00,
1.12517679,2263715,Tamira Paszek,Paszek v Rybarikova,40,2016-06-09 11:05:29.663,2.4,2016-06-09 14:49:00,
1.12517679,2263715,Tamira Paszek,Paszek v Rybarikova,50,2016-06-09 11:53:44.088,2.4,2016-06-09 14:49:00,
1.12517679,2263715,Tamira Paszek,Paszek v Rybarikova,60,2016-06-09 12:57:55.697,2.42,2016-06-09 15:04:00,
1.12517679,2263715,Tamira Paszek,Paszek v Rybarikova,70,2016-06-09 13:26:53.899,2.4,2016-06-09 15:18:00,
1.12517679,2263715,Tamira Paszek,Paszek v Rybarikova,80,2016-06-09 13:38:58.128,2.46,2016-06-09 15:18:00,
1.12517679,2263715,Tamira Paszek,Paszek v Rybarikova,90,2016-06-09 14:10:56.774,2.52,2016-06-09 15:18:00,
1.12517679,2263715,Tamira Paszek,Paszek v Rybarikova,100,2016-06-09 15:10:42.182,2.48,2016-06-09 15:12:00,
1.12517679,2548763,Magdalena Rybarikova,Paszek v Rybarikova,0,2016-06-08 02:04:26.955,1.81,2016-06-09 12:00:00,
1.12517679,2548763,Magdalena Rybarikova,Paszek v Rybarikova,10,2016-06-08 16:34:12.646,1.79,2016-06-09 15:00:00,
1.12517679,2548763,Magdalena Rybarikova,Paszek v Rybarikova,20,2016-06-09 06:30:59.572,1.77,2016-06-09 15:00:00,
1.12517679,2548763,Magdalena Rybarikova,Paszek v Rybarikova,30,2016-06-09 07:55:57.367,1.7,2016-06-09 15:00:00,
1.12517679,2548763,Magdalena Rybarikova,Paszek v Rybarikova,40,2016-06-09 08:31:16.239,1.73,2016-06-09 15:00:00,
1.12517679,2548763,Magdalena Rybarikova,Paszek v Rybarikova,50,2016-06-09 10:48:11.385,1.73,2016-06-09 15:00:00,
1.12517679,2548763,Magdalena Rybarikova,Paszek v Rybarikova,60,2016-06-09 11:37:11.309,1.72,2016-06-09 14:49:00,
1.12517679,2548763,Magdalena Rybarikova,Paszek v Rybarikova,70,2016-06-09 12:53:51.118,1.71,2016-06-09 15:04:00,
1.12517679,2548763,Magdalena Rybarikova,Paszek v Rybarikova,80,2016-06-09 13:38:58.128,1.69,2016-06-09 15:18:00,
1.12517679,2548763,Magdalena Rybarikova,Paszek v Rybarikova,90,2016-06-09 14:13:00.581,1.68,2016-06-09 15:18:00,
1.12517679,2548763,Magdalena Rybarikova,Paszek v Rybarikova,100,2016-06-09 15:09:56.916,1.66,2016-06-09 15:12:00,
1.125176844,5304700,Andre Ghem,Ghem v M Jankovic,0,2016-06-08 20:12:38.072,1.54,2016-06-09 11:00:00,
1.125176844,5304700,Andre Ghem,Ghem v M Jankovic,10,2016-06-09 04:58:57.843,1.5,2016-06-09 11:00:00,
1.125176844,5304700,Andre Ghem,Ghem v M Jankovic,20,2016-06-09 08:24:06.927,1.6,2016-06-09 11:00:00,
1.125176844,5304700,Andre Ghem,Ghem v M Jankovic,30,2016-06-09 09:52:58.438,1.58,2016-06-09 10:56:00,
1.125176844,5304700,Andre Ghem,Ghem v M Jankovic,40,2016-06-09 10:12:41.531,1.56,2016-06-09 10:56:00,
1.125176844,5304700,Andre Ghem,Ghem v M Jankovic,50,2016-06-09 10:37:03.827,1.63,2016-06-09 10:56:00,
1.125176844,5304700,Andre Ghem,Ghem v M Jankovic,60,2016-06-09 10:38:07.785,1.57,2016-06-09 10:56:00,
1.125176844,5304700,Andre Ghem,Ghem v M Jankovic,70,2016-06-09 10:38:48.414,1.56,2016-06-09 10:56:00,
1.125176844,5304700,Andre Ghem,Ghem v M Jankovic,80,2016-06-09 11:42:18.536,1.56,2016-06-09 12:30:00,
1.125176844,5304700,Andre Ghem,Ghem v M Jankovic,90,2016-06-09 12:53:44.570,1.5,2016-06-09 13:00:00,
1.125176844,5304700,Andre Ghem,Ghem v M Jankovic,100,2016-06-09 15:05:08.239,1.5,2016-06-09 15:07:00,
1.125176844,8750030,Miki Jankovic,Ghem v M Jankovic,0,2016-06-09 08:24:06.927,2.58,2016-06-09 11:00:00,
1.125176844,8750030,Miki Jankovic,Ghem v M Jankovic,10,2016-06-09 08:28:08.233,2.6,2016-06-09 11:00:00,
1.125176844,8750030,Miki Jankovic,Ghem v M Jankovic,20,2016-06-09 08:53:20.182,2.62,2016-06-09 11:00:00,
1.125176844,8750030,Miki Jankovic,Ghem v M Jankovic,30,2016-06-09 09:34:46.761,2.7,2016-06-09 10:56:00,
1.125176844,8750030,Miki Jankovic,Ghem v M Jankovic,40,2016-06-09 09:52:58.438,2.66,2016-06-09 10:56:00,
1.125176844,8750030,Miki Jankovic,Ghem v M Jankovic,50,2016-06-09 09:53:54.030,2.7,2016-06-09 10:56:00,
1.125176844,8750030,Miki Jankovic,Ghem v M Jankovic,60,2016-06-09 10:36:05.858,2.74,2016-06-09 10:56:00,
1.125176844,8750030,Miki Jankovic,Ghem v M Jankovic,70,2016-06-09 10:37:03.827,2.62,2016-06-09 10:56:00,
1.125176844,8750030,Miki Jankovic,Ghem v M Jankovic,80,2016-06-09 10:38:07.785,2.74,2016-06-09 10:56:00,
1.125176844,8750030,Miki Jankovic,Ghem v M Jankovic,90,2016-06-09 11:37:56.736,2.6,2016-06-09 12:30:00,
1.125176844,8750030,Miki Jankovic,Ghem v M Jankovic,100,2016-06-09 13:22:13.942,3.0,2016-06-09 13:30:00,
1.125176854,7659623,Karen Khachanov,Perez Sanz v Khachanov,0,2016-06-09 04:40:43.601,1.17,2016-06-09 12:00:00,
1.125176854,7659623,Karen Khachanov,Perez Sanz v Khachanov,10,2016-06-09 04:44:43.689,1.12,2016-06-09 12:00:00,
1.125176854,7659623,Karen Khachanov,Perez Sanz v Khachanov,20,2016-06-09 08:28:08.283,1.2,2016-06-09 12:00:00,
1.125176854,7659623,Karen Khachanov,Perez Sanz v Khachanov,30,2016-06-09 08:58:02.338,1.15,2016-06-09 12:00:00,
1.125176854,7659623,Karen Khachanov,Perez Sanz v Khachanov,40,2016-06-09 10:01:01.207,1.15,2016-06-09 12:00:00,
1.125176854,7659623,Karen Khachanov,Perez Sanz v Khachanov,50,2016-06-09 10:46:06.183,1.15,2016-06-09 12:00:00,
1.125176854,7659623,Karen Khachanov,Perez Sanz v Khachanov,60,2016-06-09 11:10:31.404,1.16,2016-06-09 12:00:00,
1.125176854,7659623,Karen Khachanov,Perez Sanz v Khachanov,70,2016-06-09 11:49:23.069,1.16,2016-06-09 11:57:00,
1.125176854,7659623,Karen Khachanov,Perez Sanz v Khachanov,80,2016-06-09 11:52:29.081,1.15,2016-06-09 11:57:00,
1.125176854,7659623,Karen Khachanov,Perez Sanz v Khachanov,90,2016-06-09 12:56:31.529,1.17,2016-06-09 13:12:00,
1.125176854,7659623,Karen Khachanov,Perez Sanz v Khachanov,100,2016-06-09 13:14:26.984,1.14,2016-06-09 13:27:00,
1.125176863,8145584,Jordan Thompson,Jo Smith v Jor Thompson,0,2016-06-08 06:46:22.430,1.58,2016-06-09 12:00:00,
1.125176863,8145584,Jordan Thompson,Jo Smith v Jor Thompson,10,2016-06-08 19:52:48.585,1.51,2016-06-09 10:00:00,
1.125176863,8145584,Jordan Thompson,Jo Smith v Jor Thompson,20,2016-06-09 07:12:29.242,1.56,2016-06-09 10:00:00,
1.125176863,8145584,Jordan Thompson,Jo Smith v Jor Thompson,30,2016-06-09 08:31:34.014,1.63,2016-06-09 10:00:00,
1.125176863,8145584,Jordan Thompson,Jo Smith v Jor Thompson,40,2016-06-09 09:16:32.798,1.63,2016-06-09 10:00:00,
1.125176863,8145584,Jordan Thompson,Jo Smith v Jor Thompson,50,2016-06-09 13:06:55.083,1.52,2016-06-09 14:00:00,
1.125176863,8145584,Jordan Thompson,Jo Smith v Jor Thompson,60,2016-06-09 13:53:27.756,1.67,2016-06-09 14:00:00,
1.125176863,8145584,Jordan Thompson,Jo Smith v Jor Thompson,70,2016-06-09 14:03:32.695,1.72,2016-06-09 14:15:00,
1.125176863,8145584,Jordan Thompson,Jo Smith v Jor Thompson,80,2016-06-09 14:41:25.258,1.62,2016-06-09 14:45:00,
1.125176863,8145584,Jordan Thompson,Jo Smith v Jor Thompson,90,2016-06-09 15:30:50.157,1.53,2016-06-09 15:45:00,
1.125176863,8145584,Jordan Thompson,Jo Smith v Jor Thompson,100,2016-06-09 16:18:14.082,1.7,2016-06-09 16:30:00,
1.125176863,11204359,John-Patrick Smith,Jo Smith v Jor Thompson,0,2016-06-08 21:04:51.832,3.2,2016-06-09 10:00:00,
1.125176863,11204359,John-Patrick Smith,Jo Smith v Jor Thompson,10,2016-06-09 06:40:29.589,3.35,2016-06-09 10:00:00,
1.125176863,11204359,John-Patrick Smith,Jo Smith v Jor Thompson,20,2016-06-09 08:01:12.964,2.88,2016-06-09 10:00:00,
1.125176863,11204359,John-Patrick Smith,Jo Smith v Jor Thompson,30,2016-06-09 08:04:34.265,2.76,2016-06-09 10:00:00,
1.125176863,11204359,John-Patrick Smith,Jo Smith v Jor Thompson,40,2016-06-09 08:30:29.529,2.62,2016-06-09 10:00:00,
1.125176863,11204359,John-Patrick Smith,Jo Smith v Jor Thompson,50,2016-06-09 08:33:34.248,2.62,2016-06-09 10:00:00,
1.125176863,11204359,John-Patrick Smith,Jo Smith v Jor Thompson,60,2016-06-09 08:43:20.873,2.5,2016-06-09 10:00:00,
1.125176863,11204359,John-Patrick Smith,Jo Smith v Jor Thompson,70,2016-06-09 09:54:08.038,2.18,2016-06-09 14:00:00,
1.125176863,11204359,John-Patrick Smith,Jo Smith v Jor Thompson,80,2016-06-09 13:06:55.083,2.98,2016-06-09 14:00:00,
1.125176863,11204359,John-Patrick Smith,Jo Smith v Jor Thompson,90,2016-06-09 13:53:27.756,2.48,2016-06-09 14:00:00,
1.125176863,11204359,John-Patrick Smith,Jo Smith v Jor Thompson,100,2016-06-09 14:03:32.695,2.32,2016-06-09 14:15:00,
1.125176935,7381504,Raja/Sharan,Klein/Ward v Raja/Sharan,0,2016-06-08 16:06:43.815,1.22,2016-06-09 12:30:00,2016-06-08 13:57:39.190
1.125176935,7381504,Raja/Sharan,Klein/Ward v Raja/Sharan,10,2016-06-08 20:03:16.625,1.26,2016-06-09 12:30:00,2016-06-08 13:57:39.190
1.125176935,7381504,Raja/Sharan,Klein/Ward v Raja/Sharan,20,2016-06-08 22:01:46.268,1.26,2016-06-09 12:30:00,2016-06-08 13:57:39.190
1.125176935,7381504,Raja/Sharan,Klein/Ward v Raja/Sharan,30,2016-06-08 22:08:43.432,1.23,2016-06-09 12:30:00,2016-06-08 13:57:39.190
1.125176935,7381504,Raja/Sharan,Klein/Ward v Raja/Sharan,40,2016-06-08 22:43:47.205,1.23,2016-06-09 12:30:00,2016-06-08 13:57:39.190
1.125176935,7381504,Raja/Sharan,Klein/Ward v Raja/Sharan,50,2016-06-09 03:30:46.014,1.22,2016-06-09 12:30:00,2016-06-08 13:57:39.190
1.125176935,7381504,Raja/Sharan,Klein/Ward v Raja/Sharan,60,2016-06-09 10:46:36.057,1.22,2016-06-09 12:00:00,2016-06-08 13:57:39.190
1.125176935,7381504,Raja/Sharan,Klein/Ward v Raja/Sharan,70,2016-06-09 14:01:42.906,1.29,2016-06-09 14:45:00,2016-06-08 13:57:39.190
1.125176935,7381504,Raja/Sharan,Klein/Ward v Raja/Sharan,80,2016-06-09 15:27:38.899,1.28,2016-06-09 15:30:00,2016-06-08 13:57:39.190
1.125176935,7381504,Raja/Sharan,Klein/Ward v Raja/Sharan,90,2016-06-09 15:53:48.143,1.2,2016-06-09 16:00:00,2016-06-08 13:57:39.190
1.125176935,7381504,Raja/Sharan,Klein/Ward v Raja/Sharan,100,2016-06-09 17:27:24.772,1.18,2016-06-09 17:30:00,2016-06-08 13:57:39.190
1.125176935,11265285,Klein/Ward,Klein/Ward v Raja/Sharan,0,2016-06-08 13:39:40.527,3.05,2016-06-08 13:45:00,
1.125176935,11265285,Klein/Ward,Klein/Ward v Raja/Sharan,10,2016-06-08 19:45:34.469,1.5,2016-06-09 12:30:00,2016-06-08 13:57:39.190
1.125176935,11265285,Klein/Ward,Klein/Ward v Raja/Sharan,20,2016-06-08 20:49:40.019,1.5,2016-06-09 12:30:00,2016-06-08 13:57:39.190
1.125176935,11265285,Klein/Ward,Klein/Ward v Raja/Sharan,30,2016-06-08 21:49:19.843,4.6,2016-06-09 12:30:00,2016-06-08 13:57:39.190
1.125176935,11265285,Klein/Ward,Klein/Ward v Raja/Sharan,40,2016-06-08 22:02:38.681,4.9,2016-06-09 12:30:00,2016-06-08 13:57:39.190
1.125176935,11265285,Klein/Ward,Klein/Ward v Raja/Sharan,50,2016-06-08 22:06:49.003,5.0,2016-06-09 12:30:00,2016-06-08 13:57:39.190
1.125176935,11265285,Klein/Ward,Klein/Ward v Raja/Sharan,60,2016-06-09 11:56:18.592,5.5,2016-06-09 13:30:00,2016-06-08 13:57:39.190
1.125176935,11265285,Klein/Ward,Klein/Ward v Raja/Sharan,70,2016-06-09 14:18:16.030,5.0,2016-06-09 14:45:00,2016-06-08 13:57:39.190
1.125176935,11265285,Klein/Ward,Klein/Ward v Raja/Sharan,80,2016-06-09 14:55:34.051,4.8,2016-06-09 15:00:00,2016-06-08 13:57:39.190
1.125176935,11265285,Klein/Ward,Klein/Ward v Raja/Sharan,90,2016-06-09 15:30:50.263,4.8,2016-06-09 15:45:00,2016-06-08 13:57:39.190
1.125176935,11265285,Klein/Ward,Klein/Ward v Raja/Sharan,100,2016-06-09 15:53:48.143,6.0,2016-06-09 16:00:00,2016-06-08 13:57:39.190
1.125176944,2249345,Gilles Simon,Struff v G Simon,0,2016-06-07 19:50:30.188,1.39,2016-06-08 12:00:00,
1.125176944,2249345,Gilles Simon,Struff v G Simon,10,2016-06-07 22:07:26.761,1.42,2016-06-08 12:00:00,
1.125176944,2249345,Gilles Simon,Struff v G Simon,20,2016-06-08 09:09:22.583,1.4,2016-06-09 12:00:00,
1.125176944,2249345,Gilles Simon,Struff v G Simon,30,2016-06-08 19:30:58.174,1.34,2016-06-09 09:00:00,
1.125176944,2249345,Gilles Simon,Struff v G Simon,40,2016-06-08 22:01:08.169,1.42,2016-06-09 09:00:00,
1.125176944,2249345,Gilles Simon,Struff v G Simon,50,2016-06-09 04:27:21.923,1.42,2016-06-09 09:00:00,
1.125176944,2249345,Gilles Simon,Struff v G Simon,60,2016-06-09 05:06:47.368,1.39,2016-06-09 09:00:00,
1.125176944,2249345,Gilles Simon,Struff v G Simon,70,2016-06-09 06:09:06.431,1.39,2016-06-09 09:00:00,
1.125176944,2249345,Gilles Simon,Struff v G Simon,80,2016-06-09 07:19:29.085,1.4,2016-06-09 09:00:00,
1.125176944,2249345,Gilles Simon,Struff v G Simon,90,2016-06-09 08:09:36.064,1.4,2016-06-09 09:00:00,
1.125176944,2249345,Gilles Simon,Struff v G Simon,100,2016-06-09 08:51:31.759,1.4,2016-06-09 09:00:00,
1.125176944,11204363,Jan-Lennard Struff,Struff v G Simon,0,2016-06-07 20:25:19.234,3.6,2016-06-08 12:00:00,
1.125176944,11204363,Jan-Lennard Struff,Struff v G Simon,10,2016-06-08 11:43:35.554,3.4,2016-06-09 12:00:00,
1.125176944,11204363,Jan-Lennard Struff,Struff v G Simon,20,2016-06-08 19:30:58.174,3.9,2016-06-09 09:00:00,
1.125176944,11204363,Jan-Lennard Struff,Struff v G Simon,30,2016-06-09 04:15:37.909,3.6,2016-06-09 09:00:00,
1.125176944,11204363,Jan-Lennard Struff,Struff v G Simon,40,2016-06-09 04:51:49.428,3.5,2016-06-09 09:00:00,
1.125176944,11204363,Jan-Lennard Struff,Struff v G Simon,50,2016-06-09 06:32:40.313,3.6,2016-06-09 09:00:00,
1.125176944,11204363,Jan-Lennard Struff,Struff v G Simon,60,2016-06-09 07:08:24.954,3.45,2016-06-09 09:00:00,
1.125176944,11204363,Jan-Lennard Struff,Struff v G Simon,70,2016-06-09 07:31:24.670,3.5,2016-06-09 09:00:00,
1.125176944,11204363,Jan-Lennard Struff,Struff v G Simon,80,2016-06-09 08:01:30.971,3.4,2016-06-09 09:00:00,
1.125176944,11204363,Jan-Lennard Struff,Struff v G Simon,90,2016-06-09 08:35:39.633,3.45,2016-06-09 09:00:00,
1.125176944,11204363,Jan-Lennard Struff,Struff v G Simon,100,2016-06-09 08:52:38.377,3.45,2016-06-09 09:00:00,
1.125177936,2345099,Paolo Lorenzi,P Lorenzi v Djere,0,2016-06-09 02:28:19.788,1.45,2016-06-09 13:00:00,
1.125177936,2345099,Paolo Lorenzi,P Lorenzi v Djere,10,2016-06-09 10:58:13.668,1.48,2016-06-09 12:54:00,
1.125177936,2345099,Paolo Lorenzi,P Lorenzi v Djere,20,2016-06-09 12:30:24.583,1.56,2016-06-09 12:54:00,
1.125177936,2345099,Paolo Lorenzi,P Lorenzi v Djere,30,2016-06-09 13:41:02.843,1.53,2016-06-09 13:48:00,
1.125177936,2345099,Paolo Lorenzi,P Lorenzi v Djere,40,2016-06-09 13:46:06.514,1.51,2016-06-09 13:48:00,
1.125177936,2345099,Paolo Lorenzi,P Lorenzi v Djere,50,2016-06-09 14:58:39.431,1.5,2016-06-09 15:00:00,
1.125177936,2345099,Paolo Lorenzi,P Lorenzi v Djere,60,2016-06-09 16:02:08.082,1.51,2016-06-09 16:15:00,
1.125177936,2345099,Paolo Lorenzi,P Lorenzi v Djere,70,2016-06-09 16:15:13.439,1.58,2016-06-09 16:30:00,
1.125177936,2345099,Paolo Lorenzi,P Lorenzi v Djere,80,2016-06-09 16:28:43.669,1.56,2016-06-09 16:30:00,
1.125177936,2345099,Paolo Lorenzi,P Lorenzi v Djere,90,2016-06-09 16:46:19.546,1.47,2016-06-09 17:00:00,
1.125177936,2345099,Paolo Lorenzi,P Lorenzi v Djere,100,2016-06-09 17:02:11.525,1.42,2016-06-09 17:15:00,
1.125177936,7692106,Laslo Djere,P Lorenzi v Djere,0,2016-06-09 08:44:19.570,3.15,2016-06-09 13:00:00,
1.125177936,7692106,Laslo Djere,P Lorenzi v Djere,10,2016-06-09 09:28:22.209,2.78,2016-06-09 13:00:00,
1.125177936,7692106,Laslo Djere,P Lorenzi v Djere,20,2016-06-09 10:58:13.668,3.1,2016-06-09 12:54:00,
1.125177936,7692106,Laslo Djere,P Lorenzi v Djere,30,2016-06-09 12:28:18.218,2.8,2016-06-09 12:54:00,
1.125177936,7692106,Laslo Djere,P Lorenzi v Djere,40,2016-06-09 13:07:19.423,3.3,2016-06-09 13:18:00,
1.125177936,7692106,Laslo Djere,P Lorenzi v Djere,50,2016-06-09 13:37:22.323,3.15,2016-06-09 13:48:00,
1.125177936,7692106,Laslo Djere,P Lorenzi v Djere,60,2016-06-09 13:58:48.746,2.88,2016-06-09 14:03:00,
1.125177936,7692106,Laslo Djere,P Lorenzi v Djere,70,2016-06-09 14:43:18.871,3.2,2016-06-09 15:00:00,
1.125177936,7692106,Laslo Djere,P Lorenzi v Djere,80,2016-06-09 16:13:26.063,3.15,2016-06-09 16:15:00,
1.125177936,7692106,Laslo Djere,P Lorenzi v Djere,90,2016-06-09 16:14:09.162,2.98,2016-06-09 16:15:00,
1.125177936,7692106,Laslo Djere,P Lorenzi v Djere,100,2016-06-09 17:02:11.525,3.4,2016-06-09 17:15:00,
1.125178111,9459126,Y Bonaventure,Y Bonaventure v M Di Giuseppe,0,2016-06-08 18:06:14.759,2.02,2016-06-09 09:35:00,2016-06-08 10:59:58.599
1.125178111,9459126,Y Bonaventure,Y Bonaventure v M Di Giuseppe,10,2016-06-08 19:00:20.018,2.12,2016-06-09 09:35:00,2016-06-08 10:59:58.599
1.125178111,9459126,Y Bonaventure,Y Bonaventure v M Di Giuseppe,20,2016-06-08 20:35:41.281,2.3,2016-06-09 09:35:00,2016-06-08 10:59:58.599
1.125178111,9459126,Y Bonaventure,Y Bonaventure v M Di Giuseppe,30,2016-06-08 21:32:32.837,1.92,2016-06-09 09:35:00,2016-06-08 10:59:58.599
1.125178111,9459126,Y Bonaventure,Y Bonaventure v M Di Giuseppe,40,2016-06-08 22:08:24.142,1.73,2016-06-09 09:35:00,2016-06-08 10:59:58.599
1.125178111,9459126,Y Bonaventure,Y Bonaventure v M Di Giuseppe,50,2016-06-08 23:18:53.272,1.75,2016-06-09 09:35:00,2016-06-08 10:59:58.599
1.125178111,9459126,Y Bonaventure,Y Bonaventure v M Di Giuseppe,60,2016-06-09 03:06:55.389,1.98,2016-06-09 09:35:00,2016-06-08 10:59:58.599
1.125178111,9459126,Y Bonaventure,Y Bonaventure v M Di Giuseppe,70,2016-06-09 05:49:32.557,1.97,2016-06-09 09:35:00,2016-06-08 10:59:58.599
1.125178111,9459126,Y Bonaventure,Y Bonaventure v M Di Giuseppe,80,2016-06-09 06:50:23.966,1.84,2016-06-09 09:35:00,2016-06-08 10:59:58.599
1.125178111,9459126,Y Bonaventure,Y Bonaventure v M Di Giuseppe,90,2016-06-09 08:00:44.843,1.77,2016-06-09 09:35:00,2016-06-08 10:59:58.599
1.125178111,9459126,Y Bonaventure,Y Bonaventure v M Di Giuseppe,100,2016-06-09 09:24:28.790,1.79,2016-06-09 09:35:00,2016-06-08 10:59:58.599
1.125178111,9626703,M Di Giuseppe,Y Bonaventure v M Di Giuseppe,0,2016-06-08 10:59:30.022,3.05,2016-06-08 11:05:00,
1.125178111,9626703,M Di Giuseppe,Y Bonaventure v M Di Giuseppe,10,2016-06-08 18:45:34.343,2.48,2016-06-09 09:35:00,2016-06-08 10:59:58.599
1.125178111,9626703,M Di Giuseppe,Y Bonaventure v M Di Giuseppe,20,2016-06-08 19:40:04.399,1.9,2016-06-09 09:35:00,2016-06-08 10:59:58.599
1.125178111,9626703,M Di Giuseppe,Y Bonaventure v M Di Giuseppe,30,2016-06-08 20:35:41.281,1.76,2016-06-09 09:35:00,2016-06-08 10:59:58.599
1.125178111,9626703,M Di Giuseppe,Y Bonaventure v M Di Giuseppe,40,2016-06-08 21:00:04.188,2.04,2016-06-09 09:35:00,2016-06-08 10:59:58.599
1.125178111,9626703,M Di Giuseppe,Y Bonaventure v M Di Giuseppe,50,2016-06-08 22:01:34.278,2.4,2016-06-09 09:35:00,2016-06-08 10:59:58.599
1.125178111,9626703,M Di Giuseppe,Y Bonaventure v M Di Giuseppe,60,2016-06-09 03:06:55.389,2.02,2016-06-09 09:35:00,2016-06-08 10:59:58.599
1.125178111,9626703,M Di Giuseppe,Y Bonaventure v M Di Giuseppe,70,2016-06-09 04:15:34.789,2.22,2016-06-09 09:35:00,2016-06-08 10:59:58.599
1.125178111,9626703,M Di Giuseppe,Y Bonaventure v M Di Giuseppe,80,2016-06-09 06:28:12.262,2.16,2016-06-09 09:35:00,2016-06-08 10:59:58.599
1.125178111,9626703,M Di Giuseppe,Y Bonaventure v M Di Giuseppe,90,2016-06-09 07:30:06.186,2.12,2016-06-09 09:35:00,2016-06-08 10:59:58.599
1.125178111,9626703,M Di Giuseppe,Y Bonaventure v M Di Giuseppe,100,2016-06-09 09:02:23.443,2.04,2016-06-09 09:35:00,2016-06-08 10:59:58.599
1.125181355,4994250,Emilio Gomez,Bublik v E Gomez,0,2016-06-08 19:41:12.219,1.63,2016-06-09 12:00:00,
1.125181355,4994250,Emilio Gomez,Bublik v E Gomez,10,2016-06-09 10:52:02.391,1.49,2016-06-10 12:00:00,
1.125181355,4994250,Emilio Gomez,Bublik v E Gomez,20,2016-06-09 11:54:10.973,1.46,2016-06-10 12:00:00,
1.125181355,4994250,Emilio Gomez,Bublik v E Gomez,30,2016-06-09 20:43:16.988,1.53,2016-06-10 09:00:00,
1.125181355,4994250,Emilio Gomez,Bublik v E Gomez,40,2016-06-10 02:18:54.249,1.44,2016-06-10 09:00:00,
1.125181355,4994250,Emilio Gomez,Bublik v E Gomez,50,2016-06-10 03:34:22.912,1.48,2016-06-10 09:00:00,
1.125181355,4994250,Emilio Gomez,Bublik v E Gomez,60,2016-06-10 06:15:59.542,1.46,2016-06-10 09:00:00,
1.125181355,4994250,Emilio Gomez,Bublik v E Gomez,70,2016-06-10 06:45:12.927,1.52,2016-06-10 09:00:00,
1.125181355,4994250,Emilio Gomez,Bublik v E Gomez,80,2016-06-10 07:38:00.371,1.57,2016-06-10 09:00:00,
1.125181355,4994250,Emilio Gomez,Bublik v E Gomez,90,2016-06-10 07:44:06.740,1.51,2016-06-10 09:00:00,
1.125181355,4994250,Emilio Gomez,Bublik v E Gomez,100,2016-06-10 08:59:03.866,1.56,2016-06-10 09:00:00,
1.125183024,1502771,Bryan/Bryan,Bryan/Bryan v Groth/Lindstedt,0,2016-06-09 01:42:41.454,1.25,2016-06-09 15:00:00,
1.125183024,1502771,Bryan/Bryan,Bryan/Bryan v Groth/Lindstedt,10,2016-06-09 06:57:47.865,1.24,2016-06-09 15:00:00,
1.125183024,1502771,Bryan/Bryan,Bryan/Bryan v Groth/Lindstedt,20,2016-06-09 07:03:15.164,1.25,2016-06-09 15:00:00,
1.125183024,1502771,Bryan/Bryan,Bryan/Bryan v Groth/Lindstedt,30,2016-06-09 07:11:25.947,1.24,2016-06-09 15:00:00,
1.125183024,1502771,Bryan/Bryan,Bryan/Bryan v Groth/Lindstedt,40,2016-06-09 11:14:52.266,1.23,2016-06-09 14:57:00,
1.125183024,1502771,Bryan/Bryan,Bryan/Bryan v Groth/Lindstedt,50,2016-06-09 12:00:32.143,1.24,2016-06-09 14:30:00,
1.125183024,1502771,Bryan/Bryan,Bryan/Bryan v Groth/Lindstedt,60,2016-06-09 12:28:52.744,1.25,2016-06-09 14:30:00,
1.125183024,1502771,Bryan/Bryan,Bryan/Bryan v Groth/Lindstedt,70,2016-06-09 12:38:33.270,1.23,2016-06-09 14:29:00,
1.125183024,1502771,Bryan/Bryan,Bryan/Bryan v Groth/Lindstedt,80,2016-06-09 13:02:33.464,1.26,2016-06-09 14:29:00,
1.125183024,1502771,Bryan/Bryan,Bryan/Bryan v Groth/Lindstedt,90,2016-06-09 13:42:37.644,1.24,2016-06-09 14:29:00,
1.125183024,1502771,Bryan/Bryan,Bryan/Bryan v Groth/Lindstedt,100,2016-06-09 14:08:36.597,1.22,2016-06-09 14:21:00,
1.125183034,11204618,Yen-Hsun Lu,Saville v Ye Lu,0,2016-06-08 16:08:02.495,1.21,2016-06-09 12:00:00,
1.125183034,11204618,Yen-Hsun Lu,Saville v Ye Lu,10,2016-06-09 21:48:46.896,1.23,2016-06-10 11:15:00,
1.125183034,11204618,Yen-Hsun Lu,Saville v Ye Lu,20,2016-06-10 06:23:23.712,1.29,2016-06-10 11:15:00,
1.125183034,11204618,Yen-Hsun Lu,Saville v Ye Lu,30,2016-06-10 07:44:07.004,1.24,2016-06-10 11:15:00,
1.125183034,11204618,Yen-Hsun Lu,Saville v Ye Lu,40,2016-06-10 09:21:14.633,1.23,2016-06-10 11:15:00,
1.125183034,11204618,Yen-Hsun Lu,Saville v Ye Lu,50,2016-06-10 09:22:23.850,1.22,2016-06-10 11:15:00,
1.125183034,11204618,Yen-Hsun Lu,Saville v Ye Lu,60,2016-06-10 10:30:02.773,1.25,2016-06-10 11:15:00,
1.125183034,11204618,Yen-Hsun Lu,Saville v Ye Lu,70,2016-06-10 10:55:14.745,1.22,2016-06-10 11:15:00,
1.125183034,11204618,Yen-Hsun Lu,Saville v Ye Lu,80,2016-06-10 11:27:55.190,1.24,2016-06-10 11:30:00,
1.125183034,11204618,Yen-Hsun Lu,Saville v Ye Lu,90,2016-06-10 11:33:57.977,1.23,2016-06-10 11:45:00,
1.125183034,11204618,Yen-Hsun Lu,Saville v Ye Lu,100,2016-06-10 11:46:19.831,1.23,2016-06-10 12:00:00,
1.125183092,2257317,Nicolas Mahut,Mahut v B Tomic,0,2016-06-08 16:04:43.831,1.89,2016-06-09 12:00:00,
1.125183092,2257317,Nicolas Mahut,Mahut v B Tomic,10,2016-06-09 13:07:42.897,2.08,2016-06-10 12:00:00,
1.125183092,2257317,Nicolas Mahut,Mahut v B Tomic,20,2016-06-09 21:35:55.674,2.02,2016-06-10 14:30:00,
1.125183092,2257317,Nicolas Mahut,Mahut v B Tomic,30,2016-06-10 01:36:02.126,1.93,2016-06-10 14:30:00,
1.125183092,2257317,Nicolas Mahut,Mahut v B Tomic,40,2016-06-10 06:36:53.810,1.92,2016-06-10 14:30:00,
1.125183092,2257317,Nicolas Mahut,Mahut v B Tomic,50,2016-06-10 08:14:55.679,1.94,2016-06-10 14:30:00,
1.125183092,2257317,Nicolas Mahut,Mahut v B Tomic,60,2016-06-10 10:21:06.990,1.92,2016-06-10 14:30:00,
1.125183092,2257317,Nicolas Mahut,Mahut v B Tomic,70,2016-06-10 12:50:23.519,1.95,2016-06-10 14:30:00,
1.125183092,2257317,Nicolas Mahut,Mahut v B Tomic,80,2016-06-10 13:56:22.052,1.95,2016-06-10 14:30:00,
1.125183092,2257317,Nicolas Mahut,Mahut v B Tomic,90,2016-06-10 14:30:26.664,1.91,2016-06-10 14:45:00,
1.125183092,2257317,Nicolas Mahut,Mahut v B Tomic,100,2016-06-10 15:37:26.392,2.02,2016-06-10 15:45:00,
1.125183092,3588868,Bernard Tomic,Mahut v B Tomic,0,2016-06-08 16:04:43.831,2.12,2016-06-09 12:00:00,
1.125183092,3588868,Bernard Tomic,Mahut v B Tomic,10,2016-06-08 21:30:13.339,1.96,2016-06-09 12:00:00,
1.125183092,3588868,Bernard Tomic,Mahut v B Tomic,20,2016-06-09 11:04:14.378,1.93,2016-06-10 12:00:00,
1.125183092,3588868,Bernard Tomic,Mahut v B Tomic,30,2016-06-09 14:58:59.038,1.95,2016-06-10 12:00:00,
1.125183092,3588868,Bernard Tomic,Mahut v B Tomic,40,2016-06-09 18:13:09.702,1.94,2016-06-10 14:30:00,
1.125183092,3588868,Bernard Tomic,Mahut v B Tomic,50,2016-06-09 20:46:16.266,1.95,2016-06-10 14:30:00,
1.125183092,3588868,Bernard Tomic,Mahut v B Tomic,60,2016-06-10 01:33:36.626,2.06,2016-06-10 14:30:00,
1.125183092,3588868,Bernard Tomic,Mahut v B Tomic,70,2016-06-10 09:33:23.138,2.04,2016-06-10 14:30:00,
1.125183092,3588868,Bernard Tomic,Mahut v B Tomic,80,2016-06-10 13:19:19.017,2.06,2016-06-10 14:30:00,
1.125183092,3588868,Bernard Tomic,Mahut v B Tomic,90,2016-06-10 15:17:22.751,2.04,2016-06-10 15:30:00,
1.125183092,3588868,Bernard Tomic,Mahut v B Tomic,100,2016-06-10 15:38:26.025,1.98,2016-06-10 15:45:00,
1.125183193,2258415,Lukas Rosol,Rosol v Pavlasek,0,2016-06-08 20:05:45.625,1.58,2016-06-09 10:30:00,
1.125183193,2258415,Lukas Rosol,Rosol v Pavlasek,10,2016-06-08 23:04:37.902,1.62,2016-06-09 10:30:00,
1.125183193,2258415,Lukas Rosol,Rosol v Pavlasek,20,2016-06-09 06:01:25.683,1.73,2016-06-09 10:30:00,
1.125183193,2258415,Lukas Rosol,Rosol v Pavlasek,30,2016-06-09 06:27:52.112,1.74,2016-06-09 10:30:00,
1.125183193,2258415,Lukas Rosol,Rosol v Pavlasek,40,2016-06-09 06:38:35.771,1.72,2016-06-09 10:30:00,
1.125183193,2258415,Lukas Rosol,Rosol v Pavlasek,50,2016-06-09 08:20:52.912,1.75,2016-06-09 10:30:00,
1.125183193,2258415,Lukas Rosol,Rosol v Pavlasek,60,2016-06-09 08:41:48.094,1.72,2016-06-09 10:30:00,
1.125183193,2258415,Lukas Rosol,Rosol v Pavlasek,70,2016-06-09 08:47:34.095,1.79,2016-06-09 10:30:00,
1.125183193,2258415,Lukas Rosol,Rosol v Pavlasek,80,2016-06-09 09:28:38.401,1.74,2016-06-09 10:30:00,
1.125183193,2258415,Lukas Rosol,Rosol v Pavlasek,90,2016-06-09 10:17:11.363,1.74,2016-06-09 10:30:00,
1.125183193,2258415,Lukas Rosol,Rosol v Pavlasek,100,2016-06-09 10:24:30.821,1.74,2016-06-09 10:30:00,
1.125185876,8284522,Dmitry Popko,S Diez v Popko,0,2016-06-09 20:43:16.988,1.98,2016-06-10 09:00:00,
1.125185876,8284522,Dmitry Popko,S Diez v Popko,10,2016-06-09 21:26:07.679,2.16,2016-06-10 09:00:00,
1.125185876,8284522,Dmitry Popko,S Diez v Popko,20,2016-06-10 00:24:09.626,1.9,2016-06-10 09:00:00,
1.125185876,8284522,Dmitry Popko,S Diez v Popko,30,2016-06-10 00:25:08.865,1.64,2016-06-10 09:00:00,
1.125185876,8284522,Dmitry Popko,S Diez v Popko,40,2016-06-10 07:44:06.687,1.71,2016-06-10 09:00:00,
1.125185876,8284522,Dmitry Popko,S Diez v Popko,50,2016-06-10 07:46:09.338,1.85,2016-06-10 09:00:00,
1.125185876,8284522,Dmitry Popko,S Diez v Popko,60,2016-06-10 08:23:03.220,1.83,2016-06-10 09:00:00,
1.125185876,8284522,Dmitry Popko,S Diez v Popko,70,2016-06-10 08:23:58.437,1.84,2016-06-10 09:00:00,
1.125185876,8284522,Dmitry Popko,S Diez v Popko,80,2016-06-10 08:54:09.642,1.78,2016-06-10 09:00:00,
1.125185876,8284522,Dmitry Popko,S Diez v Popko,90,2016-06-10 08:55:04.577,1.77,2016-06-10 09:00:00,
1.125185876,8284522,Dmitry Popko,S Diez v Popko,100,2016-06-10 08:59:09.388,1.82,2016-06-10 09:00:00,
1.125185881,6603914,Guido Andreozzi,Lopez-Perez v Andreozzi,0,2016-06-09 10:06:46.766,1.48,2016-06-10 12:00:00,
1.125185881,6603914,Guido Andreozzi,Lopez-Perez v Andreozzi,10,2016-06-09 19:08:16.494,1.4,2016-06-10 12:00:00,
1.125185881,6603914,Guido Andreozzi,Lopez-Perez v Andreozzi,20,2016-06-10 05:53:26.696,1.46,2016-06-10 14:00:00,
1.125185881,6603914,Guido Andreozzi,Lopez-Perez v Andreozzi,30,2016-06-10 06:23:38.833,1.47,2016-06-10 14:00:00,
1.125185881,6603914,Guido Andreozzi,Lopez-Perez v Andreozzi,40,2016-06-10 08:04:56.483,1.46,2016-06-10 14:00:00,
1.125185881,6603914,Guido Andreozzi,Lopez-Perez v Andreozzi,50,2016-06-10 08:29:56.530,1.44,2016-06-10 14:00:00,
1.125185881,6603914,Guido Andreozzi,Lopez-Perez v Andreozzi,60,2016-06-10 12:05:23.855,1.43,2016-06-10 14:00:00,
1.125185881,6603914,Guido Andreozzi,Lopez-Perez v Andreozzi,70,2016-06-10 12:11:21.075,1.4,2016-06-10 14:00:00,
1.125185881,6603914,Guido Andreozzi,Lopez-Perez v Andreozzi,80,2016-06-10 12:12:22.937,1.41,2016-06-10 14:00:00,
1.125185881,6603914,Guido Andreozzi,Lopez-Perez v Andreozzi,90,2016-06-10 12:18:57.643,1.4,2016-06-10 14:00:00,
1.125185881,6603914,Guido Andreozzi,Lopez-Perez v Andreozzi,100,2016-06-10 13:22:59.596,1.41,2016-06-10 14:00:00,
1.125185881,11204616,Enrique Lopez-Perez,Lopez-Perez v Andreozzi,0,2016-06-09 10:06:46.766,3.1,2016-06-10 12:00:00,
1.125185881,11204616,Enrique Lopez-Perez,Lopez-Perez v Andreozzi,10,2016-06-09 19:08:16.494,3.5,2016-06-10 12:00:00,
1.125185881,11204616,Enrique Lopez-Perez,Lopez-Perez v Andreozzi,20,2016-06-10 05:49:14.191,3.2,2016-06-10 14:00:00,
1.125185881,11204616,Enrique Lopez-Perez,Lopez-Perez v Andreozzi,30,2016-06-10 05:53:26.696,3.15,2016-06-10 14:00:00,
1.125185881,11204616,Enrique Lopez-Perez,Lopez-Perez v Andreozzi,40,2016-06-10 07:25:02.777,3.2,2016-06-10 14:00:00,
1.125185881,11204616,Enrique Lopez-Perez,Lopez-Perez v Andreozzi,50,2016-06-10 12:01:25.173,3.3,2016-06-10 14:00:00,
1.125185881,11204616,Enrique Lopez-Perez,Lopez-Perez v Andreozzi,60,2016-06-10 12:06:00.627,3.35,2016-06-10 14:00:00,
1.125185881,11204616,Enrique Lopez-Perez,Lopez-Perez v Andreozzi,70,2016-06-10 12:12:22.937,3.45,2016-06-10 14:00:00,
1.125185881,11204616,Enrique Lopez-Perez,Lopez-Perez v Andreozzi,80,2016-06-10 12:18:22.937,3.5,2016-06-10 14:00:00,
1.125185881,11204616,Enrique Lopez-Perez,Lopez-Perez v Andreozzi,90,2016-06-10 12:44:44.797,3.2,2016-06-10 14:00:00,
1.125185881,11204616,Enrique Lopez-Perez,Lopez-Perez v Andreozzi,100,2016-06-10 13:22:59.596,3.45,2016-06-10 14:00:00,
1.125185974,2481589,Steve Darcis,Coppejans v Darcis,0,2016-06-08 16:05:52.420,1.08,2016-06-09 12:00:00,
1.125185974,2481589,Steve Darcis,Coppejans v Darcis,10,2016-06-09 20:53:19.654,1.5,2016-06-10 09:30:00,
1.125185974,2481589,Steve Darcis,Coppejans v Darcis,20,2016-06-10 03:34:22.913,1.5,2016-06-10 09:30:00,
1.125185974,2481589,Steve Darcis,Coppejans v Darcis,30,2016-06-10 05:04:51.277,1.45,2016-06-10 09:30:00,
1.125185974,2481589,Steve Darcis,Coppejans v Darcis,40,2016-06-10 07:06:16.173,1.5,2016-06-10 09:30:00,
1.125185974,2481589,Steve Darcis,Coppejans v Darcis,50,2016-06-10 08:18:58.897,1.44,2016-06-10 09:30:00,
1.125185974,2481589,Steve Darcis,Coppejans v Darcis,60,2016-06-10 08:25:25.852,1.55,2016-06-10 09:30:00,
1.125185974,2481589,Steve Darcis,Coppejans v Darcis,70,2016-06-10 08:57:18.466,1.48,2016-06-10 09:30:00,
1.125185974,2481589,Steve Darcis,Coppejans v Darcis,80,2016-06-10 09:00:17.551,1.54,2016-06-10 09:30:00,
1.125185974,2481589,Steve Darcis,Coppejans v Darcis,90,2016-06-10 09:24:11.728,1.47,2016-06-10 09:30:00,
1.125185974,2481589,Steve Darcis,Coppejans v Darcis,100,2016-06-10 09:27:12.268,1.45,2016-06-10 09:30:00,
1.125185974,7364095,Kimmer Coppejans,Coppejans v Darcis,0,2016-06-09 20:53:19.654,3.0,2016-06-10 09:30:00,
1.125185974,7364095,Kimmer Coppejans,Coppejans v Darcis,10,2016-06-10 05:04:51.277,3.2,2016-06-10 09:30:00,
1.125185974,7364095,Kimmer Coppejans,Coppejans v Darcis,20,2016-06-10 07:06:16.173,3.0,2016-06-10 09:30:00,
1.125185974,7364095,Kimmer Coppejans,Coppejans v Darcis,30,2016-06-10 07:31:57.392,2.84,2016-06-10 09:30:00,
1.125185974,7364095,Kimmer Coppejans,Coppejans v Darcis,40,2016-06-10 08:08:44.923,2.88,2016-06-10 09:30:00,
1.125185974,7364095,Kimmer Coppejans,Coppejans v Darcis,50,2016-06-10 08:34:07.475,2.86,2016-06-10 09:30:00,
1.125185974,7364095,Kimmer Coppejans,Coppejans v Darcis,60,2016-06-10 08:40:14.991,2.84,2016-06-10 09:30:00,
1.125185974,7364095,Kimmer Coppejans,Coppejans v Darcis,70,2016-06-10 09:00:17.551,2.82,2016-06-10 09:30:00,
1.125185974,7364095,Kimmer Coppejans,Coppejans v Darcis,80,2016-06-10 09:10:17.550,3.15,2016-06-10 09:30:00,
1.125185974,7364095,Kimmer Coppejans,Coppejans v Darcis,90,2016-06-10 09:12:00.676,2.8,2016-06-10 09:30:00,
1.125185974,7364095,Kimmer Coppejans,Coppejans v Darcis,100,2016-06-10 09:25:18.746,2.76,2016-06-10 09:30:00,
1.125185979,3622052,Kristina Mladenovic,K Mladenovic v E Mertens,0,2016-06-08 23:01:04.264,1.4,2016-06-09 12:00:00,
1.125185979,3622052,Kristina Mladenovic,K Mladenovic v E Mertens,10,2016-06-09 19:30:50.484,1.4,2016-06-10 15:00:00,
1.125185979,3622052,Kristina Mladenovic,K Mladenovic v E Mertens,20,2016-06-10 04:41:44.952,1.41,2016-06-10 15:00:00,
1.125185979,3622052,Kristina Mladenovic,K Mladenovic v E Mertens,30,2016-06-10 07:18:13.488,1.41,2016-06-10 15:00:00,
1.125185979,3622052,Kristina Mladenovic,K Mladenovic v E Mertens,40,2016-06-10 08:40:40.269,1.43,2016-06-10 15:00:00,
1.125185979,3622052,Kristina Mladenovic,K Mladenovic v E Mertens,50,2016-06-10 09:22:45.090,1.43,2016-06-10 14:50:00,
1.125185979,3622052,Kristina Mladenovic,K Mladenovic v E Mertens,60,2016-06-10 09:54:49.039,1.43,2016-06-10 14:50:00,
1.125185979,3622052,Kristina Mladenovic,K Mladenovic v E Mertens,70,2016-06-10 12:19:54.100,1.43,2016-06-10 14:30:00,
1.125185979,3622052,Kristina Mladenovic,K Mladenovic v E Mertens,80,2016-06-10 12:58:53.567,1.43,2016-06-10 14:22:00,
1.125185979,3622052,Kristina Mladenovic,K Mladenovic v E Mertens,90,2016-06-10 13:10:56.363,1.45,2016-06-10 14:22:00,
1.125185979,3622052,Kristina Mladenovic,K Mladenovic v E Mertens,100,2016-06-10 13:32:16.726,1.42,2016-06-10 13:33:00,
1.125185979,9002334,Elise Mertens,K Mladenovic v E Mertens,0,2016-06-08 23:01:04.264,3.5,2016-06-09 12:00:00,
1.125185979,9002334,Elise Mertens,K Mladenovic v E Mertens,10,2016-06-09 18:57:11.470,3.45,2016-06-10 15:00:00,
1.125185979,9002334,Elise Mertens,K Mladenovic v E Mertens,20,2016-06-10 05:02:20.681,3.5,2016-06-10 15:00:00,
1.125185979,9002334,Elise Mertens,K Mladenovic v E Mertens,30,2016-06-10 05:45:33.846,3.65,2016-06-10 15:00:00,
1.125185979,9002334,Elise Mertens,K Mladenovic v E Mertens,40,2016-06-10 06:08:08.507,3.45,2016-06-10 15:00:00,
1.125185979,9002334,Elise Mertens,K Mladenovic v E Mertens,50,2016-06-10 09:05:56.682,3.45,2016-06-10 14:50:00,
1.125185979,9002334,Elise Mertens,K Mladenovic v E Mertens,60,2016-06-10 09:17:11.935,3.3,2016-06-10 14:50:00,
1.125185979,9002334,Elise Mertens,K Mladenovic v E Mertens,70,2016-06-10 11:02:16.793,3.3,2016-06-10 14:23:00,
1.125185979,9002334,Elise Mertens,K Mladenovic v E Mertens,80,2016-06-10 12:06:49.061,3.3,2016-06-10 14:23:00,
1.125185979,9002334,Elise Mertens,K Mladenovic v E Mertens,90,2016-06-10 13:07:19.010,3.3,2016-06-10 14:22:00,
1.125185979,9002334,Elise Mertens,K Mladenovic v E Mertens,100,2016-06-10 13:21:28.853,3.25,2016-06-10 14:22:00,
1.125186066,4566011,Alison Riske,Riske v Kontaveit,0,2016-06-08 19:45:33.199,1.52,2016-06-09 12:00:00,
1.125186066,4566011,Alison Riske,Riske v Kontaveit,10,2016-06-10 07:47:50.045,1.64,2016-06-10 11:00:00,
1.125186066,4566011,Alison Riske,Riske v Kontaveit,20,2016-06-10 10:47:58.482,1.65,2016-06-10 11:00:00,
1.125186066,4566011,Alison Riske,Riske v Kontaveit,30,2016-06-10 18:35:52.172,1.27,2016-06-11 12:00:00,2016-06-10 11:09:58.030
1.125186066,4566011,Alison Riske,Riske v Kontaveit,40,2016-06-10 19:45:25.245,1.27,2016-06-11 12:00:00,2016-06-10 11:09:58.030
1.125186066,4566011,Alison Riske,Riske v Kontaveit,50,2016-06-10 21:47:39.500,1.28,2016-06-11 12:00:00,2016-06-10 11:09:58.030
1.125186066,4566011,Alison Riske,Riske v Kontaveit,60,2016-06-11 00:01:32.327,1.29,2016-06-11 12:00:00,2016-06-10 11:09:58.030
1.125186066,4566011,Alison Riske,Riske v Kontaveit,70,2016-06-11 04:23:33.474,1.27,2016-06-11 12:00:00,2016-06-10 11:09:58.030
1.125186066,4566011,Alison Riske,Riske v Kontaveit,80,2016-06-11 07:41:00.026,1.27,2016-06-11 12:00:00,2016-06-10 11:09:58.030
1.125186066,4566011,Alison Riske,Riske v Kontaveit,90,2016-06-11 09:05:12.304,1.28,2016-06-11 12:00:00,2016-06-10 11:09:58.030
1.125186066,4566011,Alison Riske,Riske v Kontaveit,100,2016-06-11 11:32:00.839,1.28,2016-06-11 11:53:00,2016-06-10 11:09:58.030
1.125186066,5300737,Anett Kontaveit,Riske v Kontaveit,0,2016-06-08 19:45:33.199,2.7,2016-06-09 12:00:00,
1.125186066,5300737,Anett Kontaveit,Riske v Kontaveit,10,2016-06-09 20:51:41.159,2.5,2016-06-10 11:00:00,
1.125186066,5300737,Anett Kontaveit,Riske v Kontaveit,20,2016-06-10 07:21:53.754,2.58,2016-06-10 11:00:00,
1.125186066,5300737,Anett Kontaveit,Riske v Kontaveit,30,2016-06-10 08:45:44.570,2.56,2016-06-10 11:00:00,
1.125186066,5300737,Anett Kontaveit,Riske v Kontaveit,40,2016-06-10 10:34:46.558,2.6,2016-06-10 11:00:00,
1.125186066,5300737,Anett Kontaveit,Riske v Kontaveit,50,2016-06-10 17:41:56.901,4.6,2016-06-11 12:00:00,2016-06-10 11:09:58.030
1.125186066,5300737,Anett Kontaveit,Riske v Kontaveit,60,2016-06-10 18:38:31.090,4.5,2016-06-11 12:00:00,2016-06-10 11:09:58.030
1.125186066,5300737,Anett Kontaveit,Riske v Kontaveit,70,2016-06-10 21:53:00.012,4.5,2016-06-11 12:00:00,2016-06-10 11:09:58.030
1.125186066,5300737,Anett Kontaveit,Riske v Kontaveit,80,2016-06-11 01:29:41.636,4.4,2016-06-11 12:00:00,2016-06-10 11:09:58.030
1.125186066,5300737,Anett Kontaveit,Riske v Kontaveit,90,2016-06-11 08:05:59.514,4.4,2016-06-11 12:00:00,2016-06-10 11:09:58.030
1.125186066,5300737,Anett Kontaveit,Riske v Kontaveit,100,2016-06-11 10:44:52.421,4.5,2016-06-11 11:53:00,2016-06-10 11:09:58.030
1.125186149,4422812,Stephane Robert,Zopp v St Robert,0,2016-06-09 04:43:57.453,1.3,2016-06-09 14:30:00,
1.125186149,4422812,Stephane Robert,Zopp v St Robert,10,2016-06-09 06:58:34.121,1.37,2016-06-09 14:30:00,
1.125186149,4422812,Stephane Robert,Zopp v St Robert,20,2016-06-09 08:31:15.979,1.32,2016-06-09 14:30:00,
1.125186149,4422812,Stephane Robert,Zopp v St Robert,30,2016-06-09 11:23:36.156,1.33,2016-06-09 14:20:00,
1.125186149,4422812,Stephane Robert,Zopp v St Robert,40,2016-06-09 11:45:03.810,1.31,2016-06-09 14:20:00,
1.125186149,4422812,Stephane Robert,Zopp v St Robert,50,2016-06-09 11:47:02.995,1.25,2016-06-09 14:20:00,
1.125186149,4422812,Stephane Robert,Zopp v St Robert,60,2016-06-09 12:20:11.248,1.3,2016-06-09 14:13:00,
1.125186149,4422812,Stephane Robert,Zopp v St Robert,70,2016-06-09 13:06:11.999,1.27,2016-06-09 14:13:00,
1.125186149,4422812,Stephane Robert,Zopp v St Robert,80,2016-06-09 13:51:01.544,1.27,2016-06-09 14:13:00,
1.125186149,4422812,Stephane Robert,Zopp v St Robert,90,2016-06-09 13:54:15.386,1.28,2016-06-09 14:13:00,
1.125186149,4422812,Stephane Robert,Zopp v St Robert,100,2016-06-09 14:40:59.442,1.28,2016-06-09 14:43:00,
1.125186259,2263560,Sam Querrey,Querrey v S Kozlov,0,2016-06-08 19:45:05.097,1.27,2016-06-09 12:00:00,
1.125186259,2263560,Sam Querrey,Querrey v S Kozlov,10,2016-06-09 14:18:09.616,1.28,2016-06-10 12:00:00,
1.125186259,2263560,Sam Querrey,Querrey v S Kozlov,20,2016-06-09 17:17:27.490,1.25,2016-06-10 12:00:00,
1.125186259,2263560,Sam Querrey,Querrey v S Kozlov,30,2016-06-09 21:50:14.264,1.24,2016-06-10 13:00:00,
1.125186259,2263560,Sam Querrey,Querrey v S Kozlov,40,2016-06-10 02:10:06.272,1.26,2016-06-10 13:00:00,
1.125186259,2263560,Sam Querrey,Querrey v S Kozlov,50,2016-06-10 06:01:18.735,1.23,2016-06-10 13:00:00,
1.125186259,2263560,Sam Querrey,Querrey v S Kozlov,60,2016-06-10 06:49:23.329,1.21,2016-06-10 13:00:00,
1.125186259,2263560,Sam Querrey,Querrey v S Kozlov,70,2016-06-10 07:49:22.925,1.23,2016-06-10 13:00:00,
1.125186259,2263560,Sam Querrey,Querrey v S Kozlov,80,2016-06-10 09:03:07.885,1.24,2016-06-10 12:50:00,
1.125186259,2263560,Sam Querrey,Querrey v S Kozlov,90,2016-06-10 09:23:24.601,1.23,2016-06-10 12:50:00,
1.125186259,2263560,Sam Querrey,Querrey v S Kozlov,100,2016-06-10 12:08:53.839,1.21,2016-06-10 12:23:00,
1.125186259,7415002,Stefan Kozlov,Querrey v S Kozlov,0,2016-06-09 07:18:46.396,5.1,2016-06-10 12:00:00,
1.125186259,7415002,Stefan Kozlov,Querrey v S Kozlov,10,2016-06-09 16:10:08.083,5.1,2016-06-10 12:00:00,
1.125186259,7415002,Stefan Kozlov,Querrey v S Kozlov,20,2016-06-09 20:50:21.846,4.8,2016-06-10 13:00:00,
1.125186259,7415002,Stefan Kozlov,Querrey v S Kozlov,30,2016-06-09 23:48:19.941,5.0,2016-06-10 13:00:00,
1.125186259,7415002,Stefan Kozlov,Querrey v S Kozlov,40,2016-06-10 06:01:18.735,5.3,2016-06-10 13:00:00,
1.125186259,7415002,Stefan Kozlov,Querrey v S Kozlov,50,2016-06-10 07:25:15.896,5.7,2016-06-10 13:00:00,
1.125186259,7415002,Stefan Kozlov,Querrey v S Kozlov,60,2016-06-10 08:24:48.705,5.6,2016-06-10 13:00:00,
1.125186259,7415002,Stefan Kozlov,Querrey v S Kozlov,70,2016-06-10 09:23:24.601,5.3,2016-06-10 12:50:00,
1.125186259,7415002,Stefan Kozlov,Querrey v S Kozlov,80,2016-06-10 10:15:52.427,5.4,2016-06-10 12:50:00,
1.125186259,7415002,Stefan Kozlov,Querrey v S Kozlov,90,2016-06-10 11:34:09.594,5.8,2016-06-10 12:23:00,
1.125186259,7415002,Stefan Kozlov,Querrey v S Kozlov,100,2016-06-10 12:08:53.839,5.7,2016-06-10 12:23:00,
1.125186366,6344314,Henri Laaksonen,T Monteiro v Laaksonen,0,2016-06-09 19:22:06.901,2.78,2016-06-10 16:00:00,
1.125186366,6344314,Henri Laaksonen,T Monteiro v Laaksonen,10,2016-06-10 12:47:48.377,2.74,2016-06-10 16:00:00,
1.125186366,6344314,Henri Laaksonen,T Monteiro v Laaksonen,20,2016-06-10 13:07:59.903,3.1,2016-06-10 16:00:00,
1.125186366,6344314,Henri Laaksonen,T Monteiro v Laaksonen,30,2016-06-10 13:10:21.649,2.74,2016-06-10 16:00:00,
1.125186366,6344314,Henri Laaksonen,T Monteiro v Laaksonen,40,2016-06-10 14:03:54.867,2.74,2016-06-10 16:00:00,
1.125186366,6344314,Henri Laaksonen,T Monteiro v Laaksonen,50,2016-06-10 14:30:08.802,2.68,2016-06-10 16:00:00,
1.125186366,6344314,Henri Laaksonen,T Monteiro v Laaksonen,60,2016-06-10 15:01:03.671,2.74,2016-06-10 16:00:00,
1.125186366,6344314,Henri Laaksonen,T Monteiro v Laaksonen,70,2016-06-10 15:50:08.370,2.76,2016-06-10 16:00:00,
1.125186366,6344314,Henri Laaksonen,T Monteiro v Laaksonen,80,2016-06-10 15:53:36.114,2.74,2016-06-10 16:00:00,
1.125186366,6344314,Henri Laaksonen,T Monteiro v Laaksonen,90,2016-06-10 15:55:09.456,2.98,2016-06-10 16:00:00,
1.125186366,6344314,Henri Laaksonen,T Monteiro v Laaksonen,100,2016-06-10 15:57:08.185,3.0,2016-06-10 16:00:00,
1.125186366,8326656,Thiago Monteiro,T Monteiro v Laaksonen,0,2016-06-09 01:55:07.030,1.51,2016-06-10 12:00:00,
1.125186366,8326656,Thiago Monteiro,T Monteiro v Laaksonen,10,2016-06-09 19:22:06.901,1.56,2016-06-10 16:00:00,
1.125186366,8326656,Thiago Monteiro,T Monteiro v Laaksonen,20,2016-06-10 01:35:47.606,1.5,2016-06-10 16:00:00,
1.125186366,8326656,Thiago Monteiro,T Monteiro v Laaksonen,30,2016-06-10 07:44:07.477,1.51,2016-06-10 16:00:00,
1.125186366,8326656,Thiago Monteiro,T Monteiro v Laaksonen,40,2016-06-10 12:47:48.377,1.56,2016-06-10 16:00:00,
1.125186366,8326656,Thiago Monteiro,T Monteiro v Laaksonen,50,2016-06-10 14:02:05.961,1.56,2016-06-10 16:00:00,
1.125186366,8326656,Thiago Monteiro,T Monteiro v Laaksonen,60,2016-06-10 14:15:06.544,1.5,2016-06-10 16:00:00,
1.125186366,8326656,Thiago Monteiro,T Monteiro v Laaksonen,70,2016-06-10 14:30:08.802,1.58,2016-06-10 16:00:00,
1.125186366,8326656,Thiago Monteiro,T Monteiro v Laaksonen,80,2016-06-10 15:31:01.807,1.56,2016-06-10 16:00:00,
1.125186366,8326656,Thiago Monteiro,T Monteiro v Laaksonen,90,2016-06-10 15:42:06.056,1.56,2016-06-10 16:00:00,
1.125186366,8326656,Thiago Monteiro,T Monteiro v Laaksonen,100,2016-06-10 15:59:06.860,1.49,2016-06-10 16:00:00,
1.125188526,8285864,Matteo Donati,Donati v Quinzi,0,2016-06-09 23:24:26.965,1.83,2016-06-10 15:00:00,
1.125188526,8285864,Matteo Donati,Donati v Quinzi,10,2016-06-10 07:07:19.292,1.92,2016-06-10 15:00:00,
1.125188526,8285864,Matteo Donati,Donati v Quinzi,20,2016-06-10 08:30:18.982,1.83,2016-06-10 15:00:00,
1.125188526,8285864,Matteo Donati,Donati v Quinzi,30,2016-06-10 09:02:13.603,1.84,2016-06-10 15:00:00,
1.125188526,8285864,Matteo Donati,Donati v Quinzi,40,2016-06-10 09:10:04.502,1.83,2016-06-10 15:00:00,
1.125188526,8285864,Matteo Donati,Donati v Quinzi,50,2016-06-10 11:41:08.587,1.84,2016-06-10 15:00:00,
1.125188526,8285864,Matteo Donati,Donati v Quinzi,60,2016-06-10 12:48:24.464,1.7,2016-06-10 15:00:00,
1.125188526,8285864,Matteo Donati,Donati v Quinzi,70,2016-06-10 13:00:17.547,1.84,2016-06-10 14:55:00,
1.125188526,8285864,Matteo Donati,Donati v Quinzi,80,2016-06-10 14:05:23.880,1.82,2016-06-10 14:55:00,
1.125188526,8285864,Matteo Donati,Donati v Quinzi,90,2016-06-10 14:25:19.603,1.81,2016-06-10 14:27:00,
1.125188526,8285864,Matteo Donati,Donati v Quinzi,100,2016-06-10 14:32:17.849,1.85,2016-06-10 14:42:00,
1.12519246,2263536,Mikhail Youzhny,D Thiem v Youzhny,0,2016-06-09 15:50:38.451,2.62,2016-06-10 09:00:00,
1.12519246,2263536,Mikhail Youzhny,D Thiem v Youzhny,10,2016-06-09 19:19:26.262,2.62,2016-06-10 09:00:00,
1.12519246,2263536,Mikhail Youzhny,D Thiem v Youzhny,20,2016-06-09 21:08:32.032,2.7,2016-06-10 09:00:00,
1.12519246,2263536,Mikhail Youzhny,D Thiem v Youzhny,30,2016-06-09 21:51:54.155,2.72,2016-06-10 09:00:00,
1.12519246,2263536,Mikhail Youzhny,D Thiem v Youzhny,40,2016-06-09 23:36:37.902,2.92,2016-06-10 09:00:00,
1.12519246,2263536,Mikhail Youzhny,D Thiem v Youzhny,50,2016-06-10 01:16:00.311,2.96,2016-06-10 09:00:00,
1.12519246,2263536,Mikhail Youzhny,D Thiem v Youzhny,60,2016-06-10 02:34:39.008,3.0,2016-06-10 09:00:00,
1.12519246,2263536,Mikhail Youzhny,D Thiem v Youzhny,70,2016-06-10 05:58:33.453,3.05,2016-06-10 09:00:00,
1.12519246,2263536,Mikhail Youzhny,D Thiem v Youzhny,80,2016-06-10 07:30:39.357,2.92,2016-06-10 09:00:00,
1.12519246,2263536,Mikhail Youzhny,D Thiem v Youzhny,90,2016-06-10 08:17:40.473,3.0,2016-06-10 09:00:00,
1.12519246,2263536,Mikhail Youzhny,D Thiem v Youzhny,100,2016-06-10 08:43:35.584,2.98,2016-06-10 09:00:00,
1.12519246,5720747,Dominic Thiem,D Thiem v Youzhny,0,2016-06-09 12:30:33.450,1.43,2016-06-10 12:00:00,
1.12519246,5720747,Dominic Thiem,D Thiem v Youzhny,10,2016-06-09 17:48:05.801,1.62,2016-06-10 09:00:00,
1.12519246,5720747,Dominic Thiem,D Thiem v Youzhny,20,2016-06-09 20:03:07.077,1.58,2016-06-10 09:00:00,
1.12519246,5720747,Dominic Thiem,D Thiem v Youzhny,30,2016-06-09 21:15:40.214,1.58,2016-06-10 09:00:00,
1.12519246,5720747,Dominic Thiem,D Thiem v Youzhny,40,2016-06-09 22:26:35.929,1.53,2016-06-10 09:00:00,
1.12519246,5720747,Dominic Thiem,D Thiem v Youzhny,50,2016-06-10 00:02:09.192,1.52,2016-06-10 09:00:00,
1.12519246,5720747,Dominic Thiem,D Thiem v Youzhny,60,2016-06-10 02:47:51.584,1.49,2016-06-10 09:00:00,
1.12519246,5720747,Dominic Thiem,D Thiem v Youzhny,70,2016-06-10 05:16:34.401,1.48,2016-06-10 09:00:00,
1.12519246,5720747,Dominic Thiem,D Thiem v Youzhny,80,2016-06-10 06:54:39.164,1.48,2016-06-10 09:00:00,
1.12519246,5720747,Dominic Thiem,D Thiem v Youzhny,90,2016-06-10 07:36:34.391,1.52,2016-06-10 09:00:00,
1.12519246,5720747,Dominic Thiem,D Thiem v Youzhny,100,2016-06-10 08:37:40.908,1.5,2016-06-10 09:00:00,
1.12519252,2328051,Coco Vandeweghe,Vandeweghe v Rodina,0,2016-06-09 14:19:22.695,1.23,2016-06-10 12:00:00,
1.12519252,2328051,Coco Vandeweghe,Vandeweghe v Rodina,10,2016-06-09 20:49:39.684,1.19,2016-06-10 09:00:00,
1.12519252,2328051,Coco Vandeweghe,Vandeweghe v Rodina,20,2016-06-10 00:57:20.404,1.19,2016-06-10 09:00:00,
1.12519252,2328051,Coco Vandeweghe,Vandeweghe v Rodina,30,2016-06-10 02:08:51.752,1.18,2016-06-10 09:00:00,
1.12519252,2328051,Coco Vandeweghe,Vandeweghe v Rodina,40,2016-06-10 04:45:27.551,1.2,2016-06-10 09:00:00,
1.12519252,2328051,Coco Vandeweghe,Vandeweghe v Rodina,50,2016-06-10 06:50:03.427,1.19,2016-06-10 09:00:00,
1.12519252,2328051,Coco Vandeweghe,Vandeweghe v Rodina,60,2016-06-10 07:04:56.195,1.19,2016-06-10 09:00:00,
1.12519252,2328051,Coco Vandeweghe,Vandeweghe v Rodina,70,2016-06-10 07:28:24.287,1.18,2016-06-10 09:00:00,
1.12519252,2328051,Coco Vandeweghe,Vandeweghe v Rodina,80,2016-06-10 08:19:21.035,1.18,2016-06-10 09:00:00,
1.12519252,2328051,Coco Vandeweghe,Vandeweghe v Rodina,90,2016-06-10 08:36:44.705,1.18,2016-06-10 09:00:00,
1.12519252,2328051,Coco Vandeweghe,Vandeweghe v Rodina,100,2016-06-10 08:48:24.362,1.2,2016-06-10 09:00:00,
1.12519252,2415530,Evgeniya Rodina,Vandeweghe v Rodina,0,2016-06-09 14:19:22.695,5.4,2016-06-10 12:00:00,
1.12519252,2415530,Evgeniya Rodina,Vandeweghe v Rodina,10,2016-06-09 16:07:41.850,6.0,2016-06-10 12:00:00,
1.12519252,2415530,Evgeniya Rodina,Vandeweghe v Rodina,20,2016-06-09 20:47:50.767,6.2,2016-06-10 09:00:00,
1.12519252,2415530,Evgeniya Rodina,Vandeweghe v Rodina,30,2016-06-10 04:50:05.123,6.0,2016-06-10 09:00:00,
1.12519252,2415530,Evgeniya Rodina,Vandeweghe v Rodina,40,2016-06-10 06:10:24.988,6.4,2016-06-10 09:00:00,
1.12519252,2415530,Evgeniya Rodina,Vandeweghe v Rodina,50,2016-06-10 06:54:41.715,6.4,2016-06-10 09:00:00,
1.12519252,2415530,Evgeniya Rodina,Vandeweghe v Rodina,60,2016-06-10 07:24:19.302,6.2,2016-06-10 09:00:00,
1.12519252,2415530,Evgeniya Rodina,Vandeweghe v Rodina,70,2016-06-10 08:09:50.669,6.8,2016-06-10 09:00:00,
1.12519252,2415530,Evgeniya Rodina,Vandeweghe v Rodina,80,2016-06-10 08:23:19.244,6.4,2016-06-10 09:00:00,
1.12519252,2415530,Evgeniya Rodina,Vandeweghe v Rodina,90,2016-06-10 08:30:15.191,6.6,2016-06-10 09:00:00,
1.12519252,2415530,Evgeniya Rodina,Vandeweghe v Rodina,100,2016-06-10 08:48:24.362,6.0,2016-06-10 09:00:00,
1.125194775,2249400,Florian Mayer,Federer v F Mayer,0,2016-06-09 15:52:12.729,5.7,2016-06-10 12:00:00,
1.125194775,2249400,Florian Mayer,Federer v F Mayer,10,2016-06-09 20:00:57.834,5.8,2016-06-10 12:00:00,
1.125194775,2249400,Florian Mayer,Federer v F Mayer,20,2016-06-09 21:05:45.048,6.6,2016-06-10 12:00:00,
1.125194775,2249400,Florian Mayer,Federer v F Mayer,30,2016-06-10 04:14:18.736,6.6,2016-06-10 12:00:00,
1.125194775,2249400,Florian Mayer,Federer v F Mayer,40,2016-06-10 06:41:19.214,7.4,2016-06-10 12:00:00,
1.125194775,2249400,Florian Mayer,Federer v F Mayer,50,2016-06-10 07:57:41.311,6.8,2016-06-10 12:00:00,
1.125194775,2249400,Florian Mayer,Federer v F Mayer,60,2016-06-10 09:40:38.835,6.8,2016-06-10 12:00:00,
1.125194775,2249400,Florian Mayer,Federer v F Mayer,70,2016-06-10 10:18:15.312,6.6,2016-06-10 12:00:00,
1.125194775,2249400,Florian Mayer,Federer v F Mayer,80,2016-06-10 11:03:41.711,6.6,2016-06-10 12:00:00,
1.125194775,2249400,Florian Mayer,Federer v F Mayer,90,2016-06-10 11:13:38.840,7.2,2016-06-10 12:00:00,
1.125194775,2249400,Florian Mayer,Federer v F Mayer,100,2016-06-10 11:41:41.733,7.6,2016-06-10 12:00:00,
1.125194775,2251402,Roger Federer,Federer v F Mayer,0,2016-06-09 15:52:12.729,1.21,2016-06-10 12:00:00,
1.125194775,2251402,Roger Federer,Federer v F Mayer,10,2016-06-09 20:17:57.416,1.19,2016-06-10 12:00:00,
1.125194775,2251402,Roger Federer,Federer v F Mayer,20,2016-06-10 00:29:08.093,1.17,2016-06-10 12:00:00,
1.125194775,2251402,Roger Federer,Federer v F Mayer,30,2016-06-10 04:39:18.440,1.17,2016-06-10 12:00:00,
1.125194775,2251402,Roger Federer,Federer v F Mayer,40,2016-06-10 06:33:27.706,1.16,2016-06-10 12:00:00,
1.125194775,2251402,Roger Federer,Federer v F Mayer,50,2016-06-10 07:38:29.657,1.16,2016-06-10 12:00:00,
1.125194775,2251402,Roger Federer,Federer v F Mayer,60,2016-06-10 08:43:35.793,1.17,2016-06-10 12:00:00,
1.125194775,2251402,Roger Federer,Federer v F Mayer,70,2016-06-10 10:26:40.381,1.16,2016-06-10 12:00:00,
1.125194775,2251402,Roger Federer,Federer v F Mayer,80,2016-06-10 10:55:07.757,1.17,2016-06-10 12:00:00,
1.125194775,2251402,Roger Federer,Federer v F Mayer,90,2016-06-10 11:23:09.182,1.16,2016-06-10 12:00:00,
1.125194775,2251402,Roger Federer,Federer v F Mayer,100,2016-06-10 11:41:41.733,1.14,2016-06-10 12:00:00,
1.125194829,7287668,Jozef Kovalik,Pavlasek v Kovalik,0,2016-06-09 20:44:58.694,2.14,2016-06-10 10:00:00,
1.125194829,7287668,Jozef Kovalik,Pavlasek v Kovalik,10,2016-06-09 23:57:50.502,2.4,2016-06-10 10:00:00,
1.125194829,7287668,Jozef Kovalik,Pavlasek v Kovalik,20,2016-06-09 23:58:49.824,2.52,2016-06-10 10:00:00,
1.125194829,7287668,Jozef Kovalik,Pavlasek v Kovalik,30,2016-06-10 02:49:44.444,2.58,2016-06-10 10:00:00,
1.125194829,7287668,Jozef Kovalik,Pavlasek v Kovalik,40,2016-06-10 05:53:51.572,2.52,2016-06-10 10:00:00,
1.125194829,7287668,Jozef Kovalik,Pavlasek v Kovalik,50,2016-06-10 08:01:40.483,2.4,2016-06-10 10:00:00,
1.125194829,7287668,Jozef Kovalik,Pavlasek v Kovalik,60,2016-06-10 08:30:17.201,2.38,2016-06-10 10:00:00,
1.125194829,7287668,Jozef Kovalik,Pavlasek v Kovalik,70,2016-06-10 08:54:51.089,2.44,2016-06-10 10:00:00,
1.125194829,7287668,Jozef Kovalik,Pavlasek v Kovalik,80,2016-06-10 09:33:50.737,2.28,2016-06-10 10:00:00,
1.125194829,7287668,Jozef Kovalik,Pavlasek v Kovalik,90,2016-06-10 09:44:46.577,2.36,2016-06-10 10:00:00,
1.125194829,7287668,Jozef Kovalik,Pavlasek v Kovalik,100,2016-06-10 09:54:26.706,2.4,2016-06-10 10:00:00,
1.125194829,8494652,Adam Pavlasek,Pavlasek v Kovalik,0,2016-06-09 23:18:52.370,1.76,2016-06-10 10:00:00,
1.125194829,8494652,Adam Pavlasek,Pavlasek v Kovalik,10,2016-06-09 23:57:50.502,1.73,2016-06-10 10:00:00,
1.125194829,8494652,Adam Pavlasek,Pavlasek v Kovalik,20,2016-06-10 00:01:50.767,1.62,2016-06-10 10:00:00,
1.125194829,8494652,Adam Pavlasek,Pavlasek v Kovalik,30,2016-06-10 07:19:45.000,1.68,2016-06-10 10:00:00,
1.125194829,8494652,Adam Pavlasek,Pavlasek v Kovalik,40,2016-06-10 08:10:47.002,1.72,2016-06-10 10:00:00,
1.125194829,8494652,Adam Pavlasek,Pavlasek v Kovalik,50,2016-06-10 08:38:47.858,1.72,2016-06-10 10:00:00,
1.125194829,8494652,Adam Pavlasek,Pavlasek v Kovalik,60,2016-06-10 08:54:51.089,1.72,2016-06-10 10:00:00,
1.125194829,8494652,Adam Pavlasek,Pavlasek v Kovalik,70,2016-06-10 09:26:33.632,1.73,2016-06-10 10:00:00,
1.125194829,8494652,Adam Pavlasek,Pavlasek v Kovalik,80,2016-06-10 09:33:50.737,1.75,2016-06-10 10:00:00,
1.125194829,8494652,Adam Pavlasek,Pavlasek v Kovalik,90,2016-06-10 09:44:46.577,1.73,2016-06-10 10:00:00,
1.125194829,8494652,Adam Pavlasek,Pavlasek v Kovalik,100,2016-06-10 09:54:26.706,1.76,2016-06-10 10:00:00,
1.125194834,8859306,Tommy Paul,T Paul v Barrere,0,2016-06-09 22:18:01.577,1.62,2016-06-10 11:30:00,
1.125194834,8859306,Tommy Paul,T Paul v Barrere,10,2016-06-10 06:10:04.791,1.72,2016-06-10 11:30:00,
1.125194834,8859306,Tommy Paul,T Paul v Barrere,20,2016-06-10 08:30:08.455,1.75,2016-06-10 11:30:00,
1.125194834,8859306,Tommy Paul,T Paul v Barrere,30,2016-06-10 09:55:52.760,1.75,2016-06-10 11:33:00,
1.125194834,8859306,Tommy Paul,T Paul v Barrere,40,2016-06-10 10:00:57.896,1.75,2016-06-10 11:33:00,
1.125194834,8859306,Tommy Paul,T Paul v Barrere,50,2016-06-10 10:57:56.218,1.76,2016-06-10 11:33:00,
1.125194834,8859306,Tommy Paul,T Paul v Barrere,60,2016-06-10 11:06:06.909,1.75,2016-06-10 11:33:00,
1.125194834,8859306,Tommy Paul,T Paul v Barrere,70,2016-06-10 11:36:08.223,1.75,2016-06-10 11:48:00,
1.125194834,8859306,Tommy Paul,T Paul v Barrere,80,2016-06-10 11:52:52.799,1.75,2016-06-10 12:03:00,
1.125194834,8859306,Tommy Paul,T Paul v Barrere,90,2016-06-10 12:24:27.384,1.73,2016-06-10 12:33:00,
1.125194834,8859306,Tommy Paul,T Paul v Barrere,100,2016-06-10 12:38:46.744,1.7,2016-06-10 12:48:00,
1.125195155,2263570,Ivo Karlovic,Karlovic v A Mannarino,0,2016-06-09 16:32:36.481,1.58,2016-06-10 12:00:00,
1.125195155,2263570,Ivo Karlovic,Karlovic v A Mannarino,10,2016-06-09 21:48:05.412,1.6,2016-06-10 09:00:00,
1.125195155,2263570,Ivo Karlovic,Karlovic v A Mannarino,20,2016-06-09 23:55:41.217,1.62,2016-06-10 09:00:00,
1.125195155,2263570,Ivo Karlovic,Karlovic v A Mannarino,30,2016-06-10 03:00:24.065,1.6,2016-06-10 09:00:00,
1.125195155,2263570,Ivo Karlovic,Karlovic v A Mannarino,40,2016-06-10 04:41:16.268,1.59,2016-06-10 09:00:00,
1.125195155,2263570,Ivo Karlovic,Karlovic v A Mannarino,50,2016-06-10 05:30:11.691,1.59,2016-06-10 09:00:00,
1.125195155,2263570,Ivo Karlovic,Karlovic v A Mannarino,60,2016-06-10 06:54:04.887,1.55,2016-06-10 09:00:00,
1.125195155,2263570,Ivo Karlovic,Karlovic v A Mannarino,70,2016-06-10 07:46:19.112,1.56,2016-06-10 09:00:00,
1.125195155,2263570,Ivo Karlovic,Karlovic v A Mannarino,80,2016-06-10 08:04:23.709,1.57,2016-06-10 09:00:00,
1.125195155,2263570,Ivo Karlovic,Karlovic v A Mannarino,90,2016-06-10 08:28:53.110,1.55,2016-06-10 09:00:00,
1.125195155,2263570,Ivo Karlovic,Karlovic v A Mannarino,100,2016-06-10 08:54:16.988,1.58,2016-06-10 09:00:00,
1.125195155,3066621,Adrian Mannarino,Karlovic v A Mannarino,0,2016-06-09 18:01:16.306,2.56,2016-06-10 09:00:00,
1.125195155,3066621,Adrian Mannarino,Karlovic v A Mannarino,10,2016-06-09 20:38:44.256,2.6,2016-06-10 09:00:00,
1.125195155,3066621,Adrian Mannarino,Karlovic v A Mannarino,20,2016-06-10 01:53:24.760,2.66,2016-06-10 09:00:00,
1.125195155,3066621,Adrian Mannarino,Karlovic v A Mannarino,30,2016-06-10 04:30:41.281,2.72,2016-06-10 09:00:00,
1.125195155,3066621,Adrian Mannarino,Karlovic v A Mannarino,40,2016-06-10 05:30:11.691,2.68,2016-06-10 09:00:00,
1.125195155,3066621,Adrian Mannarino,Karlovic v A Mannarino,50,2016-06-10 06:40:14.056,2.82,2016-06-10 09:00:00,
1.125195155,3066621,Adrian Mannarino,Karlovic v A Mannarino,60,2016-06-10 06:54:04.887,2.82,2016-06-10 09:00:00,
1.125195155,3066621,Adrian Mannarino,Karlovic v A Mannarino,70,2016-06-10 07:59:15.446,2.74,2016-06-10 09:00:00,
1.125195155,3066621,Adrian Mannarino,Karlovic v A Mannarino,80,2016-06-10 08:08:22.601,2.74,2016-06-10 09:00:00,
1.125195155,3066621,Adrian Mannarino,Karlovic v A Mannarino,90,2016-06-10 08:28:11.696,2.78,2016-06-10 09:00:00,
1.125195155,3066621,Adrian Mannarino,Karlovic v A Mannarino,100,2016-06-10 08:49:24.963,2.74,2016-06-10 09:00:00,
1.12519556,2263603,Madison Brengle,Brengle v Kozlova,0,2016-06-09 19:14:23.509,1.76,2016-06-10 11:00:00,
1.12519556,2263603,Madison Brengle,Brengle v Kozlova,10,2016-06-09 22:37:53.769,1.79,2016-06-10 11:00:00,
1.12519556,2263603,Madison Brengle,Brengle v Kozlova,20,2016-06-10 04:26:13.696,1.83,2016-06-10 11:00:00,
1.12519556,2263603,Madison Brengle,Brengle v Kozlova,30,2016-06-10 06:11:13.406,1.76,2016-06-10 11:00:00,
1.12519556,2263603,Madison Brengle,Brengle v Kozlova,40,2016-06-10 07:29:18.878,1.79,2016-06-10 11:00:00,
1.12519556,2263603,Madison Brengle,Brengle v Kozlova,50,2016-06-10 08:08:48.574,1.77,2016-06-10 11:00:00,
1.12519556,2263603,Madison Brengle,Brengle v Kozlova,60,2016-06-10 08:43:24.606,1.79,2016-06-10 11:00:00,
1.12519556,2263603,Madison Brengle,Brengle v Kozlova,70,2016-06-10 09:10:53.712,1.81,2016-06-10 10:50:00,
1.12519556,2263603,Madison Brengle,Brengle v Kozlova,80,2016-06-10 10:03:16.400,1.83,2016-06-10 10:50:00,
1.12519556,2263603,Madison Brengle,Brengle v Kozlova,90,2016-06-10 10:10:22.258,1.9,2016-06-10 10:50:00,
1.12519556,2263603,Madison Brengle,Brengle v Kozlova,100,2016-06-10 10:20:43.305,1.93,2016-06-10 10:21:00,
1.12519556,7051154,Kateryna Kozlova,Brengle v Kozlova,0,2016-06-09 16:36:25.359,2.38,2016-06-10 12:00:00,
1.12519556,7051154,Kateryna Kozlova,Brengle v Kozlova,10,2016-06-09 21:17:09.334,2.3,2016-06-10 11:00:00,
1.12519556,7051154,Kateryna Kozlova,Brengle v Kozlova,20,2016-06-10 04:08:03.463,2.22,2016-06-10 11:00:00,
1.12519556,7051154,Kateryna Kozlova,Brengle v Kozlova,30,2016-06-10 05:31:23.498,2.28,2016-06-10 11:00:00,
1.12519556,7051154,Kateryna Kozlova,Brengle v Kozlova,40,2016-06-10 06:29:12.633,2.28,2016-06-10 11:00:00,
1.12519556,7051154,Kateryna Kozlova,Brengle v Kozlova,50,2016-06-10 07:08:30.276,2.28,2016-06-10 11:00:00,
1.12519556,7051154,Kateryna Kozlova,Brengle v Kozlova,60,2016-06-10 08:17:53.815,2.3,2016-06-10 11:00:00,
1.12519556,7051154,Kateryna Kozlova,Brengle v Kozlova,70,2016-06-10 08:53:04.721,2.2,2016-06-10 11:00:00,
1.12519556,7051154,Kateryna Kozlova,Brengle v Kozlova,80,2016-06-10 10:03:16.400,2.2,2016-06-10 10:50:00,
1.12519556,7051154,Kateryna Kozlova,Brengle v Kozlova,90,2016-06-10 10:18:24.529,2.1,2016-06-10 10:50:00,
1.12519556,7051154,Kateryna Kozlova,Brengle v Kozlova,100,2016-06-10 10:20:24.350,2.06,2016-06-10 10:21:00,
1.125200308,2249332,Radek Stepanek,Kohlschreiber v Stepanek,0,2016-06-09 16:33:37.929,2.5,2016-06-10 14:00:00,
1.125200308,2249332,Radek Stepanek,Kohlschreiber v Stepanek,10,2016-06-09 20:25:20.191,2.7,2016-06-10 14:00:00,
1.125200308,2249332,Radek Stepanek,Kohlschreiber v Stepanek,20,2016-06-10 02:58:19.335,2.68,2016-06-10 14:00:00,
1.125200308,2249332,Radek Stepanek,Kohlschreiber v Stepanek,30,2016-06-10 05:42:32.527,2.72,2016-06-10 14:00:00,
1.125200308,2249332,Radek Stepanek,Kohlschreiber v Stepanek,40,2016-06-10 08:45:58.576,2.84,2016-06-10 14:00:00,
1.125200308,2249332,Radek Stepanek,Kohlschreiber v Stepanek,50,2016-06-10 11:03:21.316,2.82,2016-06-10 14:00:00,
1.125200308,2249332,Radek Stepanek,Kohlschreiber v Stepanek,60,2016-06-10 11:35:08.500,2.74,2016-06-10 14:00:00,
1.125200308,2249332,Radek Stepanek,Kohlschreiber v Stepanek,70,2016-06-10 12:06:34.946,2.76,2016-06-10 14:00:00,
1.125200308,2249332,Radek Stepanek,Kohlschreiber v Stepanek,80,2016-06-10 13:04:39.564,2.78,2016-06-10 14:00:00,
1.125200308,2249332,Radek Stepanek,Kohlschreiber v Stepanek,90,2016-06-10 13:34:31.937,2.78,2016-06-10 14:00:00,
1.125200308,2249332,Radek Stepanek,Kohlschreiber v Stepanek,100,2016-06-10 13:46:42.540,2.74,2016-06-10 14:00:00,
1.125200308,2257302,Philipp Kohlschreiber,Kohlschreiber v Stepanek,0,2016-06-09 16:33:37.929,1.66,2016-06-10 14:00:00,
1.125200308,2257302,Philipp Kohlschreiber,Kohlschreiber v Stepanek,10,2016-06-09 20:18:38.823,1.58,2016-06-10 14:00:00,
1.125200308,2257302,Philipp Kohlschreiber,Kohlschreiber v Stepanek,20,2016-06-10 02:47:44.443,1.59,2016-06-10 14:00:00,
1.125200308,2257302,Philipp Kohlschreiber,Kohlschreiber v Stepanek,30,2016-06-10 06:15:06.853,1.57,2016-06-10 14:00:00,
1.125200308,2257302,Philipp Kohlschreiber,Kohlschreiber v Stepanek,40,2016-06-10 08:12:09.647,1.57,2016-06-10 14:00:00,
1.125200308,2257302,Philipp Kohlschreiber,Kohlschreiber v Stepanek,50,2016-06-10 08:45:58.576,1.54,2016-06-10 14:00:00,
1.125200308,2257302,Philipp Kohlschreiber,Kohlschreiber v Stepanek,60,2016-06-10 11:05:39.397,1.56,2016-06-10 14:00:00,
1.125200308,2257302,Philipp Kohlschreiber,Kohlschreiber v Stepanek,70,2016-06-10 11:47:36.985,1.56,2016-06-10 14:00:00,
1.125200308,2257302,Philipp Kohlschreiber,Kohlschreiber v Stepanek,80,2016-06-10 12:33:41.667,1.57,2016-06-10 14:00:00,
1.125200308,2257302,Philipp Kohlschreiber,Kohlschreiber v Stepanek,90,2016-06-10 13:35:39.407,1.56,2016-06-10 14:00:00,
1.125200308,2257302,Philipp Kohlschreiber,Kohlschreiber v Stepanek,100,2016-06-10 13:49:35.245,1.58,2016-06-10 14:00:00,
1.125200811,6079501,Ashleigh Barty,Ka Pliskova v Barty,0,2016-06-09 17:06:48.452,2.72,2016-06-10 13:00:00,
1.125200811,6079501,Ashleigh Barty,Ka Pliskova v Barty,10,2016-06-09 23:04:44.409,2.94,2016-06-10 13:00:00,
1.125200811,6079501,Ashleigh Barty,Ka Pliskova v Barty,20,2016-06-10 10:56:38.991,2.84,2016-06-10 12:50:00,
1.125200811,6079501,Ashleigh Barty,Ka Pliskova v Barty,30,2016-06-10 12:33:58.382,2.8,2016-06-10 12:50:00,
1.125200811,6079501,Ashleigh Barty,Ka Pliskova v Barty,40,2016-06-10 12:51:55.652,2.8,2016-06-10 13:05:00,
1.125200811,6079501,Ashleigh Barty,Ka Pliskova v Barty,50,2016-06-10 14:32:43.218,2.8,2016-06-10 14:35:00,
1.125200811,6079501,Ashleigh Barty,Ka Pliskova v Barty,60,2016-06-10 15:48:58.772,2.74,2016-06-10 16:30:00,
1.125200811,6079501,Ashleigh Barty,Ka Pliskova v Barty,70,2016-06-10 16:59:57.034,2.84,2016-06-10 17:30:00,
1.125200811,6079501,Ashleigh Barty,Ka Pliskova v Barty,80,2016-06-10 18:27:37.824,2.78,2016-06-11 10:00:00,
1.125200811,6079501,Ashleigh Barty,Ka Pliskova v Barty,90,2016-06-10 22:46:43.769,2.74,2016-06-11 10:00:00,
1.125200811,6079501,Ashleigh Barty,Ka Pliskova v Barty,100,2016-06-11 08:52:15.494,2.88,2016-06-11 10:00:00,
1.125200811,6199453,Karolina Pliskova,Ka Pliskova v Barty,0,2016-06-09 17:06:48.452,1.59,2016-06-10 13:00:00,
1.125200811,6199453,Karolina Pliskova,Ka Pliskova v Barty,10,2016-06-10 08:28:41.365,1.55,2016-06-10 13:00:00,
1.125200811,6199453,Karolina Pliskova,Ka Pliskova v Barty,20,2016-06-10 10:49:25.721,1.55,2016-06-10 13:00:00,
1.125200811,6199453,Karolina Pliskova,Ka Pliskova v Barty,30,2016-06-10 11:34:40.475,1.53,2016-06-10 12:50:00,
1.125200811,6199453,Karolina Pliskova,Ka Pliskova v Barty,40,2016-06-10 12:51:55.652,1.55,2016-06-10 13:05:00,
1.125200811,6199453,Karolina Pliskova,Ka Pliskova v Barty,50,2016-06-10 13:16:01.211,1.55,2016-06-10 13:20:00,
1.125200811,6199453,Karolina Pliskova,Ka Pliskova v Barty,60,2016-06-10 14:14:19.935,1.53,2016-06-10 14:20:00,
1.125200811,6199453,Karolina Pliskova,Ka Pliskova v Barty,70,2016-06-10 15:43:01.508,1.57,2016-06-10 16:30:00,
1.125200811,6199453,Karolina Pliskova,Ka Pliskova v Barty,80,2016-06-10 16:33:45.608,1.55,2016-06-10 17:00:00,
1.125200811,6199453,Karolina Pliskova,Ka Pliskova v Barty,90,2016-06-10 19:26:56.961,1.56,2016-06-11 10:00:00,
1.125200811,6199453,Karolina Pliskova,Ka Pliskova v Barty,100,2016-06-11 08:27:28.744,1.53,2016-06-11 10:00:00,
1.12520087,2248579,Gilles Muller,D Ferrer v G Muller,0,2016-06-09 16:21:12.277,2.24,2016-06-10 12:00:00,
1.12520087,2248579,Gilles Muller,D Ferrer v G Muller,10,2016-06-09 18:28:22.069,2.14,2016-06-10 10:30:00,
1.12520087,2248579,Gilles Muller,D Ferrer v G Muller,20,2016-06-09 20:00:39.862,2.2,2016-06-10 10:30:00,
1.12520087,2248579,Gilles Muller,D Ferrer v G Muller,30,2016-06-09 21:44:14.379,2.18,2016-06-10 10:30:00,
1.12520087,2248579,Gilles Muller,D Ferrer v G Muller,40,2016-06-10 02:29:25.806,2.18,2016-06-10 10:30:00,
1.12520087,2248579,Gilles Muller,D Ferrer v G Muller,50,2016-06-10 04:02:03.452,2.16,2016-06-10 10:30:00,
1.12520087,2248579,Gilles Muller,D Ferrer v G Muller,60,2016-06-10 06:00:19.914,2.14,2016-06-10 10:30:00,
1.12520087,2248579,Gilles Muller,D Ferrer v G Muller,70,2016-06-10 07:15:09.004,2.12,2016-06-10 10:30:00,
1.12520087,2248579,Gilles Muller,D Ferrer v G Muller,80,2016-06-10 08:23:20.815,2.12,2016-06-10 10:30:00,
1.12520087,2248579,Gilles Muller,D Ferrer v G Muller,90,2016-06-10 09:52:24.526,2.16,2016-06-10 10:30:00,
1.12520087,2248579,Gilles Muller,D Ferrer v G Muller,100,2016-06-10 10:19:23.571,2.1,2016-06-10 10:30:00,
1.12520087,2257314,David Ferrer,D Ferrer v G Muller,0,2016-06-09 16:19:18.040,1.67,2016-06-10 12:00:00,
1.12520087,2257314,David Ferrer,D Ferrer v G Muller,10,2016-06-09 19:13:20.012,1.82,2016-06-10 10:30:00,
1.12520087,2257314,David Ferrer,D Ferrer v G Muller,20,2016-06-09 21:26:58.807,1.84,2016-06-10 10:30:00,
1.12520087,2257314,David Ferrer,D Ferrer v G Muller,30,2016-06-09 22:33:20.395,1.84,2016-06-10 10:30:00,
1.12520087,2257314,David Ferrer,D Ferrer v G Muller,40,2016-06-10 01:26:38.890,1.86,2016-06-10 10:30:00,
1.12520087,2257314,David Ferrer,D Ferrer v G Muller,50,2016-06-10 04:24:33.347,1.83,2016-06-10 10:30:00,
1.12520087,2257314,David Ferrer,D Ferrer v G Muller,60,2016-06-10 06:25:08.913,1.86,2016-06-10 10:30:00,
1.12520087,2257314,David Ferrer,D Ferrer v G Muller,70,2016-06-10 07:35:49.305,1.87,2016-06-10 10:30:00,
1.12520087,2257314,David Ferrer,D Ferrer v G Muller,80,2016-06-10 09:05:42.348,1.88,2016-06-10 10:30:00,
1.12520087,2257314,David Ferrer,D Ferrer v G Muller,90,2016-06-10 09:58:25.655,1.86,2016-06-10 10:30:00,
1.12520087,2257314,David Ferrer,D Ferrer v G Muller,100,2016-06-10 10:19:23.571,1.91,2016-06-10 10:30:00,
1.125201223,1502771,Bryan/Bryan,Bryan/Bryan v Marach/Martin,0,2016-06-09 21:36:53.564,1.23,2016-06-10 15:30:00,
1.125201223,1502771,Bryan/Bryan,Bryan/Bryan v Marach/Martin,10,2016-06-10 04:53:15.886,1.28,2016-06-10 15:30:00,
1.125201223,1502771,Bryan/Bryan,Bryan/Bryan v Marach/Martin,20,2016-06-10 09:01:49.332,1.24,2016-06-10 15:30:00,
1.125201223,1502771,Bryan/Bryan,Bryan/Bryan v Marach/Martin,30,2016-06-10 10:02:57.938,1.25,2016-06-10 15:30:00,
1.125201223,1502771,Bryan/Bryan,Bryan/Bryan v Marach/Martin,40,2016-06-10 13:35:50.872,1.25,2016-06-10 15:30:00,
1.125201223,1502771,Bryan/Bryan,Bryan/Bryan v Marach/Martin,50,2016-06-10 13:48:04.218,1.26,2016-06-10 15:30:00,
1.125201223,1502771,Bryan/Bryan,Bryan/Bryan v Marach/Martin,60,2016-06-10 14:29:06.085,1.3,2016-06-10 15:30:00,
1.125201223,1502771,Bryan/Bryan,Bryan/Bryan v Marach/Martin,70,2016-06-10 14:35:00.915,1.27,2016-06-10 15:30:00,
1.125201223,1502771,Bryan/Bryan,Bryan/Bryan v Marach/Martin,80,2016-06-10 14:56:31.222,1.25,2016-06-10 15:30:00,
1.125201223,1502771,Bryan/Bryan,Bryan/Bryan v Marach/Martin,90,2016-06-10 15:00:13.330,1.26,2016-06-10 15:30:00,
1.125201223,1502771,Bryan/Bryan,Bryan/Bryan v Marach/Martin,100,2016-06-10 15:19:15.666,1.25,2016-06-10 15:30:00,
1.125201244,2609424,Mikhail Kukushkin,Kukushkin v Nedovyesov,0,2016-06-09 22:40:38.958,1.5,2016-06-10 11:00:00,
1.125201244,2609424,Mikhail Kukushkin,Kukushkin v Nedovyesov,10,2016-06-10 01:22:21.986,1.39,2016-06-10 11:00:00,
1.125201244,2609424,Mikhail Kukushkin,Kukushkin v Nedovyesov,20,2016-06-10 05:51:06.728,1.66,2016-06-10 11:00:00,
1.125201244,2609424,Mikhail Kukushkin,Kukushkin v Nedovyesov,30,2016-06-10 08:36:04.631,1.72,2016-06-10 11:00:00,
1.125201244,2609424,Mikhail Kukushkin,Kukushkin v Nedovyesov,40,2016-06-10 08:53:06.178,1.73,2016-06-10 11:00:00,
1.125201244,2609424,Mikhail Kukushkin,Kukushkin v Nedovyesov,50,2016-06-10 09:12:51.789,1.61,2016-06-10 10:55:00,
1.125201244,2609424,Mikhail Kukushkin,Kukushkin v Nedovyesov,60,2016-06-10 09:40:51.787,1.65,2016-06-10 10:55:00,
1.125201244,2609424,Mikhail Kukushkin,Kukushkin v Nedovyesov,70,2016-06-10 09:48:54.656,1.64,2016-06-10 10:55:00,
1.125201244,2609424,Mikhail Kukushkin,Kukushkin v Nedovyesov,80,2016-06-10 09:55:57.504,1.66,2016-06-10 10:55:00,
1.125201244,2609424,Mikhail Kukushkin,Kukushkin v Nedovyesov,90,2016-06-10 10:46:53.645,1.64,2016-06-10 10:55:00,
1.125201244,2609424,Mikhail Kukushkin,Kukushkin v Nedovyesov,100,2016-06-10 10:57:05.238,1.63,2016-06-10 11:10:00,
1.125201244,8188266,Aleksandr Nedovyesov,Kukushkin v Nedovyesov,0,2016-06-09 22:10:01.818,2.66,2016-06-10 11:00:00,
1.125201244,8188266,Aleksandr Nedovyesov,Kukushkin v Nedovyesov,10,2016-06-10 03:34:22.913,2.6,2016-06-10 11:00:00,
1.125201244,8188266,Aleksandr Nedovyesov,Kukushkin v Nedovyesov,20,2016-06-10 05:51:06.728,2.5,2016-06-10 11:00:00,
1.125201244,8188266,Aleksandr Nedovyesov,Kukushkin v Nedovyesov,30,2016-06-10 08:36:13.813,2.36,2016-06-10 11:00:00,
1.125201244,8188266,Aleksandr Nedovyesov,Kukushkin v Nedovyesov,40,2016-06-10 09:06:00.225,2.4,2016-06-10 10:55:00,
1.125201244,8188266,Aleksandr Nedovyesov,Kukushkin v Nedovyesov,50,2016-06-10 09:41:51.246,2.58,2016-06-10 10:55:00,
1.125201244,8188266,Aleksandr Nedovyesov,Kukushkin v Nedovyesov,60,2016-06-10 09:45:00.515,2.58,2016-06-10 10:55:00,
1.125201244,8188266,Aleksandr Nedovyesov,Kukushkin v Nedovyesov,70,2016-06-10 09:50:59.807,2.6,2016-06-10 10:55:00,
1.125201244,8188266,Aleksandr Nedovyesov,Kukushkin v Nedovyesov,80,2016-06-10 09:54:58.390,2.6,2016-06-10 10:55:00,
1.125201244,8188266,Aleksandr Nedovyesov,Kukushkin v Nedovyesov,90,2016-06-10 10:33:07.048,2.4,2016-06-10 10:55:00,
1.125201244,8188266,Aleksandr Nedovyesov,Kukushkin v Nedovyesov,100,2016-06-10 10:58:01.243,2.6,2016-06-10 11:10:00,
1.125201251,7593723,Bjorn Fratangelo,Fratangelo v Tiafoe,0,2016-06-09 19:49:49.181,1.83,2016-06-10 10:00:00,
1.125201251,7593723,Bjorn Fratangelo,Fratangelo v Tiafoe,10,2016-06-09 20:46:21.539,2.0,2016-06-10 10:00:00,
1.125201251,7593723,Bjorn Fratangelo,Fratangelo v Tiafoe,20,2016-06-09 21:51:01.360,1.81,2016-06-10 10:00:00,
1.125201251,7593723,Bjorn Fratangelo,Fratangelo v Tiafoe,30,2016-06-09 23:19:57.209,1.77,2016-06-10 10:00:00,
1.125201251,7593723,Bjorn Fratangelo,Fratangelo v Tiafoe,40,2016-06-10 03:31:00.448,1.76,2016-06-10 10:00:00,
1.125201251,7593723,Bjorn Fratangelo,Fratangelo v Tiafoe,50,2016-06-10 07:44:06.903,1.66,2016-06-10 10:00:00,
1.125201251,7593723,Bjorn Fratangelo,Fratangelo v Tiafoe,60,2016-06-10 08:50:49.924,1.7,2016-06-10 10:00:00,
1.125201251,7593723,Bjorn Fratangelo,Fratangelo v Tiafoe,70,2016-06-10 09:05:53.536,1.68,2016-06-10 10:00:00,
1.125201251,7593723,Bjorn Fratangelo,Fratangelo v Tiafoe,80,2016-06-10 09:11:32.293,1.68,2016-06-10 10:00:00,
1.125201251,7593723,Bjorn Fratangelo,Fratangelo v Tiafoe,90,2016-06-10 09:36:16.715,1.83,2016-06-10 10:00:00,
1.125201251,7593723,Bjorn Fratangelo,Fratangelo v Tiafoe,100,2016-06-10 09:45:10.326,1.83,2016-06-10 10:00:00,
1.125201344,2249345,Gilles Simon,Del Potro v G Simon,0,2016-06-09 18:47:19.969,2.86,2016-06-10 16:00:00,
1.125201344,2249345,Gilles Simon,Del Potro v G Simon,10,2016-06-09 19:59:49.800,2.84,2016-06-10 16:00:00,
1.125201344,2249345,Gilles Simon,Del Potro v G Simon,20,2016-06-09 20:28:59.047,2.96,2016-06-10 16:00:00,
1.125201344,2249345,Gilles Simon,Del Potro v G Simon,30,2016-06-09 21:40:24.370,3.05,2016-06-10 16:00:00,
1.125201344,2249345,Gilles Simon,Del Potro v G Simon,40,2016-06-10 08:14:54.072,3.1,2016-06-10 16:00:00,
1.125201344,2249345,Gilles Simon,Del Potro v G Simon,50,2016-06-10 11:58:55.618,3.05,2016-06-10 16:00:00,
1.125201344,2249345,Gilles Simon,Del Potro v G Simon,60,2016-06-10 13:45:26.686,3.05,2016-06-10 16:00:00,
1.125201344,2249345,Gilles Simon,Del Potro v G Simon,70,2016-06-10 15:04:22.959,3.05,2016-06-10 15:45:00,
1.125201344,2249345,Gilles Simon,Del Potro v G Simon,80,2016-06-10 15:25:55.126,3.1,2016-06-10 15:45:00,
1.125201344,2249345,Gilles Simon,Del Potro v G Simon,90,2016-06-10 15:43:24.661,3.1,2016-06-10 15:45:00,
1.125201344,2249345,Gilles Simon,Del Potro v G Simon,100,2016-06-10 15:57:23.853,3.0,2016-06-10 16:11:00,
1.125201344,2249834,Juan Martin Del Potro,Del Potro v G Simon,0,2016-06-09 18:47:19.969,1.53,2016-06-10 16:00:00,
1.125201344,2249834,Juan Martin Del Potro,Del Potro v G Simon,10,2016-06-09 19:59:49.800,1.54,2016-06-10 16:00:00,
1.125201344,2249834,Juan Martin Del Potro,Del Potro v G Simon,20,2016-06-09 22:03:24.320,1.49,2016-06-10 16:00:00,
1.125201344,2249834,Juan Martin Del Potro,Del Potro v G Simon,30,2016-06-10 05:22:19.251,1.49,2016-06-10 16:00:00,
1.125201344,2249834,Juan Martin Del Potro,Del Potro v G Simon,40,2016-06-10 07:22:58.162,1.49,2016-06-10 16:00:00,
1.125201344,2249834,Juan Martin Del Potro,Del Potro v G Simon,50,2016-06-10 10:15:47.491,1.47,2016-06-10 16:00:00,
1.125201344,2249834,Juan Martin Del Potro,Del Potro v G Simon,60,2016-06-10 11:06:21.333,1.47,2016-06-10 16:00:00,
1.125201344,2249834,Juan Martin Del Potro,Del Potro v G Simon,70,2016-06-10 12:28:34.319,1.49,2016-06-10 16:00:00,
1.125201344,2249834,Juan Martin Del Potro,Del Potro v G Simon,80,2016-06-10 13:42:23.741,1.5,2016-06-10 16:00:00,
1.125201344,2249834,Juan Martin Del Potro,Del Potro v G Simon,90,2016-06-10 15:19:27.438,1.48,2016-06-10 15:45:00,
1.125201344,2249834,Juan Martin Del Potro,Del Potro v G Simon,100,2016-06-10 15:57:23.853,1.49,2016-06-10 16:11:00,
1.125201421,2263715,Tamira Paszek,Puig v Paszek,0,2016-06-09 17:50:04.109,2.68,2016-06-10 17:00:00,
1.125201421,2263715,Tamira Paszek,Puig v Paszek,10,2016-06-09 18:00:06.635,2.92,2016-06-10 17:00:00,
1.125201421,2263715,Tamira Paszek,Puig v Paszek,20,2016-06-09 23:06:34.860,3.1,2016-06-10 17:00:00,
1.125201421,2263715,Tamira Paszek,Puig v Paszek,30,2016-06-10 09:24:50.805,3.1,2016-06-10 17:00:00,
1.125201421,2263715,Tamira Paszek,Puig v Paszek,40,2016-06-10 13:56:11.436,3.2,2016-06-10 15:30:00,
1.125201421,2263715,Tamira Paszek,Puig v Paszek,50,2016-06-10 15:26:58.884,3.25,2016-06-10 16:00:00,
1.125201421,2263715,Tamira Paszek,Puig v Paszek,60,2016-06-10 16:26:34.320,3.15,2016-06-10 17:00:00,
1.125201421,2263715,Tamira Paszek,Puig v Paszek,70,2016-06-10 19:29:10.467,3.15,2016-06-11 10:00:00,
1.125201421,2263715,Tamira Paszek,Puig v Paszek,80,2016-06-11 08:22:59.988,3.2,2016-06-11 10:00:00,
1.125201421,2263715,Tamira Paszek,Puig v Paszek,90,2016-06-11 09:13:09.709,3.4,2016-06-11 10:00:00,
1.125201421,2263715,Tamira Paszek,Puig v Paszek,100,2016-06-11 09:53:04.628,3.45,2016-06-11 10:00:00,
1.125201421,5374368,Monica Puig,Puig v Paszek,0,2016-06-09 17:49:07.681,1.58,2016-06-10 17:00:00,
1.125201421,5374368,Monica Puig,Puig v Paszek,10,2016-06-09 18:24:10.276,1.43,2016-06-10 17:00:00,
1.125201421,5374368,Monica Puig,Puig v Paszek,20,2016-06-10 06:18:41.099,1.46,2016-06-10 17:00:00,
1.125201421,5374368,Monica Puig,Puig v Paszek,30,2016-06-10 11:32:06.964,1.46,2016-06-10 16:50:00,
1.125201421,5374368,Monica Puig,Puig v Paszek,40,2016-06-10 15:04:50.479,1.47,2016-06-10 16:00:00,
1.125201421,5374368,Monica Puig,Puig v Paszek,50,2016-06-10 17:01:07.011,1.47,2016-06-10 17:30:00,
1.125201421,5374368,Monica Puig,Puig v Paszek,60,2016-06-10 18:14:01.361,1.47,2016-06-11 10:00:00,
1.125201421,5374368,Monica Puig,Puig v Paszek,70,2016-06-10 19:29:10.467,1.47,2016-06-11 10:00:00,
1.125201421,5374368,Monica Puig,Puig v Paszek,80,2016-06-11 06:32:26.972,1.46,2016-06-11 10:00:00,
1.125201421,5374368,Monica Puig,Puig v Paszek,90,2016-06-11 08:47:46.274,1.44,2016-06-11 10:00:00,
1.125201421,5374368,Monica Puig,Puig v Paszek,100,2016-06-11 09:41:07.722,1.4,2016-06-11 10:00:00,
1.1252016,2581407,Tobias Kamke,Copil v Kamke,0,2016-06-10 04:03:39.421,1.8,2016-06-10 10:00:00,
1.1252016,2581407,Tobias Kamke,Copil v Kamke,10,2016-06-10 06:09:37.752,1.78,2016-06-10 10:00:00,
1.1252016,2581407,Tobias Kamke,Copil v Kamke,20,2016-06-10 06:11:04.074,1.77,2016-06-10 10:00:00,
1.1252016,2581407,Tobias Kamke,Copil v Kamke,30,2016-06-10 07:04:59.544,1.78,2016-06-10 10:00:00,
1.1252016,2581407,Tobias Kamke,Copil v Kamke,40,2016-06-10 07:19:04.281,1.77,2016-06-10 10:00:00,
1.1252016,2581407,Tobias Kamke,Copil v Kamke,50,2016-06-10 07:42:25.243,1.79,2016-06-10 10:00:00,
1.1252016,2581407,Tobias Kamke,Copil v Kamke,60,2016-06-10 08:02:10.127,1.77,2016-06-10 10:00:00,
1.1252016,2581407,Tobias Kamke,Copil v Kamke,70,2016-06-10 08:25:22.934,1.76,2016-06-10 10:00:00,
1.1252016,2581407,Tobias Kamke,Copil v Kamke,80,2016-06-10 08:27:18.047,1.77,2016-06-10 10:00:00,
1.1252016,2581407,Tobias Kamke,Copil v Kamke,90,2016-06-10 08:38:21.335,1.76,2016-06-10 10:00:00,
1.1252016,2581407,Tobias Kamke,Copil v Kamke,100,2016-06-10 09:02:55.952,1.76,2016-06-10 10:00:00,
1.125201621,6390244,Belinda Bencic,Bencic v Golubic,0,2016-06-09 19:30:08.322,1.42,2016-06-10 12:30:00,
1.125201621,6390244,Belinda Bencic,Bencic v Golubic,10,2016-06-09 23:22:09.145,1.4,2016-06-10 12:30:00,
1.125201621,6390244,Belinda Bencic,Bencic v Golubic,20,2016-06-10 05:10:18.748,1.4,2016-06-10 12:30:00,
1.125201621,6390244,Belinda Bencic,Bencic v Golubic,30,2016-06-10 06:07:58.145,1.41,2016-06-10 12:30:00,
1.125201621,6390244,Belinda Bencic,Bencic v Golubic,40,2016-06-10 07:44:07.108,1.41,2016-06-10 12:30:00,
1.125201621,6390244,Belinda Bencic,Bencic v Golubic,50,2016-06-10 09:00:48.755,1.42,2016-06-10 12:30:00,
1.125201621,6390244,Belinda Bencic,Bencic v Golubic,60,2016-06-10 11:26:15.397,1.43,2016-06-10 12:30:00,
1.125201621,6390244,Belinda Bencic,Bencic v Golubic,70,2016-06-10 12:15:16.987,1.42,2016-06-10 12:30:00,
1.125201621,6390244,Belinda Bencic,Bencic v Golubic,80,2016-06-10 12:24:19.620,1.4,2016-06-10 12:30:00,
1.125201621,6390244,Belinda Bencic,Bencic v Golubic,90,2016-06-10 12:43:13.696,1.41,2016-06-10 12:45:00,
1.125201621,6390244,Belinda Bencic,Bencic v Golubic,100,2016-06-10 13:04:10.499,1.44,2016-06-10 13:15:00,
1.125201621,7283232,Viktorija Golubic,Bencic v Golubic,0,2016-06-09 23:22:09.145,3.5,2016-06-10 12:30:00,
1.125201621,7283232,Viktorija Golubic,Bencic v Golubic,10,2016-06-10 05:05:05.865,3.45,2016-06-10 12:30:00,
1.125201621,7283232,Viktorija Golubic,Bencic v Golubic,20,2016-06-10 05:38:17.503,3.55,2016-06-10 12:30:00,
1.125201621,7283232,Viktorija Golubic,Bencic v Golubic,30,2016-06-10 05:50:12.938,3.5,2016-06-10 12:30:00,
1.125201621,7283232,Viktorija Golubic,Bencic v Golubic,40,2016-06-10 08:34:09.998,3.45,2016-06-10 12:30:00,
1.125201621,7283232,Viktorija Golubic,Bencic v Golubic,50,2016-06-10 11:08:11.867,3.25,2016-06-10 12:30:00,
1.125201621,7283232,Viktorija Golubic,Bencic v Golubic,60,2016-06-10 12:05:19.660,3.45,2016-06-10 12:30:00,
1.125201621,7283232,Viktorija Golubic,Bencic v Golubic,70,2016-06-10 12:14:06.860,3.2,2016-06-10 12:30:00,
1.125201621,7283232,Viktorija Golubic,Bencic v Golubic,80,2016-06-10 12:27:12.014,3.5,2016-06-10 12:30:00,
1.125201621,7283232,Viktorija Golubic,Bencic v Golubic,90,2016-06-10 12:57:55.378,3.5,2016-06-10 13:00:00,
1.125201621,7283232,Viktorija Golubic,Bencic v Golubic,100,2016-06-10 13:03:14.189,3.15,2016-06-10 13:15:00,
1.125201689,7659623,Karen Khachanov,M Jankovic v Khachanov,0,2016-06-09 22:14:02.459,1.24,2016-06-10 12:00:00,
1.125201689,7659623,Karen Khachanov,M Jankovic v Khachanov,10,2016-06-09 22:18:16.635,1.2,2016-06-10 12:00:00,
1.125201689,7659623,Karen Khachanov,M Jankovic v Khachanov,20,2016-06-09 23:20:59.300,1.18,2016-06-10 12:00:00,
1.125201689,7659623,Karen Khachanov,M Jankovic v Khachanov,30,2016-06-10 02:22:10.355,1.2,2016-06-10 12:00:00,
1.125201689,7659623,Karen Khachanov,M Jankovic v Khachanov,40,2016-06-10 06:37:11.739,1.21,2016-06-10 12:00:00,
1.125201689,7659623,Karen Khachanov,M Jankovic v Khachanov,50,2016-06-10 07:53:18.867,1.21,2016-06-10 12:00:00,
1.125201689,7659623,Karen Khachanov,M Jankovic v Khachanov,60,2016-06-10 08:05:22.933,1.2,2016-06-10 12:00:00,
1.125201689,7659623,Karen Khachanov,M Jankovic v Khachanov,70,2016-06-10 08:30:00.300,1.21,2016-06-10 12:00:00,
1.125201689,7659623,Karen Khachanov,M Jankovic v Khachanov,80,2016-06-10 09:13:28.212,1.25,2016-06-10 12:00:00,
1.125201689,7659623,Karen Khachanov,M Jankovic v Khachanov,90,2016-06-10 11:17:39.498,1.23,2016-06-10 12:00:00,
1.125201689,7659623,Karen Khachanov,M Jankovic v Khachanov,100,2016-06-10 12:00:28.141,1.19,2016-06-10 12:15:00,
1.125201738,4822914,Tara Moore,T Moore v S Zheng,0,2016-06-09 19:22:11.863,2.54,2016-06-10 15:00:00,
1.125201738,4822914,Tara Moore,T Moore v S Zheng,10,2016-06-10 06:19:53.879,1.85,2016-06-10 15:00:00,
1.125201738,4822914,Tara Moore,T Moore v S Zheng,20,2016-06-10 07:55:45.385,1.85,2016-06-10 15:00:00,
1.125201738,4822914,Tara Moore,T Moore v S Zheng,30,2016-06-10 10:07:57.317,1.81,2016-06-10 15:00:00,
1.125201738,4822914,Tara Moore,T Moore v S Zheng,40,2016-06-10 12:25:55.485,1.76,2016-06-10 14:50:00,
1.125201738,4822914,Tara Moore,T Moore v S Zheng,50,2016-06-10 13:50:33.454,1.75,2016-06-10 16:05:00,
1.125201738,4822914,Tara Moore,T Moore v S Zheng,60,2016-06-10 14:56:30.524,1.76,2016-06-10 15:05:00,
1.125201738,4822914,Tara Moore,T Moore v S Zheng,70,2016-06-10 15:48:48.552,1.77,2016-06-10 15:50:00,
1.125201738,4822914,Tara Moore,T Moore v S Zheng,80,2016-06-10 18:15:57.913,1.77,2016-06-11 12:00:00,
1.125201738,4822914,Tara Moore,T Moore v S Zheng,90,2016-06-11 08:10:37.845,1.78,2016-06-11 12:00:00,
1.125201738,4822914,Tara Moore,T Moore v S Zheng,100,2016-06-11 12:03:00.089,1.86,2016-06-11 12:04:00,
1.125201738,5829453,Saisai Zheng,T Moore v S Zheng,0,2016-06-09 19:22:11.863,1.65,2016-06-10 15:00:00,
1.125201738,5829453,Saisai Zheng,T Moore v S Zheng,10,2016-06-09 22:52:15.690,2.12,2016-06-10 15:00:00,
1.125201738,5829453,Saisai Zheng,T Moore v S Zheng,20,2016-06-10 06:23:18.843,2.2,2016-06-10 15:00:00,
1.125201738,5829453,Saisai Zheng,T Moore v S Zheng,30,2016-06-10 08:32:23.683,2.18,2016-06-10 15:00:00,
1.125201738,5829453,Saisai Zheng,T Moore v S Zheng,40,2016-06-10 11:14:31.993,2.22,2016-06-10 14:50:00,
1.125201738,5829453,Saisai Zheng,T Moore v S Zheng,50,2016-06-10 13:50:33.454,2.32,2016-06-10 16:05:00,
1.125201738,5829453,Saisai Zheng,T Moore v S Zheng,60,2016-06-10 15:02:01.270,2.3,2016-06-10 15:05:00,
1.125201738,5829453,Saisai Zheng,T Moore v S Zheng,70,2016-06-10 16:45:48.705,2.32,2016-06-10 16:50:00,
1.125201738,5829453,Saisai Zheng,T Moore v S Zheng,80,2016-06-10 17:46:20.603,2.32,2016-06-11 12:00:00,
1.125201738,5829453,Saisai Zheng,T Moore v S Zheng,90,2016-06-11 01:24:53.356,2.3,2016-06-11 12:00:00,
1.125201738,5829453,Saisai Zheng,T Moore v S Zheng,100,2016-06-11 12:01:43.895,2.18,2016-06-11 12:04:00,
1.125201935,4486603,Dustin Brown,Du Brown v Jor Thompson,0,2016-06-09 21:51:27.201,1.09,2016-06-10 11:15:00,
1.125201935,4486603,Dustin Brown,Du Brown v Jor Thompson,10,2016-06-09 21:51:57.823,1.07,2016-06-10 11:15:00,
1.125201935,4486603,Dustin Brown,Du Brown v Jor Thompson,20,2016-06-10 04:02:01.944,1.44,2016-06-10 11:15:00,
1.125201935,4486603,Dustin Brown,Du Brown v Jor Thompson,30,2016-06-10 06:39:56.832,1.42,2016-06-10 11:15:00,
1.125201935,4486603,Dustin Brown,Du Brown v Jor Thompson,40,2016-06-10 07:36:02.507,1.56,2016-06-10 11:15:00,
1.125201935,4486603,Dustin Brown,Du Brown v Jor Thompson,50,2016-06-10 07:51:02.463,1.42,2016-06-10 11:15:00,
1.125201935,4486603,Dustin Brown,Du Brown v Jor Thompson,60,2016-06-10 08:50:13.986,1.43,2016-06-10 11:15:00,
1.125201935,4486603,Dustin Brown,Du Brown v Jor Thompson,70,2016-06-10 10:31:46.562,1.44,2016-06-10 11:15:00,
1.125201935,4486603,Dustin Brown,Du Brown v Jor Thompson,80,2016-06-10 10:55:12.800,1.43,2016-06-10 11:15:00,
1.125201935,4486603,Dustin Brown,Du Brown v Jor Thompson,90,2016-06-10 10:57:56.215,1.48,2016-06-10 11:15:00,
1.125201935,4486603,Dustin Brown,Du Brown v Jor Thompson,100,2016-06-10 11:14:04.204,1.44,2016-06-10 11:15:00,
1.125202335,2345099,Paolo Lorenzi,P Lorenzi v Lama,0,2016-06-10 06:41:47.072,1.38,2016-06-10 17:00:00,
1.125202335,2345099,Paolo Lorenzi,P Lorenzi v Lama,10,2016-06-10 08:30:28.343,1.39,2016-06-10 17:00:00,
1.125202335,2345099,Paolo Lorenzi,P Lorenzi v Lama,20,2016-06-10 11:06:43.212,1.37,2016-06-10 17:00:00,
1.125202335,2345099,Paolo Lorenzi,P Lorenzi v Lama,30,2016-06-10 15:00:46.575,1.42,2016-06-10 17:00:00,
1.125202335,2345099,Paolo Lorenzi,P Lorenzi v Lama,40,2016-06-10 16:10:45.387,1.43,2016-06-10 17:00:00,
1.125202335,2345099,Paolo Lorenzi,P Lorenzi v Lama,50,2016-06-10 16:21:09.237,1.44,2016-06-10 17:00:00,
1.125202335,2345099,Paolo Lorenzi,P Lorenzi v Lama,60,2016-06-10 16:22:38.572,1.39,2016-06-10 17:00:00,
1.125202335,2345099,Paolo Lorenzi,P Lorenzi v Lama,70,2016-06-10 16:31:47.461,1.45,2016-06-10 17:00:00,
1.125202335,2345099,Paolo Lorenzi,P Lorenzi v Lama,80,2016-06-10 16:32:42.944,1.47,2016-06-10 17:00:00,
1.125202335,2345099,Paolo Lorenzi,P Lorenzi v Lama,90,2016-06-10 16:33:16.867,1.48,2016-06-10 17:00:00,
1.125202335,2345099,Paolo Lorenzi,P Lorenzi v Lama,100,2016-06-10 16:49:20.819,1.42,2016-06-10 17:00:00,
1.12520891,2609424,Mikhail Kukushkin,Kukushkin v E Gomez,0,2016-06-10 21:02:08.609,1.11,2016-06-11 09:00:00,
1.12520891,2609424,Mikhail Kukushkin,Kukushkin v E Gomez,10,2016-06-11 07:00:15.316,1.11,2016-06-11 09:00:00,
1.12520891,2609424,Mikhail Kukushkin,Kukushkin v E Gomez,20,2016-06-11 08:30:22.534,1.1,2016-06-11 09:00:00,
1.12520891,2609424,Mikhail Kukushkin,Kukushkin v E Gomez,30,2016-06-11 08:51:50.008,1.1,2016-06-11 09:00:00,
1.12520891,2609424,Mikhail Kukushkin,Kukushkin v E Gomez,40,2016-06-11 21:15:00.742,1.13,2016-06-12 07:00:00,
1.12520891,2609424,Mikhail Kukushkin,Kukushkin v E Gomez,50,2016-06-12 07:01:58.360,1.24,2016-06-12 22:35:00,2016-06-12 06:53:05.297
1.12520891,2609424,Mikhail Kukushkin,Kukushkin v E Gomez,60,2016-06-12 07:13:04.319,1.19,2016-06-12 22:35:00,2016-06-12 06:53:05.297
1.12520891,2609424,Mikhail Kukushkin,Kukushkin v E Gomez,70,2016-06-12 07:20:07.945,1.16,2016-06-12 22:35:00,2016-06-12 06:53:05.297
1.12520891,2609424,Mikhail Kukushkin,Kukushkin v E Gomez,80,2016-06-12 07:25:43.728,1.06,2016-06-12 22:35:00,2016-06-12 06:53:05.297
1.12520891,2609424,Mikhail Kukushkin,Kukushkin v E Gomez,90,2016-06-12 07:33:09.497,1.04,2016-06-12 22:35:00,2016-06-12 06:53:05.297
1.12520891,2609424,Mikhail Kukushkin,Kukushkin v E Gomez,100,2016-06-12 07:50:03.840,1.01,2016-06-12 22:35:00,2016-06-12 06:53:05.297
1.12520891,4994250,Emilio Gomez,Kukushkin v E Gomez,0,2016-06-10 20:00:45.878,8.2,2016-06-11 09:00:00,
1.12520891,4994250,Emilio Gomez,Kukushkin v E Gomez,10,2016-06-11 07:56:55.264,11.0,2016-06-11 09:00:00,
1.12520891,4994250,Emilio Gomez,Kukushkin v E Gomez,20,2016-06-11 08:54:00.980,8.2,2016-06-11 09:00:00,
1.12520891,4994250,Emilio Gomez,Kukushkin v E Gomez,30,2016-06-11 21:15:54.866,8.0,2016-06-12 07:00:00,
1.12520891,4994250,Emilio Gomez,Kukushkin v E Gomez,40,2016-06-12 03:38:47.037,7.6,2016-06-12 22:35:00,
1.12520891,4994250,Emilio Gomez,Kukushkin v E Gomez,50,2016-06-12 07:07:13.849,7.4,2016-06-12 22:35:00,2016-06-12 06:53:05.297
1.12520891,4994250,Emilio Gomez,Kukushkin v E Gomez,60,2016-06-12 07:17:01.303,10.0,2016-06-12 22:35:00,2016-06-12 06:53:05.297
1.12520891,4994250,Emilio Gomez,Kukushkin v E Gomez,70,2016-06-12 07:20:07.945,8.0,2016-06-12 22:35:00,2016-06-12 06:53:05.297
1.12520891,4994250,Emilio Gomez,Kukushkin v E Gomez,80,2016-06-12 07:30:05.612,26.0,2016-06-12 22:35:00,2016-06-12 06:53:05.297
1.12520891,4994250,Emilio Gomez,Kukushkin v E Gomez,90,2016-06-12 07:47:07.125,50.0,2016-06-12 22:35:00,2016-06-12 06:53:05.297
1.12520891,4994250,Emilio Gomez,Kukushkin v E Gomez,100,2016-06-12 07:58:03.397,110.0,2016-06-12 22:35:00,2016-06-12 06:53:05.297
1.12520892,4195870,Marius Copil,Copil v Fratangelo,0,2016-06-11 08:00:57.970,1.93,2016-06-11 14:45:00,
1.12520892,4195870,Marius Copil,Copil v Fratangelo,10,2016-06-11 16:30:09.748,2.06,2016-06-11 16:32:00,
1.12520892,4195870,Marius Copil,Copil v Fratangelo,20,2016-06-12 01:45:42.220,1.82,2016-06-12 09:30:00,2016-06-11 17:28:23.223
1.12520892,4195870,Marius Copil,Copil v Fratangelo,30,2016-06-12 04:15:27.161,1.88,2016-06-12 09:30:00,2016-06-11 17:28:23.223
1.12520892,4195870,Marius Copil,Copil v Fratangelo,40,2016-06-12 06:41:59.338,1.92,2016-06-12 09:30:00,2016-06-11 17:28:23.223
1.12520892,4195870,Marius Copil,Copil v Fratangelo,50,2016-06-12 07:42:24.594,1.9,2016-06-12 09:30:00,2016-06-11 17:28:23.223
1.12520892,4195870,Marius Copil,Copil v Fratangelo,60,2016-06-12 08:55:19.346,1.93,2016-06-12 09:30:00,2016-06-11 17:28:23.223
1.12520892,4195870,Marius Copil,Copil v Fratangelo,70,2016-06-12 09:32:18.957,1.99,2016-06-12 09:45:00,2016-06-11 17:28:23.223
1.12520892,4195870,Marius Copil,Copil v Fratangelo,80,2016-06-12 10:01:17.557,1.95,2016-06-12 10:15:00,2016-06-11 17:28:23.223
1.12520892,4195870,Marius Copil,Copil v Fratangelo,90,2016-06-12 10:28:50.495,1.95,2016-06-12 10:30:00,2016-06-11 17:28:23.223
1.12520892,4195870,Marius Copil,Copil v Fratangelo,100,2016-06-12 11:33:57.561,1.84,2016-06-12 11:45:00,2016-06-11 17:28:23.223
1.12520892,7593723,Bjorn Fratangelo,Copil v Fratangelo,0,2016-06-10 22:43:09.811,1.91,2016-06-11 14:45:00,
1.12520892,7593723,Bjorn Fratangelo,Copil v Fratangelo,10,2016-06-11 11:00:22.646,2.02,2016-06-11 14:45:00,
1.12520892,7593723,Bjorn Fratangelo,Copil v Fratangelo,20,2016-06-11 15:47:25.000,2.02,2016-06-11 16:32:00,
1.12520892,7593723,Bjorn Fratangelo,Copil v Fratangelo,30,2016-06-11 17:10:24.887,1.88,2016-06-11 17:17:00,
1.12520892,7593723,Bjorn Fratangelo,Copil v Fratangelo,40,2016-06-12 02:04:13.802,2.22,2016-06-12 09:30:00,2016-06-11 17:28:23.223
1.12520892,7593723,Bjorn Fratangelo,Copil v Fratangelo,50,2016-06-12 06:39:59.383,2.04,2016-06-12 09:30:00,2016-06-11 17:28:23.223
1.12520892,7593723,Bjorn Fratangelo,Copil v Fratangelo,60,2016-06-12 08:26:04.769,2.06,2016-06-12 09:30:00,2016-06-11 17:28:23.223
1.12520892,7593723,Bjorn Fratangelo,Copil v Fratangelo,70,2016-06-12 09:11:13.345,2.04,2016-06-12 12:00:00,2016-06-11 17:28:23.223
1.12520892,7593723,Bjorn Fratangelo,Copil v Fratangelo,80,2016-06-12 09:35:22.101,1.98,2016-06-12 09:45:00,2016-06-11 17:28:23.223
1.12520892,7593723,Bjorn Fratangelo,Copil v Fratangelo,90,2016-06-12 09:46:23.880,2.04,2016-06-12 10:00:00,2016-06-11 17:28:23.223
1.12520892,7593723,Bjorn Fratangelo,Copil v Fratangelo,100,2016-06-12 11:33:18.815,2.22,2016-06-12 11:45:00,2016-06-11 17:28:23.223
1.125209007,2263603,Madison Brengle,Brengle v Vandeweghe,0,2016-06-10 20:04:46.254,3.45,2016-06-11 09:00:00,
1.125209007,2263603,Madison Brengle,Brengle v Vandeweghe,10,2016-06-11 04:31:51.279,4.3,2016-06-11 09:00:00,
1.125209007,2263603,Madison Brengle,Brengle v Vandeweghe,20,2016-06-11 06:17:34.655,4.3,2016-06-11 09:00:00,
1.125209007,2263603,Madison Brengle,Brengle v Vandeweghe,30,2016-06-11 08:03:47.186,4.3,2016-06-11 09:00:00,
1.125209007,2263603,Madison Brengle,Brengle v Vandeweghe,40,2016-06-11 08:22:21.149,4.0,2016-06-11 09:00:00,
1.125209007,2263603,Madison Brengle,Brengle v Vandeweghe,50,2016-06-11 08:43:56.760,4.0,2016-06-11 09:00:00,
1.125209007,2263603,Madison Brengle,Brengle v Vandeweghe,60,2016-06-11 08:56:22.729,4.0,2016-06-11 09:30:00,
1.125209007,2263603,Madison Brengle,Brengle v Vandeweghe,70,2016-06-11 09:00:23.385,4.0,2016-06-11 09:30:00,
1.125209007,2263603,Madison Brengle,Brengle v Vandeweghe,80,2016-06-11 09:35:25.451,4.0,2016-06-11 10:00:00,
1.125209007,2263603,Madison Brengle,Brengle v Vandeweghe,90,2016-06-11 09:38:41.874,4.1,2016-06-11 10:00:00,
1.125209007,2263603,Madison Brengle,Brengle v Vandeweghe,100,2016-06-11 09:47:10.489,4.0,2016-06-11 10:00:00,
1.125209007,2328051,Coco Vandeweghe,Brengle v Vandeweghe,0,2016-06-10 19:57:57.453,1.41,2016-06-11 09:00:00,
1.125209007,2328051,Coco Vandeweghe,Brengle v Vandeweghe,10,2016-06-10 21:56:25.222,1.33,2016-06-11 09:00:00,
1.125209007,2328051,Coco Vandeweghe,Brengle v Vandeweghe,20,2016-06-11 00:23:57.465,1.3,2016-06-11 09:00:00,
1.125209007,2328051,Coco Vandeweghe,Brengle v Vandeweghe,30,2016-06-11 05:10:58.557,1.29,2016-06-11 09:00:00,
1.125209007,2328051,Coco Vandeweghe,Brengle v Vandeweghe,40,2016-06-11 07:32:24.396,1.32,2016-06-11 09:00:00,
1.125209007,2328051,Coco Vandeweghe,Brengle v Vandeweghe,50,2016-06-11 08:21:25.241,1.33,2016-06-11 09:00:00,
1.125209007,2328051,Coco Vandeweghe,Brengle v Vandeweghe,60,2016-06-11 08:42:00.221,1.33,2016-06-11 09:00:00,
1.125209007,2328051,Coco Vandeweghe,Brengle v Vandeweghe,70,2016-06-11 08:57:23.654,1.34,2016-06-11 09:30:00,
1.125209007,2328051,Coco Vandeweghe,Brengle v Vandeweghe,80,2016-06-11 09:20:20.420,1.33,2016-06-11 10:00:00,
1.125209007,2328051,Coco Vandeweghe,Brengle v Vandeweghe,90,2016-06-11 09:42:10.555,1.32,2016-06-11 10:00:00,
1.125209007,2328051,Coco Vandeweghe,Brengle v Vandeweghe,100,2016-06-11 09:53:05.939,1.33,2016-06-11 10:00:00,
1.125209255,2248579,Gilles Muller,G Muller v Karlovic,0,2016-06-10 14:45:53.367,2.08,2016-06-11 12:00:00,
1.125209255,2248579,Gilles Muller,G Muller v Karlovic,10,2016-06-10 20:39:18.184,2.36,2016-06-11 10:30:00,
1.125209255,2248579,Gilles Muller,G Muller v Karlovic,20,2016-06-11 03:32:50.736,2.2,2016-06-11 10:30:00,
1.125209255,2248579,Gilles Muller,G Muller v Karlovic,30,2016-06-11 06:52:25.146,2.28,2016-06-11 10:30:00,
1.125209255,2248579,Gilles Muller,G Muller v Karlovic,40,2016-06-11 08:00:17.492,2.28,2016-06-11 10:30:00,
1.125209255,2248579,Gilles Muller,G Muller v Karlovic,50,2016-06-11 08:36:17.206,2.24,2016-06-11 10:30:00,
1.125209255,2248579,Gilles Muller,G Muller v Karlovic,60,2016-06-11 08:55:24.514,2.28,2016-06-11 10:30:00,
1.125209255,2248579,Gilles Muller,G Muller v Karlovic,70,2016-06-11 09:30:54.978,2.22,2016-06-11 10:30:00,
1.125209255,2248579,Gilles Muller,G Muller v Karlovic,80,2016-06-11 10:39:14.982,2.22,2016-06-11 10:45:00,
1.125209255,2248579,Gilles Muller,G Muller v Karlovic,90,2016-06-11 10:54:25.503,2.22,2016-06-11 11:00:00,
1.125209255,2248579,Gilles Muller,G Muller v Karlovic,100,2016-06-11 11:19:15.321,2.22,2016-06-11 11:30:00,
1.125209255,2263570,Ivo Karlovic,G Muller v Karlovic,0,2016-06-10 17:09:01.273,1.91,2016-06-11 10:30:00,
1.125209255,2263570,Ivo Karlovic,G Muller v Karlovic,10,2016-06-10 20:56:23.895,1.79,2016-06-11 10:30:00,
1.125209255,2263570,Ivo Karlovic,G Muller v Karlovic,20,2016-06-10 23:26:39.287,1.81,2016-06-11 10:30:00,
1.125209255,2263570,Ivo Karlovic,G Muller v Karlovic,30,2016-06-11 05:40:52.481,1.81,2016-06-11 10:30:00,
1.125209255,2263570,Ivo Karlovic,G Muller v Karlovic,40,2016-06-11 08:14:38.701,1.77,2016-06-11 10:30:00,
1.125209255,2263570,Ivo Karlovic,G Muller v Karlovic,50,2016-06-11 09:10:16.791,1.79,2016-06-11 10:30:00,
1.125209255,2263570,Ivo Karlovic,G Muller v Karlovic,60,2016-06-11 09:23:42.543,1.8,2016-06-11 10:30:00,
1.125209255,2263570,Ivo Karlovic,G Muller v Karlovic,70,2016-06-11 10:15:17.691,1.81,2016-06-11 10:30:00,
1.125209255,2263570,Ivo Karlovic,G Muller v Karlovic,80,2016-06-11 10:46:37.761,1.81,2016-06-11 11:00:00,
1.125209255,2263570,Ivo Karlovic,G Muller v Karlovic,90,2016-06-11 10:57:21.527,1.81,2016-06-11 11:00:00,
1.125209255,2263570,Ivo Karlovic,G Muller v Karlovic,100,2016-06-11 11:23:25.571,1.82,2016-06-11 11:30:00,
1.125209258,8287128,Yen-Hsun Lu,Ye Lu v Jor Thompson,0,2016-06-10 22:42:22.874,1.49,2016-06-11 12:45:00,
1.125209258,8287128,Yen-Hsun Lu,Ye Lu v Jor Thompson,10,2016-06-11 04:11:55.993,1.52,2016-06-11 12:45:00,
1.125209258,8287128,Yen-Hsun Lu,Ye Lu v Jor Thompson,20,2016-06-11 07:47:20.899,1.53,2016-06-11 12:45:00,
1.125209258,8287128,Yen-Hsun Lu,Ye Lu v Jor Thompson,30,2016-06-11 10:43:09.667,1.55,2016-06-11 12:45:00,
1.125209258,8287128,Yen-Hsun Lu,Ye Lu v Jor Thompson,40,2016-06-11 10:44:20.709,1.62,2016-06-11 12:45:00,
1.125209258,8287128,Yen-Hsun Lu,Ye Lu v Jor Thompson,50,2016-06-11 12:46:20.867,1.64,2016-06-11 13:00:00,
1.125209258,8287128,Yen-Hsun Lu,Ye Lu v Jor Thompson,60,2016-06-11 13:05:23.691,1.69,2016-06-11 13:15:00,
1.125209258,8287128,Yen-Hsun Lu,Ye Lu v Jor Thompson,70,2016-06-11 13:36:21.835,1.72,2016-06-11 13:45:00,
1.125209258,8287128,Yen-Hsun Lu,Ye Lu v Jor Thompson,80,2016-06-11 13:53:23.508,1.7,2016-06-11 14:00:00,
1.125209258,8287128,Yen-Hsun Lu,Ye Lu v Jor Thompson,90,2016-06-11 13:55:15.957,1.69,2016-06-11 14:00:00,
1.125209258,8287128,Yen-Hsun Lu,Ye Lu v Jor Thompson,100,2016-06-11 14:22:08.352,1.74,2016-06-11 14:30:00,
1.125209362,4422812,Stephane Robert,Pavlasek v St Robert,0,2016-06-10 21:04:57.017,1.85,2016-06-11 08:00:00,
1.125209362,4422812,Stephane Robert,Pavlasek v St Robert,10,2016-06-10 21:20:09.949,1.71,2016-06-11 08:00:00,
1.125209362,4422812,Stephane Robert,Pavlasek v St Robert,20,2016-06-11 01:28:15.839,1.72,2016-06-11 08:00:00,
1.125209362,4422812,Stephane Robert,Pavlasek v St Robert,30,2016-06-11 02:11:15.625,1.71,2016-06-11 08:00:00,
1.125209362,4422812,Stephane Robert,Pavlasek v St Robert,40,2016-06-11 06:15:38.986,1.68,2016-06-11 08:00:00,
1.125209362,4422812,Stephane Robert,Pavlasek v St Robert,50,2016-06-11 06:34:12.987,1.62,2016-06-11 08:00:00,
1.125209362,4422812,Stephane Robert,Pavlasek v St Robert,60,2016-06-11 06:49:14.900,1.67,2016-06-11 08:00:00,
1.125209362,4422812,Stephane Robert,Pavlasek v St Robert,70,2016-06-11 07:24:07.371,1.56,2016-06-11 08:00:00,
1.125209362,4422812,Stephane Robert,Pavlasek v St Robert,80,2016-06-11 07:41:03.483,1.55,2016-06-11 08:00:00,
1.125209362,4422812,Stephane Robert,Pavlasek v St Robert,90,2016-06-11 07:44:00.923,1.55,2016-06-11 08:00:00,
1.125209362,4422812,Stephane Robert,Pavlasek v St Robert,100,2016-06-11 07:54:17.486,1.64,2016-06-11 08:00:00,
1.125209404,2251402,Roger Federer,Federer v D Thiem,0,2016-06-10 14:57:26.506,1.36,2016-06-11 12:00:00,
1.125209404,2251402,Roger Federer,Federer v D Thiem,10,2016-06-10 18:16:14.732,1.37,2016-06-11 10:00:00,
1.125209404,2251402,Roger Federer,Federer v D Thiem,20,2016-06-10 19:44:14.985,1.35,2016-06-11 10:00:00,
1.125209404,2251402,Roger Federer,Federer v D Thiem,30,2016-06-10 21:25:38.735,1.35,2016-06-11 10:00:00,
1.125209404,2251402,Roger Federer,Federer v D Thiem,40,2016-06-11 00:06:12.151,1.35,2016-06-11 10:00:00,
1.125209404,2251402,Roger Federer,Federer v D Thiem,50,2016-06-11 04:42:00.275,1.33,2016-06-11 10:00:00,
1.125209404,2251402,Roger Federer,Federer v D Thiem,60,2016-06-11 06:33:20.485,1.34,2016-06-11 10:00:00,
1.125209404,2251402,Roger Federer,Federer v D Thiem,70,2016-06-11 08:08:02.725,1.34,2016-06-11 10:00:00,
1.125209404,2251402,Roger Federer,Federer v D Thiem,80,2016-06-11 08:52:40.830,1.35,2016-06-11 10:00:00,
1.125209404,2251402,Roger Federer,Federer v D Thiem,90,2016-06-11 09:39:40.376,1.33,2016-06-11 10:00:00,
1.125209404,2251402,Roger Federer,Federer v D Thiem,100,2016-06-11 10:04:36.618,1.35,2016-06-11 10:15:00,
1.125209404,5720747,Dominic Thiem,Federer v D Thiem,0,2016-06-10 15:23:39.830,3.5,2016-06-11 10:00:00,
1.125209404,5720747,Dominic Thiem,Federer v D Thiem,10,2016-06-10 19:31:40.201,3.6,2016-06-11 10:00:00,
1.125209404,5720747,Dominic Thiem,Federer v D Thiem,20,2016-06-10 21:08:19.091,3.85,2016-06-11 10:00:00,
1.125209404,5720747,Dominic Thiem,Federer v D Thiem,30,2016-06-10 22:06:54.850,3.8,2016-06-11 10:00:00,
1.125209404,5720747,Dominic Thiem,Federer v D Thiem,40,2016-06-11 00:52:01.457,3.9,2016-06-11 10:00:00,
1.125209404,5720747,Dominic Thiem,Federer v D Thiem,50,2016-06-11 04:52:35.190,3.9,2016-06-11 10:00:00,
1.125209404,5720747,Dominic Thiem,Federer v D Thiem,60,2016-06-11 06:21:52.973,3.85,2016-06-11 10:00:00,
1.125209404,5720747,Dominic Thiem,Federer v D Thiem,70,2016-06-11 08:22:39.959,3.8,2016-06-11 10:00:00,
1.125209404,5720747,Dominic Thiem,Federer v D Thiem,80,2016-06-11 09:11:32.382,3.95,2016-06-11 10:00:00,
1.125209404,5720747,Dominic Thiem,Federer v D Thiem,90,2016-06-11 09:43:41.585,4.1,2016-06-11 10:00:00,
1.125209404,5720747,Dominic Thiem,Federer v D Thiem,100,2016-06-11 10:04:36.618,3.85,2016-06-11 10:15:00,
1.125209463,4903593,Steven Diez,S Diez v Khachanov,0,2016-06-11 05:27:51.695,5.5,2016-06-11 11:00:00,
1.125209463,4903593,Steven Diez,S Diez v Khachanov,10,2016-06-11 18:23:14.143,4.8,2016-06-12 07:00:00,2016-06-11 15:24:38.341
1.125209463,4903593,Steven Diez,S Diez v Khachanov,20,2016-06-12 07:17:06.696,7.6,2016-06-12 22:23:00,2016-06-11 15:24:38.341
1.125209463,4903593,Steven Diez,S Diez v Khachanov,30,2016-06-12 07:28:03.778,4.2,2016-06-12 22:23:00,2016-06-11 15:24:38.341
1.125209463,4903593,Steven Diez,S Diez v Khachanov,40,2016-06-12 07:37:07.431,2.16,2016-06-12 22:23:00,2016-06-11 15:24:38.341
1.125209463,4903593,Steven Diez,S Diez v Khachanov,50,2016-06-12 07:47:04.989,2.06,2016-06-12 22:23:00,2016-06-11 15:24:38.341
1.125209463,4903593,Steven Diez,S Diez v Khachanov,60,2016-06-12 07:55:05.261,1.35,2016-06-12 22:23:00,2016-06-11 15:24:38.341
1.125209463,4903593,Steven Diez,S Diez v Khachanov,70,2016-06-12 08:03:08.234,1.29,2016-06-12 22:23:00,2016-06-11 15:24:38.341
1.125209463,4903593,Steven Diez,S Diez v Khachanov,80,2016-06-12 08:12:07.615,1.3,2016-06-12 22:23:00,2016-06-11 15:24:38.341
1.125209463,4903593,Steven Diez,S Diez v Khachanov,90,2016-06-12 08:22:09.093,1.13,2016-06-12 22:23:00,2016-06-11 15:24:38.341
1.125209463,4903593,Steven Diez,S Diez v Khachanov,100,2016-06-12 08:30:08.241,1.1,2016-06-12 22:23:00,2016-06-11 15:24:38.341
1.125209463,7659623,Karen Khachanov,S Diez v Khachanov,0,2016-06-10 17:37:41.241,1.25,2016-06-11 11:00:00,
1.125209463,7659623,Karen Khachanov,S Diez v Khachanov,10,2016-06-11 15:44:44.388,1.2,2016-06-12 07:00:00,2016-06-11 15:24:38.341
1.125209463,7659623,Karen Khachanov,S Diez v Khachanov,20,2016-06-11 19:18:20.979,1.31,2016-06-12 07:00:00,2016-06-11 15:24:38.341
1.125209463,7659623,Karen Khachanov,S Diez v Khachanov,30,2016-06-12 02:26:35.352,1.28,2016-06-12 22:23:00,2016-06-11 15:24:38.341
1.125209463,7659623,Karen Khachanov,S Diez v Khachanov,40,2016-06-12 07:15:08.422,1.19,2016-06-12 22:23:00,2016-06-11 15:24:38.341
1.125209463,7659623,Karen Khachanov,S Diez v Khachanov,50,2016-06-12 07:29:08.472,1.4,2016-06-12 22:23:00,2016-06-11 15:24:38.341
1.125209463,7659623,Karen Khachanov,S Diez v Khachanov,60,2016-06-12 07:39:08.375,1.92,2016-06-12 22:23:00,2016-06-11 15:24:38.341
1.125209463,7659623,Karen Khachanov,S Diez v Khachanov,70,2016-06-12 07:51:07.013,2.4,2016-06-12 22:23:00,2016-06-11 15:24:38.341
1.125209463,7659623,Karen Khachanov,S Diez v Khachanov,80,2016-06-12 08:03:08.234,4.5,2016-06-12 22:23:00,2016-06-11 15:24:38.341
1.125209463,7659623,Karen Khachanov,S Diez v Khachanov,90,2016-06-12 08:18:09.042,7.0,2016-06-12 22:23:00,2016-06-11 15:24:38.341
1.125209463,7659623,Karen Khachanov,S Diez v Khachanov,100,2016-06-12 08:30:08.241,15.0,2016-06-12 22:23:00,2016-06-11 15:24:38.341
1.12521549,2403863,Kristyna Pliskova,Taylor v Kr Pliskova,0,2016-06-11 07:48:55.460,1.17,2016-06-11 14:30:00,
1.12521549,2403863,Kristyna Pliskova,Taylor v Kr Pliskova,10,2016-06-11 09:54:23.432,1.25,2016-06-11 14:30:00,
1.12521549,2403863,Kristyna Pliskova,Taylor v Kr Pliskova,20,2016-06-11 14:00:55.570,1.24,2016-06-11 14:30:00,
1.12521549,2403863,Kristyna Pliskova,Taylor v Kr Pliskova,30,2016-06-11 15:11:53.921,1.27,2016-06-11 15:15:00,
1.12521549,2403863,Kristyna Pliskova,Taylor v Kr Pliskova,40,2016-06-12 01:14:50.723,1.19,2016-06-12 10:00:00,
1.12521549,2403863,Kristyna Pliskova,Taylor v Kr Pliskova,50,2016-06-12 08:08:28.326,1.2,2016-06-12 10:00:00,
1.12521549,2403863,Kristyna Pliskova,Taylor v Kr Pliskova,60,2016-06-12 09:18:37.702,1.26,2016-06-12 10:00:00,
1.12521549,2403863,Kristyna Pliskova,Taylor v Kr Pliskova,70,2016-06-12 10:30:04.772,1.19,2016-06-12 10:45:00,
1.12521549,2403863,Kristyna Pliskova,Taylor v Kr Pliskova,80,2016-06-12 10:40:53.991,1.24,2016-06-12 10:45:00,
1.12521549,2403863,Kristyna Pliskova,Taylor v Kr Pliskova,90,2016-06-12 11:25:45.699,1.25,2016-06-12 12:00:00,
1.12521549,2403863,Kristyna Pliskova,Taylor v Kr Pliskova,100,2016-06-12 12:52:55.486,1.22,2016-06-12 13:01:00,
1.125215516,5300820,Aleksandra Krunic,Krunic v Buyukakcay,0,2016-06-11 10:21:25.022,1.84,2016-06-11 14:30:00,
1.125215516,5300820,Aleksandra Krunic,Krunic v Buyukakcay,10,2016-06-11 14:31:11.489,1.76,2016-06-11 14:45:00,
1.125215516,5300820,Aleksandra Krunic,Krunic v Buyukakcay,20,2016-06-11 15:02:18.872,1.83,2016-06-11 15:15:00,
1.125215516,5300820,Aleksandra Krunic,Krunic v Buyukakcay,30,2016-06-12 07:24:49.038,1.75,2016-06-12 10:00:00,
1.125215516,5300820,Aleksandra Krunic,Krunic v Buyukakcay,40,2016-06-12 09:18:54.862,1.81,2016-06-12 10:00:00,
1.125215516,5300820,Aleksandra Krunic,Krunic v Buyukakcay,50,2016-06-12 09:46:03.749,1.81,2016-06-12 10:00:00,
1.125215516,5300820,Aleksandra Krunic,Krunic v Buyukakcay,60,2016-06-12 09:54:03.036,1.8,2016-06-12 10:00:00,
1.125215516,5300820,Aleksandra Krunic,Krunic v Buyukakcay,70,2016-06-12 09:55:14.525,1.79,2016-06-12 10:00:00,
1.125215516,5300820,Aleksandra Krunic,Krunic v Buyukakcay,80,2016-06-12 10:01:59.615,1.74,2016-06-12 10:15:00,
1.125215516,5300820,Aleksandra Krunic,Krunic v Buyukakcay,90,2016-06-12 10:05:08.686,1.81,2016-06-12 10:15:00,
1.125215516,5300820,Aleksandra Krunic,Krunic v Buyukakcay,100,2016-06-12 10:41:13.076,1.73,2016-06-12 10:45:00,
1.125215531,2263715,Tamira Paszek,Paszek v Duval,0,2016-06-11 07:48:01.828,1.21,2016-06-11 14:30:00,
1.125215531,2263715,Tamira Paszek,Paszek v Duval,10,2016-06-11 13:09:32.725,1.35,2016-06-11 14:30:00,
1.125215531,2263715,Tamira Paszek,Paszek v Duval,20,2016-06-11 13:12:14.677,1.33,2016-06-11 14:30:00,
1.125215531,2263715,Tamira Paszek,Paszek v Duval,30,2016-06-11 13:18:13.356,1.25,2016-06-11 14:30:00,
1.125215531,2263715,Tamira Paszek,Paszek v Duval,40,2016-06-12 07:54:48.804,1.26,2016-06-12 10:00:00,
1.125215531,2263715,Tamira Paszek,Paszek v Duval,50,2016-06-12 09:17:11.963,1.27,2016-06-12 10:00:00,
1.125215531,2263715,Tamira Paszek,Paszek v Duval,60,2016-06-12 09:21:52.610,1.26,2016-06-12 10:00:00,
1.125215531,2263715,Tamira Paszek,Paszek v Duval,70,2016-06-12 10:05:54.950,1.27,2016-06-12 10:15:00,
1.125215531,2263715,Tamira Paszek,Paszek v Duval,80,2016-06-12 10:15:10.846,1.28,2016-06-12 10:30:00,
1.125215531,2263715,Tamira Paszek,Paszek v Duval,90,2016-06-12 10:20:08.029,1.27,2016-06-12 10:30:00,
1.125215531,2263715,Tamira Paszek,Paszek v Duval,100,2016-06-12 12:47:09.972,1.26,2016-06-12 13:20:00,
1.125216445,3622052,Kristina Mladenovic,Bencic v K Mladenovic,0,2016-06-10 18:33:00.529,2.4,2016-06-11 12:30:00,
1.125216445,3622052,Kristina Mladenovic,Bencic v K Mladenovic,10,2016-06-11 02:26:40.114,2.5,2016-06-11 12:30:00,
1.125216445,3622052,Kristina Mladenovic,Bencic v K Mladenovic,20,2016-06-11 08:30:14.097,2.36,2016-06-11 12:30:00,
1.125216445,3622052,Kristina Mladenovic,Bencic v K Mladenovic,30,2016-06-11 08:47:26.244,2.38,2016-06-11 12:30:00,
1.125216445,3622052,Kristina Mladenovic,Bencic v K Mladenovic,40,2016-06-11 10:47:26.802,2.28,2016-06-11 12:30:00,
1.125216445,3622052,Kristina Mladenovic,Bencic v K Mladenovic,50,2016-06-11 11:10:02.188,2.3,2016-06-11 12:30:00,
1.125216445,3622052,Kristina Mladenovic,Bencic v K Mladenovic,60,2016-06-11 12:07:26.667,2.28,2016-06-11 12:30:00,
1.125216445,3622052,Kristina Mladenovic,Bencic v K Mladenovic,70,2016-06-11 12:16:04.600,2.24,2016-06-11 12:30:00,
1.125216445,3622052,Kristina Mladenovic,Bencic v K Mladenovic,80,2016-06-11 12:22:49.796,2.26,2016-06-11 12:30:00,
1.125216445,3622052,Kristina Mladenovic,Bencic v K Mladenovic,90,2016-06-11 12:58:24.987,2.28,2016-06-11 13:00:00,
1.125216445,3622052,Kristina Mladenovic,Bencic v K Mladenovic,100,2016-06-11 13:13:26.594,2.3,2016-06-11 13:15:00,
1.125216445,6390244,Belinda Bencic,Bencic v K Mladenovic,0,2016-06-10 18:18:13.329,1.68,2016-06-11 12:30:00,
1.125216445,6390244,Belinda Bencic,Bencic v K Mladenovic,10,2016-06-10 23:29:56.497,1.71,2016-06-11 12:30:00,
1.125216445,6390244,Belinda Bencic,Bencic v K Mladenovic,20,2016-06-11 07:11:36.943,1.71,2016-06-11 12:30:00,
1.125216445,6390244,Belinda Bencic,Bencic v K Mladenovic,30,2016-06-11 08:30:14.097,1.74,2016-06-11 12:30:00,
1.125216445,6390244,Belinda Bencic,Bencic v K Mladenovic,40,2016-06-11 09:16:55.658,1.76,2016-06-11 12:30:00,
1.125216445,6390244,Belinda Bencic,Bencic v K Mladenovic,50,2016-06-11 10:07:05.275,1.73,2016-06-11 12:30:00,
1.125216445,6390244,Belinda Bencic,Bencic v K Mladenovic,60,2016-06-11 11:26:24.968,1.81,2016-06-11 12:30:00,
1.125216445,6390244,Belinda Bencic,Bencic v K Mladenovic,70,2016-06-11 12:06:23.643,1.79,2016-06-11 12:30:00,
1.125216445,6390244,Belinda Bencic,Bencic v K Mladenovic,80,2016-06-11 12:20:50.403,1.79,2016-06-11 12:30:00,
1.125216445,6390244,Belinda Bencic,Bencic v K Mladenovic,90,2016-06-11 13:03:10.539,1.75,2016-06-11 13:15:00,
1.125216445,6390244,Belinda Bencic,Bencic v K Mladenovic,100,2016-06-11 13:14:14.182,1.75,2016-06-11 13:15:00,
1.125217049,2257317,Nicolas Mahut,Querrey v Mahut,0,2016-06-10 20:47:42.596,2.04,2016-06-11 14:30:00,
1.125217049,2257317,Nicolas Mahut,Querrey v Mahut,10,2016-06-10 23:37:40.732,1.73,2016-06-11 14:30:00,
1.125217049,2257317,Nicolas Mahut,Querrey v Mahut,20,2016-06-11 07:43:07.888,1.72,2016-06-11 14:30:00,
1.125217049,2257317,Nicolas Mahut,Querrey v Mahut,30,2016-06-11 08:44:24.908,1.71,2016-06-11 14:30:00,
1.125217049,2257317,Nicolas Mahut,Querrey v Mahut,40,2016-06-11 10:22:41.376,1.72,2016-06-11 14:30:00,
1.125217049,2257317,Nicolas Mahut,Querrey v Mahut,50,2016-06-11 12:19:17.515,1.73,2016-06-11 14:30:00,
1.125217049,2257317,Nicolas Mahut,Querrey v Mahut,60,2016-06-11 13:28:05.714,1.7,2016-06-11 14:30:00,
1.125217049,2257317,Nicolas Mahut,Querrey v Mahut,70,2016-06-11 13:58:45.243,1.76,2016-06-11 14:30:00,
1.125217049,2257317,Nicolas Mahut,Querrey v Mahut,80,2016-06-11 14:30:37.166,1.76,2016-06-11 14:45:00,
1.125217049,2257317,Nicolas Mahut,Querrey v Mahut,90,2016-06-11 15:13:43.996,1.76,2016-06-11 15:15:00,
1.125217049,2257317,Nicolas Mahut,Querrey v Mahut,100,2016-06-11 15:38:45.511,1.73,2016-06-11 15:45:00,
1.125217049,2263560,Sam Querrey,Querrey v Mahut,0,2016-06-10 20:47:42.596,1.96,2016-06-11 14:30:00,
1.125217049,2263560,Sam Querrey,Querrey v Mahut,10,2016-06-11 05:17:19.553,2.34,2016-06-11 14:30:00,
1.125217049,2263560,Sam Querrey,Querrey v Mahut,20,2016-06-11 08:24:01.745,2.34,2016-06-11 14:30:00,
1.125217049,2263560,Sam Querrey,Querrey v Mahut,30,2016-06-11 09:49:33.968,2.38,2016-06-11 14:30:00,
1.125217049,2263560,Sam Querrey,Querrey v Mahut,40,2016-06-11 11:43:40.093,2.38,2016-06-11 14:30:00,
1.125217049,2263560,Sam Querrey,Querrey v Mahut,50,2016-06-11 13:10:35.119,2.42,2016-06-11 14:30:00,
1.125217049,2263560,Sam Querrey,Querrey v Mahut,60,2016-06-11 13:40:33.815,2.36,2016-06-11 14:30:00,
1.125217049,2263560,Sam Querrey,Querrey v Mahut,70,2016-06-11 13:59:33.980,2.3,2016-06-11 14:30:00,
1.125217049,2263560,Sam Querrey,Querrey v Mahut,80,2016-06-11 14:35:44.138,2.3,2016-06-11 14:45:00,
1.125217049,2263560,Sam Querrey,Querrey v Mahut,90,2016-06-11 14:44:45.634,2.3,2016-06-11 15:00:00,
1.125217049,2263560,Sam Querrey,Querrey v Mahut,100,2016-06-11 15:38:45.511,2.34,2016-06-11 15:45:00,
1.12521712,8970939,Arevalo/Reyes-Varela,Andreozzi/Molteni v Arevalo/Reyes-Varela,0,2016-06-11 18:15:39.305,2.42,2016-06-11 18:30:00,
1.12521712,8970939,Arevalo/Reyes-Varela,Andreozzi/Molteni v Arevalo/Reyes-Varela,10,2016-06-11 18:22:49.700,3.8,2016-06-11 18:30:00,2016-06-11 18:19:50.380
1.12521712,8970939,Arevalo/Reyes-Varela,Andreozzi/Molteni v Arevalo/Reyes-Varela,20,2016-06-11 18:23:45.399,3.65,2016-06-11 18:30:00,2016-06-11 18:19:50.380
1.12521712,8970939,Arevalo/Reyes-Varela,Andreozzi/Molteni v Arevalo/Reyes-Varela,30,2016-06-11 18:28:46.741,2.86,2016-06-11 18:30:00,2016-06-11 18:19:50.380
1.12521712,8970939,Arevalo/Reyes-Varela,Andreozzi/Molteni v Arevalo/Reyes-Varela,40,2016-06-11 18:36:50.486,4.3,2016-06-11 18:45:00,2016-06-11 18:19:50.380
1.12521712,8970939,Arevalo/Reyes-Varela,Andreozzi/Molteni v Arevalo/Reyes-Varela,50,2016-06-11 18:37:49.945,4.4,2016-06-11 18:45:00,2016-06-11 18:19:50.380
1.12521712,8970939,Arevalo/Reyes-Varela,Andreozzi/Molteni v Arevalo/Reyes-Varela,60,2016-06-11 18:42:44.896,4.8,2016-06-11 18:45:00,2016-06-11 18:19:50.380
1.12521712,8970939,Arevalo/Reyes-Varela,Andreozzi/Molteni v Arevalo/Reyes-Varela,70,2016-06-11 18:46:47.413,17.5,2016-06-11 19:00:00,2016-06-11 18:19:50.380
1.12521712,8970939,Arevalo/Reyes-Varela,Andreozzi/Molteni v Arevalo/Reyes-Varela,80,2016-06-11 18:47:42.500,21.0,2016-06-11 19:00:00,2016-06-11 18:19:50.380
1.12521712,8970939,Arevalo/Reyes-Varela,Andreozzi/Molteni v Arevalo/Reyes-Varela,90,2016-06-11 18:49:45.486,15.0,2016-06-11 19:00:00,2016-06-11 18:19:50.380
1.12521712,8970939,Arevalo/Reyes-Varela,Andreozzi/Molteni v Arevalo/Reyes-Varela,100,2016-06-11 18:54:50.388,13.5,2016-06-11 19:00:00,2016-06-11 18:19:50.380
1.12521712,9546009,Andreozzi/Molteni,Andreozzi/Molteni v Arevalo/Reyes-Varela,0,2016-06-11 18:13:46.648,1.7,2016-06-11 18:15:00,
1.12521712,9546009,Andreozzi/Molteni,Andreozzi/Molteni v Arevalo/Reyes-Varela,10,2016-06-11 18:19:50.380,1.51,2016-06-11 18:30:00,2016-06-11 18:19:50.380
1.12521712,9546009,Andreozzi/Molteni,Andreozzi/Molteni v Arevalo/Reyes-Varela,20,2016-06-11 18:23:45.399,1.38,2016-06-11 18:30:00,2016-06-11 18:19:50.380
1.12521712,9546009,Andreozzi/Molteni,Andreozzi/Molteni v Arevalo/Reyes-Varela,30,2016-06-11 18:26:49.929,1.41,2016-06-11 18:30:00,2016-06-11 18:19:50.380
1.12521712,9546009,Andreozzi/Molteni,Andreozzi/Molteni v Arevalo/Reyes-Varela,40,2016-06-11 18:28:46.741,1.48,2016-06-11 18:30:00,2016-06-11 18:19:50.380
1.12521712,9546009,Andreozzi/Molteni,Andreozzi/Molteni v Arevalo/Reyes-Varela,50,2016-06-11 18:36:50.486,1.3,2016-06-11 18:45:00,2016-06-11 18:19:50.380
1.12521712,9546009,Andreozzi/Molteni,Andreozzi/Molteni v Arevalo/Reyes-Varela,60,2016-06-11 18:45:40.371,1.1,2016-06-11 19:00:00,2016-06-11 18:19:50.380
1.12521712,9546009,Andreozzi/Molteni,Andreozzi/Molteni v Arevalo/Reyes-Varela,70,2016-06-11 18:47:42.500,1.05,2016-06-11 19:00:00,2016-06-11 18:19:50.380
1.12521712,9546009,Andreozzi/Molteni,Andreozzi/Molteni v Arevalo/Reyes-Varela,80,2016-06-11 18:54:50.388,1.08,2016-06-11 19:00:00,2016-06-11 18:19:50.380
1.12521712,9546009,Andreozzi/Molteni,Andreozzi/Molteni v Arevalo/Reyes-Varela,90,2016-06-11 18:58:50.480,1.03,2016-06-11 19:00:00,2016-06-11 18:19:50.380
1.12521712,9546009,Andreozzi/Molteni,Andreozzi/Molteni v Arevalo/Reyes-Varela,100,2016-06-11 19:06:43.775,1.01,2016-06-11 19:15:00,2016-06-11 18:19:50.380
1.125219324,2345099,Paolo Lorenzi,P Lorenzi v Giannessi,0,2016-06-10 22:45:40.337,1.37,2016-06-11 15:00:00,
1.125219324,2345099,Paolo Lorenzi,P Lorenzi v Giannessi,10,2016-06-11 08:00:45.318,1.4,2016-06-11 15:00:00,
1.125219324,2345099,Paolo Lorenzi,P Lorenzi v Giannessi,20,2016-06-11 13:00:49.770,1.39,2016-06-11 14:56:00,
1.125219324,2345099,Paolo Lorenzi,P Lorenzi v Giannessi,30,2016-06-11 13:23:10.522,1.41,2016-06-11 14:56:00,
1.125219324,2345099,Paolo Lorenzi,P Lorenzi v Giannessi,40,2016-06-11 13:52:47.551,1.41,2016-06-11 15:00:00,
1.125219324,2345099,Paolo Lorenzi,P Lorenzi v Giannessi,50,2016-06-11 14:06:05.692,1.41,2016-06-11 15:00:00,
1.125219324,2345099,Paolo Lorenzi,P Lorenzi v Giannessi,60,2016-06-11 14:21:30.876,1.44,2016-06-11 15:00:00,
1.125219324,2345099,Paolo Lorenzi,P Lorenzi v Giannessi,70,2016-06-11 14:46:42.621,1.42,2016-06-11 15:00:00,
1.125219324,2345099,Paolo Lorenzi,P Lorenzi v Giannessi,80,2016-06-11 15:04:48.972,1.42,2016-06-11 15:15:00,
1.125219324,2345099,Paolo Lorenzi,P Lorenzi v Giannessi,90,2016-06-11 15:12:40.899,1.42,2016-06-11 15:15:00,
1.125219324,2345099,Paolo Lorenzi,P Lorenzi v Giannessi,100,2016-06-11 15:23:37.022,1.47,2016-06-11 15:30:00,
1.125219329,2249834,Juan Martin Del Potro,Del Potro v Kohlschreiber,0,2016-06-10 19:57:13.252,1.99,2016-06-11 12:00:00,
1.125219329,2249834,Juan Martin Del Potro,Del Potro v Kohlschreiber,10,2016-06-10 21:18:14.935,1.9,2016-06-11 12:00:00,
1.125219329,2249834,Juan Martin Del Potro,Del Potro v Kohlschreiber,20,2016-06-10 21:59:07.781,1.89,2016-06-11 12:00:00,
1.125219329,2249834,Juan Martin Del Potro,Del Potro v Kohlschreiber,30,2016-06-11 04:07:59.451,1.93,2016-06-11 12:00:00,
1.125219329,2249834,Juan Martin Del Potro,Del Potro v Kohlschreiber,40,2016-06-11 08:03:20.939,1.97,2016-06-11 12:00:00,
1.125219329,2249834,Juan Martin Del Potro,Del Potro v Kohlschreiber,50,2016-06-11 09:16:50.077,1.95,2016-06-11 12:00:00,
1.125219329,2249834,Juan Martin Del Potro,Del Potro v Kohlschreiber,60,2016-06-11 10:14:11.910,1.95,2016-06-11 12:01:00,
1.125219329,2249834,Juan Martin Del Potro,Del Potro v Kohlschreiber,70,2016-06-11 10:46:58.551,1.92,2016-06-11 12:01:00,
1.125219329,2249834,Juan Martin Del Potro,Del Potro v Kohlschreiber,80,2016-06-11 11:44:00.854,1.86,2016-06-11 12:01:00,
1.125219329,2249834,Juan Martin Del Potro,Del Potro v Kohlschreiber,90,2016-06-11 12:37:15.195,1.84,2016-06-11 12:46:00,
1.125219329,2249834,Juan Martin Del Potro,Del Potro v Kohlschreiber,100,2016-06-11 13:34:13.512,1.82,2016-06-11 13:45:00,
1.125219329,2257302,Philipp Kohlschreiber,Del Potro v Kohlschreiber,0,2016-06-10 19:57:13.252,2.0,2016-06-11 12:00:00,
1.125219329,2257302,Philipp Kohlschreiber,Del Potro v Kohlschreiber,10,2016-06-10 21:07:54.137,2.1,2016-06-11 12:00:00,
1.125219329,2257302,Philipp Kohlschreiber,Del Potro v Kohlschreiber,20,2016-06-10 23:21:17.568,2.08,2016-06-11 12:00:00,
1.125219329,2257302,Philipp Kohlschreiber,Del Potro v Kohlschreiber,30,2016-06-11 06:24:08.526,2.04,2016-06-11 12:00:00,
1.125219329,2257302,Philipp Kohlschreiber,Del Potro v Kohlschreiber,40,2016-06-11 08:29:19.869,2.02,2016-06-11 12:00:00,
1.125219329,2257302,Philipp Kohlschreiber,Del Potro v Kohlschreiber,50,2016-06-11 09:42:14.103,2.06,2016-06-11 12:00:00,
1.125219329,2257302,Philipp Kohlschreiber,Del Potro v Kohlschreiber,60,2016-06-11 10:58:10.823,2.06,2016-06-11 12:01:00,
1.125219329,2257302,Philipp Kohlschreiber,Del Potro v Kohlschreiber,70,2016-06-11 12:00:49.567,2.14,2016-06-11 12:16:00,
1.125219329,2257302,Philipp Kohlschreiber,Del Potro v Kohlschreiber,80,2016-06-11 12:20:17.032,2.18,2016-06-11 12:31:00,
1.125219329,2257302,Philipp Kohlschreiber,Del Potro v Kohlschreiber,90,2016-06-11 13:12:49.572,2.16,2016-06-11 13:16:00,
1.125219329,2257302,Philipp Kohlschreiber,Del Potro v Kohlschreiber,100,2016-06-11 13:34:13.512,2.22,2016-06-11 13:45:00,
1.125220054,8639819,Sam Groth,Duckworth v Groth,0,2016-06-10 21:28:21.636,1.13,2016-06-11 10:00:00,
1.125220054,8639819,Sam Groth,Duckworth v Groth,10,2016-06-10 22:51:44.092,1.14,2016-06-11 10:00:00,
1.125220054,8639819,Sam Groth,Duckworth v Groth,20,2016-06-11 05:57:12.588,1.19,2016-06-11 10:00:00,
1.125220054,8639819,Sam Groth,Duckworth v Groth,30,2016-06-11 06:54:17.448,1.52,2016-06-11 10:00:00,
1.125220054,8639819,Sam Groth,Duckworth v Groth,40,2016-06-11 08:16:33.823,1.5,2016-06-11 10:00:00,
1.125220054,8639819,Sam Groth,Duckworth v Groth,50,2016-06-11 08:45:28.914,1.48,2016-06-11 10:00:00,
1.125220054,8639819,Sam Groth,Duckworth v Groth,60,2016-06-11 09:42:44.011,1.55,2016-06-11 10:00:00,
1.125220054,8639819,Sam Groth,Duckworth v Groth,70,2016-06-11 09:44:50.582,1.64,2016-06-11 10:00:00,
1.125220054,8639819,Sam Groth,Duckworth v Groth,80,2016-06-11 09:45:45.618,1.67,2016-06-11 10:00:00,
1.125220054,8639819,Sam Groth,Duckworth v Groth,90,2016-06-11 09:47:27.499,1.68,2016-06-11 10:00:00,
1.125220054,8639819,Sam Groth,Duckworth v Groth,100,2016-06-11 09:54:44.306,1.51,2016-06-11 10:00:00,
1.125220222,9626597,J Namigata,SJ Jang v J Namigata,0,2016-06-10 21:12:51.079,2.28,2016-06-11 02:30:00,
1.125220222,9626597,J Namigata,SJ Jang v J Namigata,10,2016-06-10 21:32:05.105,1.96,2016-06-11 02:30:00,
1.125220222,9626597,J Namigata,SJ Jang v J Namigata,20,2016-06-10 21:34:51.148,1.98,2016-06-11 02:30:00,
1.125220222,9626597,J Namigata,SJ Jang v J Namigata,30,2016-06-10 21:38:02.306,1.58,2016-06-11 02:30:00,
1.125220222,9626597,J Namigata,SJ Jang v J Namigata,40,2016-06-10 21:40:05.005,1.82,2016-06-11 02:30:00,
1.125220222,9626597,J Namigata,SJ Jang v J Namigata,50,2016-06-10 21:43:04.114,1.71,2016-06-11 02:30:00,
1.125220222,9626597,J Namigata,SJ Jang v J Namigata,60,2016-06-10 22:23:02.465,2.0,2016-06-11 02:30:00,
1.125220222,9626597,J Namigata,SJ Jang v J Namigata,70,2016-06-11 00:21:50.174,1.99,2016-06-11 02:30:00,
1.125220222,9626597,J Namigata,SJ Jang v J Namigata,80,2016-06-11 01:18:56.698,2.04,2016-06-11 02:30:00,
1.125220222,9626597,J Namigata,SJ Jang v J Namigata,90,2016-06-11 02:10:03.439,2.32,2016-06-11 02:30:00,
1.125220222,9626597,J Namigata,SJ Jang v J Namigata,100,2016-06-11 02:25:57.433,2.36,2016-06-11 02:30:00,
1.125220222,11274104,SJ Jang,SJ Jang v J Namigata,0,2016-06-10 21:12:51.079,1.79,2016-06-11 02:30:00,
1.125220222,11274104,SJ Jang,SJ Jang v J Namigata,10,2016-06-10 21:32:05.105,2.04,2016-06-11 02:30:00,
1.125220222,11274104,SJ Jang,SJ Jang v J Namigata,20,2016-06-10 21:34:51.148,2.02,2016-06-11 02:30:00,
1.125220222,11274104,SJ Jang,SJ Jang v J Namigata,30,2016-06-10 21:38:02.306,2.44,2016-06-11 02:30:00,
1.125220222,11274104,SJ Jang,SJ Jang v J Namigata,40,2016-06-10 21:39:00.410,2.22,2016-06-11 02:30:00,
1.125220222,11274104,SJ Jang,SJ Jang v J Namigata,50,2016-06-10 22:23:02.465,2.0,2016-06-11 02:30:00,
1.125220222,11274104,SJ Jang,SJ Jang v J Namigata,60,2016-06-11 00:18:56.839,1.98,2016-06-11 02:30:00,
1.125220222,11274104,SJ Jang,SJ Jang v J Namigata,70,2016-06-11 00:21:50.174,2.02,2016-06-11 02:30:00,
1.125220222,11274104,SJ Jang,SJ Jang v J Namigata,80,2016-06-11 01:26:08.362,1.95,2016-06-11 02:30:00,
1.125220222,11274104,SJ Jang,SJ Jang v J Namigata,90,2016-06-11 02:24:59.003,1.72,2016-06-11 02:30:00,
1.125220222,11274104,SJ Jang,SJ Jang v J Namigata,100,2016-06-11 02:29:56.862,1.63,2016-06-11 02:30:00,
1.125220273,9629984,Marcus Walters,Walters v Sa Ratiwatana,0,2016-06-11 22:16:57.584,1.28,2016-06-12 10:00:00,2016-06-11 14:02:06.029
1.125220273,9629984,Marcus Walters,Walters v Sa Ratiwatana,10,2016-06-11 22:33:44.543,1.17,2016-06-12 10:00:00,2016-06-11 14:02:06.029
1.125220273,9629984,Marcus Walters,Walters v Sa Ratiwatana,20,2016-06-11 23:08:22.530,1.2,2016-06-12 10:00:00,2016-06-11 14:02:06.029
1.125220273,9629984,Marcus Walters,Walters v Sa Ratiwatana,30,2016-06-12 00:49:22.517,1.19,2016-06-12 10:00:00,2016-06-11 14:02:06.029
1.125220273,9629984,Marcus Walters,Walters v Sa Ratiwatana,40,2016-06-12 01:57:01.646,1.28,2016-06-12 10:00:00,2016-06-11 14:02:06.029
1.125220273,9629984,Marcus Walters,Walters v Sa Ratiwatana,50,2016-06-12 03:16:07.787,1.18,2016-06-12 10:00:00,2016-06-11 14:02:06.029
1.125220273,9629984,Marcus Walters,Walters v Sa Ratiwatana,60,2016-06-12 05:28:56.840,1.17,2016-06-12 10:00:00,2016-06-11 14:02:06.029
1.125220273,9629984,Marcus Walters,Walters v Sa Ratiwatana,70,2016-06-12 06:33:43.764,1.3,2016-06-12 10:00:00,2016-06-11 14:02:06.029
1.125220273,9629984,Marcus Walters,Walters v Sa Ratiwatana,80,2016-06-12 06:54:46.276,1.03,2016-06-12 10:00:00,2016-06-11 14:02:06.029
1.125220273,9629984,Marcus Walters,Walters v Sa Ratiwatana,90,2016-06-12 07:28:30.431,1.02,2016-06-12 10:00:00,2016-06-11 14:02:06.029
1.125220273,9629984,Marcus Walters,Walters v Sa Ratiwatana,100,2016-06-12 09:09:59.403,1.06,2016-06-12 10:00:00,2016-06-11 14:02:06.029
1.125220283,2475803,Michal Przysiezny,K Oakley v Przysiezny,0,2016-06-11 22:27:59.287,1.02,2016-06-12 10:00:00,2016-06-11 14:36:29.371
1.125220283,2475803,Michal Przysiezny,K Oakley v Przysiezny,10,2016-06-11 22:51:05.555,1.03,2016-06-12 10:00:00,2016-06-11 14:36:29.371
1.125220283,2475803,Michal Przysiezny,K Oakley v Przysiezny,20,2016-06-12 02:06:19.713,1.03,2016-06-12 10:00:00,2016-06-11 14:36:29.371
1.125220283,2475803,Michal Przysiezny,K Oakley v Przysiezny,30,2016-06-12 05:27:18.965,1.01,2016-06-12 10:00:00,2016-06-11 14:36:29.371
1.125220283,2475803,Michal Przysiezny,K Oakley v Przysiezny,40,2016-06-12 06:15:28.311,1.01,2016-06-12 10:00:00,2016-06-11 14:36:29.371
1.125220283,2475803,Michal Przysiezny,K Oakley v Przysiezny,50,2016-06-12 06:52:51.976,1.02,2016-06-12 10:00:00,2016-06-11 14:36:29.371
1.125220283,2475803,Michal Przysiezny,K Oakley v Przysiezny,60,2016-06-12 07:09:38.099,1.02,2016-06-12 10:00:00,2016-06-11 14:36:29.371
1.125220283,2475803,Michal Przysiezny,K Oakley v Przysiezny,70,2016-06-12 07:26:05.704,1.03,2016-06-12 10:00:00,2016-06-11 14:36:29.371
1.125220283,2475803,Michal Przysiezny,K Oakley v Przysiezny,80,2016-06-12 08:46:05.518,1.01,2016-06-12 10:00:00,2016-06-11 14:36:29.371
1.125220283,2475803,Michal Przysiezny,K Oakley v Przysiezny,90,2016-06-12 08:56:06.983,1.03,2016-06-12 10:00:00,2016-06-11 14:36:29.371
1.125220283,2475803,Michal Przysiezny,K Oakley v Przysiezny,100,2016-06-12 09:21:32.949,1.02,2016-06-12 10:00:00,2016-06-11 14:36:29.371
1.125221012,6603898,Radu Albot,Vatutin v Albot,0,2016-06-13 19:22:24.335,1.26,2016-06-14 06:30:00,
1.125221012,6603898,Radu Albot,Vatutin v Albot,10,2016-06-13 23:21:30.402,1.27,2016-06-14 06:30:00,
1.125221012,6603898,Radu Albot,Vatutin v Albot,20,2016-06-13 23:31:09.529,1.28,2016-06-14 06:30:00,
1.125221012,6603898,Radu Albot,Vatutin v Albot,30,2016-06-14 04:51:43.964,1.22,2016-06-14 06:30:00,
1.125221012,6603898,Radu Albot,Vatutin v Albot,40,2016-06-14 05:04:33.217,1.23,2016-06-14 06:30:00,
1.125221012,6603898,Radu Albot,Vatutin v Albot,50,2016-06-14 05:51:54.609,1.2,2016-06-14 06:30:00,
1.125221012,6603898,Radu Albot,Vatutin v Albot,60,2016-06-14 05:55:48.808,1.23,2016-06-14 06:30:00,
1.125221012,6603898,Radu Albot,Vatutin v Albot,70,2016-06-14 06:14:31.768,1.2,2016-06-14 06:30:00,
1.125221012,6603898,Radu Albot,Vatutin v Albot,80,2016-06-14 06:31:20.068,1.22,2016-06-14 06:45:00,
1.125221012,6603898,Radu Albot,Vatutin v Albot,90,2016-06-14 06:40:44.342,1.19,2016-06-14 06:45:00,
1.125221012,6603898,Radu Albot,Vatutin v Albot,100,2016-06-14 07:08:32.747,1.25,2016-06-14 07:15:00,
1.125221012,7797764,Alexey Vatutin,Vatutin v Albot,0,2016-06-13 19:15:14.961,3.75,2016-06-14 06:30:00,
1.125221012,7797764,Alexey Vatutin,Vatutin v Albot,10,2016-06-13 19:22:24.335,4.8,2016-06-14 06:30:00,
1.125221012,7797764,Alexey Vatutin,Vatutin v Albot,20,2016-06-13 19:33:05.258,3.75,2016-06-14 06:30:00,
1.125221012,7797764,Alexey Vatutin,Vatutin v Albot,30,2016-06-13 23:21:30.402,4.8,2016-06-14 06:30:00,
1.125221012,7797764,Alexey Vatutin,Vatutin v Albot,40,2016-06-13 23:31:09.529,4.6,2016-06-14 06:30:00,
1.125221012,7797764,Alexey Vatutin,Vatutin v Albot,50,2016-06-14 05:51:54.609,5.9,2016-06-14 06:30:00,
1.125221012,7797764,Alexey Vatutin,Vatutin v Albot,60,2016-06-14 05:55:48.808,4.8,2016-06-14 06:30:00,
1.125221012,7797764,Alexey Vatutin,Vatutin v Albot,70,2016-06-14 06:14:31.768,5.9,2016-06-14 06:30:00,
1.125221012,7797764,Alexey Vatutin,Vatutin v Albot,80,2016-06-14 06:40:44.342,6.2,2016-06-14 06:45:00,
1.125221012,7797764,Alexey Vatutin,Vatutin v Albot,90,2016-06-14 06:42:53.531,5.6,2016-06-14 06:45:00,
1.125221012,7797764,Alexey Vatutin,Vatutin v Albot,100,2016-06-14 07:13:36.098,4.9,2016-06-14 07:15:00,
1.125221027,2863465,Blaz Kavcic,Kavcic v Ortega-Olmedo,0,2016-06-12 16:30:40.813,1.81,2016-06-13 06:30:00,
1.125221027,2863465,Blaz Kavcic,Kavcic v Ortega-Olmedo,10,2016-06-12 22:06:28.905,1.75,2016-06-13 06:30:00,
1.125221027,2863465,Blaz Kavcic,Kavcic v Ortega-Olmedo,20,2016-06-13 03:15:29.315,1.66,2016-06-13 06:30:00,
1.125221027,2863465,Blaz Kavcic,Kavcic v Ortega-Olmedo,30,2016-06-13 06:08:11.835,1.63,2016-06-13 06:30:00,
1.125221027,2863465,Blaz Kavcic,Kavcic v Ortega-Olmedo,40,2016-06-13 06:38:26.776,1.69,2016-06-13 06:45:00,
1.125221027,2863465,Blaz Kavcic,Kavcic v Ortega-Olmedo,50,2016-06-13 06:42:29.680,1.63,2016-06-13 06:45:00,
1.125221027,2863465,Blaz Kavcic,Kavcic v Ortega-Olmedo,60,2016-06-13 06:44:33.796,1.62,2016-06-13 07:00:00,
1.125221027,2863465,Blaz Kavcic,Kavcic v Ortega-Olmedo,70,2016-06-13 06:46:33.346,1.61,2016-06-13 07:00:00,
1.125221027,2863465,Blaz Kavcic,Kavcic v Ortega-Olmedo,80,2016-06-13 07:02:35.309,1.6,2016-06-13 07:15:00,
1.125221027,2863465,Blaz Kavcic,Kavcic v Ortega-Olmedo,90,2016-06-13 07:09:40.199,1.58,2016-06-13 07:15:00,
1.125221027,2863465,Blaz Kavcic,Kavcic v Ortega-Olmedo,100,2016-06-13 07:18:37.984,1.61,2016-06-13 07:30:00,
1.125221027,8475991,Roberto Ortega-Olmedo,Kavcic v Ortega-Olmedo,0,2016-06-12 16:39:20.512,2.24,2016-06-13 06:30:00,
1.125221027,8475991,Roberto Ortega-Olmedo,Kavcic v Ortega-Olmedo,10,2016-06-12 22:06:28.905,2.34,2016-06-13 06:30:00,
1.125221027,8475991,Roberto Ortega-Olmedo,Kavcic v Ortega-Olmedo,20,2016-06-13 05:18:38.017,2.52,2016-06-13 06:30:00,
1.125221027,8475991,Roberto Ortega-Olmedo,Kavcic v Ortega-Olmedo,30,2016-06-13 06:28:39.229,2.6,2016-06-13 06:30:00,
1.125221027,8475991,Roberto Ortega-Olmedo,Kavcic v Ortega-Olmedo,40,2016-06-13 06:40:35.037,2.58,2016-06-13 06:45:00,
1.125221027,8475991,Roberto Ortega-Olmedo,Kavcic v Ortega-Olmedo,50,2016-06-13 06:41:39.193,2.6,2016-06-13 06:45:00,
1.125221027,8475991,Roberto Ortega-Olmedo,Kavcic v Ortega-Olmedo,60,2016-06-13 06:44:33.796,2.62,2016-06-13 07:00:00,
1.125221027,8475991,Roberto Ortega-Olmedo,Kavcic v Ortega-Olmedo,70,2016-06-13 07:02:35.309,2.66,2016-06-13 07:15:00,
1.125221027,8475991,Roberto Ortega-Olmedo,Kavcic v Ortega-Olmedo,80,2016-06-13 07:03:24.101,2.7,2016-06-13 07:15:00,
1.125221027,8475991,Roberto Ortega-Olmedo,Kavcic v Ortega-Olmedo,90,2016-06-13 07:10:22.227,2.82,2016-06-13 07:15:00,
1.125221027,8475991,Roberto Ortega-Olmedo,Kavcic v Ortega-Olmedo,100,2016-06-13 07:18:37.984,2.64,2016-06-13 07:30:00,
1.125221553,2387871,Sorana Cirstea,Cirstea v Karatantcheva,0,2016-06-11 21:45:18.781,1.41,2016-06-12 10:00:00,
1.125221553,2387871,Sorana Cirstea,Cirstea v Karatantcheva,10,2016-06-12 01:17:33.139,1.45,2016-06-12 10:00:00,
1.125221553,2387871,Sorana Cirstea,Cirstea v Karatantcheva,20,2016-06-12 05:06:06.261,1.44,2016-06-12 10:00:00,
1.125221553,2387871,Sorana Cirstea,Cirstea v Karatantcheva,30,2016-06-12 06:09:17.189,1.41,2016-06-12 10:00:00,
1.125221553,2387871,Sorana Cirstea,Cirstea v Karatantcheva,40,2016-06-12 06:14:58.748,1.4,2016-06-12 10:00:00,
1.125221553,2387871,Sorana Cirstea,Cirstea v Karatantcheva,50,2016-06-12 07:39:05.053,1.41,2016-06-12 10:00:00,
1.125221553,2387871,Sorana Cirstea,Cirstea v Karatantcheva,60,2016-06-12 08:19:50.347,1.4,2016-06-12 10:00:00,
1.125221553,2387871,Sorana Cirstea,Cirstea v Karatantcheva,70,2016-06-12 08:46:36.013,1.37,2016-06-12 10:00:00,
1.125221553,2387871,Sorana Cirstea,Cirstea v Karatantcheva,80,2016-06-12 09:07:35.597,1.35,2016-06-12 10:00:00,
1.125221553,2387871,Sorana Cirstea,Cirstea v Karatantcheva,90,2016-06-12 09:23:29.115,1.36,2016-06-12 10:00:00,
1.125221553,2387871,Sorana Cirstea,Cirstea v Karatantcheva,100,2016-06-12 09:53:38.408,1.41,2016-06-12 10:00:00,
1.12522169,2249398,Benjamin Becker,B Becker v R Haase,0,2016-06-12 03:10:15.875,1.75,2016-06-12 09:00:00,
1.12522169,2249398,Benjamin Becker,B Becker v R Haase,10,2016-06-12 05:16:17.424,1.69,2016-06-12 09:00:00,
1.12522169,2249398,Benjamin Becker,B Becker v R Haase,20,2016-06-12 07:30:33.172,1.69,2016-06-12 09:00:00,
1.12522169,2249398,Benjamin Becker,B Becker v R Haase,30,2016-06-12 07:42:55.222,1.74,2016-06-12 09:00:00,
1.12522169,2249398,Benjamin Becker,B Becker v R Haase,40,2016-06-12 08:14:26.826,1.68,2016-06-12 09:00:00,
1.12522169,2249398,Benjamin Becker,B Becker v R Haase,50,2016-06-12 08:30:38.714,1.67,2016-06-12 09:00:00,
1.12522169,2249398,Benjamin Becker,B Becker v R Haase,60,2016-06-12 08:37:35.749,1.68,2016-06-12 09:00:00,
1.12522169,2249398,Benjamin Becker,B Becker v R Haase,70,2016-06-12 08:39:36.215,1.7,2016-06-12 09:00:00,
1.12522169,2249398,Benjamin Becker,B Becker v R Haase,80,2016-06-12 08:43:33.497,1.69,2016-06-12 09:00:00,
1.12522169,2249398,Benjamin Becker,B Becker v R Haase,90,2016-06-12 08:50:37.879,1.66,2016-06-12 09:00:00,
1.12522169,2249398,Benjamin Becker,B Becker v R Haase,100,2016-06-12 08:53:34.077,1.7,2016-06-12 09:00:00,
1.125221962,2249834,Juan Martin Del Potro,Isner v Del Potro,0,2016-06-12 20:55:27.969,1.63,2016-06-13 12:00:00,
1.125221962,2249834,Juan Martin Del Potro,Isner v Del Potro,10,2016-06-13 22:42:42.213,1.7,2016-06-14 14:30:00,
1.125221962,2249834,Juan Martin Del Potro,Isner v Del Potro,20,2016-06-14 08:09:06.799,1.73,2016-06-14 14:30:00,
1.125221962,2249834,Juan Martin Del Potro,Isner v Del Potro,30,2016-06-14 12:24:16.055,1.75,2016-06-14 16:09:00,
1.125221962,2249834,Juan Martin Del Potro,Isner v Del Potro,40,2016-06-14 17:29:48.770,1.75,2016-06-14 19:17:00,
1.125221962,2249834,Juan Martin Del Potro,Isner v Del Potro,50,2016-06-14 20:00:44.091,1.73,2016-06-14 20:16:00,
1.125221962,2249834,Juan Martin Del Potro,Isner v Del Potro,60,2016-06-14 22:06:43.863,1.67,2016-06-15 15:00:00,
1.125221962,2249834,Juan Martin Del Potro,Isner v Del Potro,70,2016-06-15 07:05:46.663,1.69,2016-06-15 15:00:00,
1.125221962,2249834,Juan Martin Del Potro,Isner v Del Potro,80,2016-06-15 10:56:18.542,1.71,2016-06-15 15:00:00,
1.125221962,2249834,Juan Martin Del Potro,Isner v Del Potro,90,2016-06-15 13:22:52.202,1.72,2016-06-15 15:24:00,
1.125221962,2249834,Juan Martin Del Potro,Isner v Del Potro,100,2016-06-15 14:24:44.603,1.7,2016-06-15 14:36:00,
1.125221962,2474763,John Isner,Isner v Del Potro,0,2016-06-12 19:11:03.043,2.4,2016-06-13 12:00:00,
1.125221962,2474763,John Isner,Isner v Del Potro,10,2016-06-13 22:18:13.636,2.52,2016-06-14 14:30:00,
1.125221962,2474763,John Isner,Isner v Del Potro,20,2016-06-14 03:21:55.669,2.38,2016-06-14 14:30:00,
1.125221962,2474763,John Isner,Isner v Del Potro,30,2016-06-14 10:09:14.150,2.32,2016-06-14 14:30:00,
1.125221962,2474763,John Isner,Isner v Del Potro,40,2016-06-14 13:34:38.016,2.32,2016-06-14 16:09:00,
1.125221962,2474763,John Isner,Isner v Del Potro,50,2016-06-14 18:08:52.845,2.38,2016-06-14 19:17:00,
1.125221962,2474763,John Isner,Isner v Del Potro,60,2016-06-14 19:25:36.736,2.34,2016-06-14 19:32:00,
1.125221962,2474763,John Isner,Isner v Del Potro,70,2016-06-14 21:00:53.085,2.34,2016-06-15 15:00:00,
1.125221962,2474763,John Isner,Isner v Del Potro,80,2016-06-15 07:27:42.622,2.46,2016-06-15 15:00:00,
1.125221962,2474763,John Isner,Isner v Del Potro,90,2016-06-15 12:32:53.338,2.4,2016-06-15 14:56:00,
1.125221962,2474763,John Isner,Isner v Del Potro,100,2016-06-15 14:23:51.260,2.42,2016-06-15 14:36:00,
1.125221977,4105819,Milos Raonic,Kyrgios v Raonic,0,2016-06-11 18:58:40.745,2.2,2016-06-12 12:00:00,
1.125221977,4105819,Milos Raonic,Kyrgios v Raonic,10,2016-06-14 11:17:53.490,2.18,2016-06-14 16:00:00,
1.125221977,4105819,Milos Raonic,Kyrgios v Raonic,20,2016-06-14 21:10:55.882,1.78,2016-06-15 13:00:00,2016-06-14 18:25:55.930
1.125221977,4105819,Milos Raonic,Kyrgios v Raonic,30,2016-06-14 22:34:58.281,1.73,2016-06-15 13:00:00,2016-06-14 18:25:55.930
1.125221977,4105819,Milos Raonic,Kyrgios v Raonic,40,2016-06-15 03:06:15.364,1.74,2016-06-15 13:00:00,2016-06-14 18:25:55.930
1.125221977,4105819,Milos Raonic,Kyrgios v Raonic,50,2016-06-15 05:48:39.633,1.77,2016-06-15 13:00:00,2016-06-14 18:25:55.930
1.125221977,4105819,Milos Raonic,Kyrgios v Raonic,60,2016-06-15 07:24:52.888,1.75,2016-06-15 13:00:00,2016-06-14 18:25:55.930
1.125221977,4105819,Milos Raonic,Kyrgios v Raonic,70,2016-06-15 08:36:17.903,1.75,2016-06-15 13:00:00,2016-06-14 18:25:55.930
1.125221977,4105819,Milos Raonic,Kyrgios v Raonic,80,2016-06-15 10:09:48.120,1.7,2016-06-15 13:00:00,2016-06-14 18:25:55.930
1.125221977,4105819,Milos Raonic,Kyrgios v Raonic,90,2016-06-15 11:33:48.106,1.75,2016-06-15 12:56:00,2016-06-14 18:25:55.930
1.125221977,4105819,Milos Raonic,Kyrgios v Raonic,100,2016-06-15 13:21:50.965,1.74,2016-06-15 13:24:00,2016-06-14 18:25:55.930
1.125221977,7299658,Nick Kyrgios,Kyrgios v Raonic,0,2016-06-11 18:58:40.745,1.84,2016-06-12 12:00:00,
1.125221977,7299658,Nick Kyrgios,Kyrgios v Raonic,10,2016-06-14 03:27:22.992,1.85,2016-06-14 14:30:00,
1.125221977,7299658,Nick Kyrgios,Kyrgios v Raonic,20,2016-06-14 11:34:41.369,1.85,2016-06-14 16:00:00,
1.125221977,7299658,Nick Kyrgios,Kyrgios v Raonic,30,2016-06-14 16:10:54.659,1.81,2016-06-14 18:05:00,
1.125221977,7299658,Nick Kyrgios,Kyrgios v Raonic,40,2016-06-14 21:00:47.743,2.26,2016-06-15 13:00:00,2016-06-14 18:25:55.930
1.125221977,7299658,Nick Kyrgios,Kyrgios v Raonic,50,2016-06-14 23:00:37.510,2.38,2016-06-15 13:00:00,2016-06-14 18:25:55.930
1.125221977,7299658,Nick Kyrgios,Kyrgios v Raonic,60,2016-06-15 05:16:50.918,2.28,2016-06-15 13:00:00,2016-06-14 18:25:55.930
1.125221977,7299658,Nick Kyrgios,Kyrgios v Raonic,70,2016-06-15 07:30:55.044,2.3,2016-06-15 13:00:00,2016-06-14 18:25:55.930
1.125221977,7299658,Nick Kyrgios,Kyrgios v Raonic,80,2016-06-15 09:41:51.810,2.78,2016-06-15 13:00:00,2016-06-14 18:25:55.930
1.125221977,7299658,Nick Kyrgios,Kyrgios v Raonic,90,2016-06-15 10:46:52.216,2.4,2016-06-15 13:00:00,2016-06-14 18:25:55.930
1.125221977,7299658,Nick Kyrgios,Kyrgios v Raonic,100,2016-06-15 13:22:49.264,2.34,2016-06-15 13:24:00,2016-06-14 18:25:55.930
1.12522207,2263681,Marin Cilic,Fel Lopez v Ma Cilic,0,2016-06-12 13:29:51.579,1.8,2016-06-13 12:00:00,
1.12522207,2263681,Marin Cilic,Fel Lopez v Ma Cilic,10,2016-06-13 03:42:49.340,1.72,2016-06-13 17:30:00,
1.12522207,2263681,Marin Cilic,Fel Lopez v Ma Cilic,20,2016-06-13 10:35:20.055,1.82,2016-06-13 17:30:00,
1.12522207,2263681,Marin Cilic,Fel Lopez v Ma Cilic,30,2016-06-13 13:12:02.731,1.84,2016-06-13 18:30:00,
1.12522207,2263681,Marin Cilic,Fel Lopez v Ma Cilic,40,2016-06-13 18:38:10.864,1.92,2016-06-13 22:45:00,
1.12522207,2263681,Marin Cilic,Fel Lopez v Ma Cilic,50,2016-06-14 05:28:58.596,1.89,2016-06-14 10:30:00,
1.12522207,2263681,Marin Cilic,Fel Lopez v Ma Cilic,60,2016-06-14 08:13:53.273,1.86,2016-06-14 10:30:00,
1.12522207,2263681,Marin Cilic,Fel Lopez v Ma Cilic,70,2016-06-14 09:32:55.833,1.8,2016-06-14 10:30:00,
1.12522207,2263681,Marin Cilic,Fel Lopez v Ma Cilic,80,2016-06-14 10:10:04.141,1.77,2016-06-14 10:30:00,
1.12522207,2263681,Marin Cilic,Fel Lopez v Ma Cilic,90,2016-06-14 10:51:57.341,1.78,2016-06-14 11:00:00,
1.12522207,2263681,Marin Cilic,Fel Lopez v Ma Cilic,100,2016-06-14 12:02:43.024,1.76,2016-06-14 12:15:00,
1.12522207,2265109,Feliciano Lopez,Fel Lopez v Ma Cilic,0,2016-06-12 13:27:55.835,2.26,2016-06-13 12:00:00,
1.12522207,2265109,Feliciano Lopez,Fel Lopez v Ma Cilic,10,2016-06-13 07:28:24.881,2.34,2016-06-13 17:30:00,
1.12522207,2265109,Feliciano Lopez,Fel Lopez v Ma Cilic,20,2016-06-13 12:25:49.978,2.26,2016-06-13 18:30:00,
1.12522207,2265109,Feliciano Lopez,Fel Lopez v Ma Cilic,30,2016-06-13 17:52:57.394,2.16,2016-06-13 22:00:00,
1.12522207,2265109,Feliciano Lopez,Fel Lopez v Ma Cilic,40,2016-06-14 03:13:01.933,2.12,2016-06-14 10:30:00,
1.12522207,2265109,Feliciano Lopez,Fel Lopez v Ma Cilic,50,2016-06-14 05:26:39.765,2.08,2016-06-14 10:30:00,
1.12522207,2265109,Feliciano Lopez,Fel Lopez v Ma Cilic,60,2016-06-14 07:44:28.139,2.24,2016-06-14 10:30:00,
1.12522207,2265109,Feliciano Lopez,Fel Lopez v Ma Cilic,70,2016-06-14 09:01:41.437,2.28,2016-06-14 10:30:00,
1.12522207,2265109,Feliciano Lopez,Fel Lopez v Ma Cilic,80,2016-06-14 09:46:38.409,2.26,2016-06-14 10:30:00,
1.12522207,2265109,Feliciano Lopez,Fel Lopez v Ma Cilic,90,2016-06-14 10:32:01.210,2.2,2016-06-14 10:45:00,
1.12522207,2265109,Feliciano Lopez,Fel Lopez v Ma Cilic,100,2016-06-14 11:59:03.850,2.32,2016-06-14 12:00:00,
1.125222084,2249396,Janko Tipsarevic,G Dimitrov v Tipsarevic,0,2016-06-12 12:00:22.813,6.0,2016-06-13 12:00:00,
1.125222084,2249396,Janko Tipsarevic,G Dimitrov v Tipsarevic,10,2016-06-13 07:12:34.748,5.2,2016-06-13 15:30:00,
1.125222084,2249396,Janko Tipsarevic,G Dimitrov v Tipsarevic,20,2016-06-13 09:27:29.781,4.8,2016-06-13 15:30:00,
1.125222084,2249396,Janko Tipsarevic,G Dimitrov v Tipsarevic,30,2016-06-13 11:08:46.513,4.7,2016-06-13 15:30:00,
1.125222084,2249396,Janko Tipsarevic,G Dimitrov v Tipsarevic,40,2016-06-13 13:09:53.870,4.6,2016-06-13 16:30:00,
1.125222084,2249396,Janko Tipsarevic,G Dimitrov v Tipsarevic,50,2016-06-13 14:14:52.801,5.0,2016-06-13 16:30:00,
1.125222084,2249396,Janko Tipsarevic,G Dimitrov v Tipsarevic,60,2016-06-13 15:29:55.289,4.5,2016-06-13 17:30:00,
1.125222084,2249396,Janko Tipsarevic,G Dimitrov v Tipsarevic,70,2016-06-14 06:41:00.613,4.7,2016-06-14 12:30:00,
1.125222084,2249396,Janko Tipsarevic,G Dimitrov v Tipsarevic,80,2016-06-14 10:46:04.498,4.8,2016-06-14 13:00:00,
1.125222084,2249396,Janko Tipsarevic,G Dimitrov v Tipsarevic,90,2016-06-14 13:19:59.994,4.5,2016-06-14 14:09:00,
1.125222084,2249396,Janko Tipsarevic,G Dimitrov v Tipsarevic,100,2016-06-14 16:29:01.796,4.5,2016-06-14 16:39:00,
1.125222084,3120169,Grigor Dimitrov,G Dimitrov v Tipsarevic,0,2016-06-12 12:00:22.813,1.21,2016-06-13 12:00:00,
1.125222084,3120169,Grigor Dimitrov,G Dimitrov v Tipsarevic,10,2016-06-12 21:51:20.914,1.21,2016-06-13 15:30:00,
1.125222084,3120169,Grigor Dimitrov,G Dimitrov v Tipsarevic,20,2016-06-13 08:38:31.901,1.24,2016-06-13 15:30:00,
1.125222084,3120169,Grigor Dimitrov,G Dimitrov v Tipsarevic,30,2016-06-13 10:33:58.220,1.28,2016-06-13 15:30:00,
1.125222084,3120169,Grigor Dimitrov,G Dimitrov v Tipsarevic,40,2016-06-13 13:48:03.159,1.25,2016-06-13 16:30:00,
1.125222084,3120169,Grigor Dimitrov,G Dimitrov v Tipsarevic,50,2016-06-13 17:41:24.676,1.27,2016-06-13 19:45:00,
1.125222084,3120169,Grigor Dimitrov,G Dimitrov v Tipsarevic,60,2016-06-13 21:15:21.617,1.26,2016-06-14 12:30:00,
1.125222084,3120169,Grigor Dimitrov,G Dimitrov v Tipsarevic,70,2016-06-14 06:54:28.068,1.25,2016-06-14 12:30:00,
1.125222084,3120169,Grigor Dimitrov,G Dimitrov v Tipsarevic,80,2016-06-14 09:31:37.674,1.29,2016-06-14 12:30:00,
1.125222084,3120169,Grigor Dimitrov,G Dimitrov v Tipsarevic,90,2016-06-14 13:58:20.469,1.3,2016-06-14 14:09:00,
1.125222084,3120169,Grigor Dimitrov,G Dimitrov v Tipsarevic,100,2016-06-14 16:52:04.710,1.26,2016-06-14 16:54:00,
1.1252221,2263560,Sam Querrey,Bautista Agut v Querrey,0,2016-06-11 19:07:05.355,2.24,2016-06-12 12:00:00,
1.1252221,2263560,Sam Querrey,Bautista Agut v Querrey,10,2016-06-12 23:37:13.146,2.22,2016-06-13 12:00:00,
1.1252221,2263560,Sam Querrey,Bautista Agut v Querrey,20,2016-06-13 21:58:47.109,2.02,2016-06-14 10:30:00,
1.1252221,2263560,Sam Querrey,Bautista Agut v Querrey,30,2016-06-14 05:27:57.514,2.0,2016-06-14 10:30:00,
1.1252221,2263560,Sam Querrey,Bautista Agut v Querrey,40,2016-06-14 06:05:03.432,2.1,2016-06-14 10:30:00,
1.1252221,2263560,Sam Querrey,Bautista Agut v Querrey,50,2016-06-14 06:56:56.622,2.04,2016-06-14 10:30:00,
1.1252221,2263560,Sam Querrey,Bautista Agut v Querrey,60,2016-06-14 08:07:40.083,2.06,2016-06-14 10:30:00,
1.1252221,2263560,Sam Querrey,Bautista Agut v Querrey,70,2016-06-14 08:55:02.635,2.04,2016-06-14 10:30:00,
1.1252221,2263560,Sam Querrey,Bautista Agut v Querrey,80,2016-06-14 10:39:05.357,2.04,2016-06-14 10:45:00,
1.1252221,2263560,Sam Querrey,Bautista Agut v Querrey,90,2016-06-14 11:13:49.237,2.12,2016-06-14 12:00:00,
1.1252221,2263560,Sam Querrey,Bautista Agut v Querrey,100,2016-06-14 12:11:46.117,2.1,2016-06-14 12:15:00,
1.1252221,4290403,Roberto Bautista Agut,Bautista Agut v Querrey,0,2016-06-12 01:20:02.653,1.87,2016-06-13 12:00:00,
1.1252221,4290403,Roberto Bautista Agut,Bautista Agut v Querrey,10,2016-06-13 06:11:15.225,1.85,2016-06-14 12:00:00,
1.1252221,4290403,Roberto Bautista Agut,Bautista Agut v Querrey,20,2016-06-13 19:34:30.882,1.88,2016-06-14 10:30:00,
1.1252221,4290403,Roberto Bautista Agut,Bautista Agut v Querrey,30,2016-06-14 04:10:03.658,1.98,2016-06-14 10:30:00,
1.1252221,4290403,Roberto Bautista Agut,Bautista Agut v Querrey,40,2016-06-14 06:07:00.022,1.9,2016-06-14 10:30:00,
1.1252221,4290403,Roberto Bautista Agut,Bautista Agut v Querrey,50,2016-06-14 07:36:54.584,1.9,2016-06-14 10:30:00,
1.1252221,4290403,Roberto Bautista Agut,Bautista Agut v Querrey,60,2016-06-14 08:52:57.871,1.93,2016-06-14 10:30:00,
1.1252221,4290403,Roberto Bautista Agut,Bautista Agut v Querrey,70,2016-06-14 10:23:50.812,1.92,2016-06-14 10:30:00,
1.1252221,4290403,Roberto Bautista Agut,Bautista Agut v Querrey,80,2016-06-14 10:48:03.982,1.94,2016-06-14 11:00:00,
1.1252221,4290403,Roberto Bautista Agut,Bautista Agut v Querrey,90,2016-06-14 11:13:49.237,1.9,2016-06-14 12:00:00,
1.1252221,4290403,Roberto Bautista Agut,Bautista Agut v Querrey,100,2016-06-14 12:07:51.162,1.92,2016-06-14 12:15:00,
1.125222232,2249399,Richard Gasquet,Gasquet v St Johnson,0,2016-06-11 16:55:25.349,1.08,2016-06-12 12:00:00,
1.125222232,2249399,Richard Gasquet,Gasquet v St Johnson,10,2016-06-12 15:04:45.454,1.17,2016-06-13 12:00:00,
1.125222232,2249399,Richard Gasquet,Gasquet v St Johnson,20,2016-06-12 21:25:05.329,1.17,2016-06-13 11:30:00,
1.125222232,2249399,Richard Gasquet,Gasquet v St Johnson,30,2016-06-13 06:14:16.880,1.16,2016-06-13 11:30:00,
1.125222232,2249399,Richard Gasquet,Gasquet v St Johnson,40,2016-06-13 08:08:54.203,1.15,2016-06-13 11:30:00,
1.125222232,2249399,Richard Gasquet,Gasquet v St Johnson,50,2016-06-13 10:08:05.308,1.16,2016-06-13 11:30:00,
1.125222232,2249399,Richard Gasquet,Gasquet v St Johnson,60,2016-06-13 10:49:03.342,1.15,2016-06-13 11:30:00,
1.125222232,2249399,Richard Gasquet,Gasquet v St Johnson,70,2016-06-13 11:32:05.411,1.16,2016-06-13 11:45:00,
1.125222232,2249399,Richard Gasquet,Gasquet v St Johnson,80,2016-06-13 12:00:33.956,1.15,2016-06-13 12:15:00,
1.125222232,2249399,Richard Gasquet,Gasquet v St Johnson,90,2016-06-13 12:15:48.502,1.17,2016-06-13 12:30:00,
1.125222232,2249399,Richard Gasquet,Gasquet v St Johnson,100,2016-06-13 12:34:10.040,1.17,2016-06-13 12:45:00,
1.125222232,4876706,Steve Johnson,Gasquet v St Johnson,0,2016-06-11 23:26:50.146,5.7,2016-06-12 12:00:00,
1.125222232,4876706,Steve Johnson,Gasquet v St Johnson,10,2016-06-12 09:02:35.316,6.0,2016-06-13 12:00:00,
1.125222232,4876706,Steve Johnson,Gasquet v St Johnson,20,2016-06-12 15:04:45.454,7.0,2016-06-13 12:00:00,
1.125222232,4876706,Steve Johnson,Gasquet v St Johnson,30,2016-06-12 21:27:08.864,6.8,2016-06-13 11:30:00,
1.125222232,4876706,Steve Johnson,Gasquet v St Johnson,40,2016-06-13 07:39:07.863,7.8,2016-06-13 11:30:00,
1.125222232,4876706,Steve Johnson,Gasquet v St Johnson,50,2016-06-13 08:38:23.184,7.8,2016-06-13 11:30:00,
1.125222232,4876706,Steve Johnson,Gasquet v St Johnson,60,2016-06-13 09:49:56.555,7.8,2016-06-13 11:30:00,
1.125222232,4876706,Steve Johnson,Gasquet v St Johnson,70,2016-06-13 11:13:58.939,7.4,2016-06-13 11:30:00,
1.125222232,4876706,Steve Johnson,Gasquet v St Johnson,80,2016-06-13 11:21:38.108,7.4,2016-06-13 11:30:00,
1.125222232,4876706,Steve Johnson,Gasquet v St Johnson,90,2016-06-13 11:40:19.802,7.0,2016-06-13 11:45:00,
1.125222232,4876706,Steve Johnson,Gasquet v St Johnson,100,2016-06-13 12:34:10.040,6.8,2016-06-13 12:45:00,
1.125222246,2256509,Andy Murray,A Murray v Mahut,0,2016-06-11 16:54:40.263,1.04,2016-06-12 12:00:00,
1.125222246,2256509,Andy Murray,A Murray v Mahut,10,2016-06-12 21:50:50.951,1.15,2016-06-13 12:00:00,
1.125222246,2256509,Andy Murray,A Murray v Mahut,20,2016-06-13 10:04:39.231,1.13,2016-06-14 12:00:00,
1.125222246,2256509,Andy Murray,A Murray v Mahut,30,2016-06-14 05:22:05.154,1.12,2016-06-14 12:30:00,
1.125222246,2256509,Andy Murray,A Murray v Mahut,40,2016-06-14 08:24:51.801,1.13,2016-06-14 12:30:00,
1.125222246,2256509,Andy Murray,A Murray v Mahut,50,2016-06-14 09:48:32.669,1.13,2016-06-14 12:30:00,
1.125222246,2256509,Andy Murray,A Murray v Mahut,60,2016-06-14 11:27:49.704,1.13,2016-06-14 14:00:00,
1.125222246,2256509,Andy Murray,A Murray v Mahut,70,2016-06-14 12:45:35.753,1.13,2016-06-14 13:53:00,
1.125222246,2256509,Andy Murray,A Murray v Mahut,80,2016-06-14 13:47:03.850,1.13,2016-06-14 13:53:00,
1.125222246,2256509,Andy Murray,A Murray v Mahut,90,2016-06-14 14:59:53.436,1.12,2016-06-14 15:08:00,
1.125222246,2256509,Andy Murray,A Murray v Mahut,100,2016-06-14 16:07:11.461,1.14,2016-06-14 16:08:00,
1.125222246,2257317,Nicolas Mahut,A Murray v Mahut,0,2016-06-12 10:49:45.397,9.4,2016-06-13 12:00:00,
1.125222246,2257317,Nicolas Mahut,A Murray v Mahut,10,2016-06-13 10:33:25.914,8.6,2016-06-14 12:00:00,
1.125222246,2257317,Nicolas Mahut,A Murray v Mahut,20,2016-06-13 21:22:50.099,8.0,2016-06-14 12:30:00,
1.125222246,2257317,Nicolas Mahut,A Murray v Mahut,30,2016-06-14 07:28:11.160,8.8,2016-06-14 12:30:00,
1.125222246,2257317,Nicolas Mahut,A Murray v Mahut,40,2016-06-14 08:21:08.636,8.8,2016-06-14 12:30:00,
1.125222246,2257317,Nicolas Mahut,A Murray v Mahut,50,2016-06-14 10:28:22.847,9.0,2016-06-14 12:30:00,
1.125222246,2257317,Nicolas Mahut,A Murray v Mahut,60,2016-06-14 12:20:42.140,8.8,2016-06-14 13:53:00,
1.125222246,2257317,Nicolas Mahut,A Murray v Mahut,70,2016-06-14 13:01:36.755,9.0,2016-06-14 13:53:00,
1.125222246,2257317,Nicolas Mahut,A Murray v Mahut,80,2016-06-14 13:48:09.188,8.6,2016-06-14 13:53:00,
1.125222246,2257317,Nicolas Mahut,A Murray v Mahut,90,2016-06-14 15:25:09.881,8.8,2016-06-14 15:38:00,
1.125222246,2257317,Nicolas Mahut,A Murray v Mahut,100,2016-06-14 16:07:11.461,8.6,2016-06-14 16:08:00,
1.125222394,3911345,Benoit Paire,Al Bedene v Paire,0,2016-06-12 20:41:18.738,2.16,2016-06-13 12:00:00,
1.125222394,3911345,Benoit Paire,Al Bedene v Paire,10,2016-06-13 06:10:44.076,2.14,2016-06-14 12:00:00,
1.125222394,3911345,Benoit Paire,Al Bedene v Paire,20,2016-06-13 20:57:50.021,2.28,2016-06-14 12:30:00,
1.125222394,3911345,Benoit Paire,Al Bedene v Paire,30,2016-06-14 04:24:10.439,2.3,2016-06-14 12:30:00,
1.125222394,3911345,Benoit Paire,Al Bedene v Paire,40,2016-06-14 06:36:18.774,2.24,2016-06-14 12:30:00,
1.125222394,3911345,Benoit Paire,Al Bedene v Paire,50,2016-06-14 08:16:37.098,2.28,2016-06-14 12:30:00,
1.125222394,3911345,Benoit Paire,Al Bedene v Paire,60,2016-06-14 10:23:40.487,2.38,2016-06-14 12:30:00,
1.125222394,3911345,Benoit Paire,Al Bedene v Paire,70,2016-06-14 13:38:54.423,2.36,2016-06-14 14:14:00,
1.125222394,3911345,Benoit Paire,Al Bedene v Paire,80,2016-06-14 14:26:27.419,2.4,2016-06-14 14:29:00,
1.125222394,3911345,Benoit Paire,Al Bedene v Paire,90,2016-06-14 14:56:29.565,2.42,2016-06-14 14:59:00,
1.125222394,3911345,Benoit Paire,Al Bedene v Paire,100,2016-06-14 17:31:19.441,2.32,2016-06-14 17:33:00,
1.125222394,5706996,Aljaz Bedene,Al Bedene v Paire,0,2016-06-12 07:54:27.668,1.88,2016-06-13 12:00:00,
1.125222394,5706996,Aljaz Bedene,Al Bedene v Paire,10,2016-06-13 06:10:44.076,1.88,2016-06-14 12:00:00,
1.125222394,5706996,Aljaz Bedene,Al Bedene v Paire,20,2016-06-14 02:34:08.206,1.79,2016-06-14 12:30:00,
1.125222394,5706996,Aljaz Bedene,Al Bedene v Paire,30,2016-06-14 08:16:37.098,1.78,2016-06-14 12:30:00,
1.125222394,5706996,Aljaz Bedene,Al Bedene v Paire,40,2016-06-14 09:46:28.341,1.78,2016-06-14 12:30:00,
1.125222394,5706996,Aljaz Bedene,Al Bedene v Paire,50,2016-06-14 11:34:57.981,1.72,2016-06-14 14:00:00,
1.125222394,5706996,Aljaz Bedene,Al Bedene v Paire,60,2016-06-14 12:31:12.756,1.73,2016-06-14 14:14:00,
1.125222394,5706996,Aljaz Bedene,Al Bedene v Paire,70,2016-06-14 13:08:11.782,1.73,2016-06-14 14:14:00,
1.125222394,5706996,Aljaz Bedene,Al Bedene v Paire,80,2016-06-14 15:18:48.424,1.71,2016-06-14 15:29:00,
1.125222394,5706996,Aljaz Bedene,Al Bedene v Paire,90,2016-06-14 16:42:22.370,1.73,2016-06-14 16:44:00,
1.125222394,5706996,Aljaz Bedene,Al Bedene v Paire,100,2016-06-14 17:26:43.290,1.77,2016-06-14 17:29:00,
1.125222408,2256480,Fernando Verdasco,Verdasco v S Wawrinka,0,2016-06-12 12:00:07.439,4.1,2016-06-13 12:00:00,
1.125222408,2256480,Fernando Verdasco,Verdasco v S Wawrinka,10,2016-06-13 12:32:26.961,4.1,2016-06-14 12:00:00,
1.125222408,2256480,Fernando Verdasco,Verdasco v S Wawrinka,20,2016-06-13 21:31:49.583,4.4,2016-06-14 10:30:00,
1.125222408,2256480,Fernando Verdasco,Verdasco v S Wawrinka,30,2016-06-14 07:01:26.990,4.2,2016-06-14 10:30:00,
1.125222408,2256480,Fernando Verdasco,Verdasco v S Wawrinka,40,2016-06-14 07:34:14.974,4.1,2016-06-14 10:30:00,
1.125222408,2256480,Fernando Verdasco,Verdasco v S Wawrinka,50,2016-06-14 08:15:21.185,4.3,2016-06-14 10:30:00,
1.125222408,2256480,Fernando Verdasco,Verdasco v S Wawrinka,60,2016-06-14 10:19:11.424,4.1,2016-06-14 10:30:00,
1.125222408,2256480,Fernando Verdasco,Verdasco v S Wawrinka,70,2016-06-14 10:30:26.450,4.2,2016-06-14 10:45:00,
1.125222408,2256480,Fernando Verdasco,Verdasco v S Wawrinka,80,2016-06-14 10:46:27.443,4.1,2016-06-14 11:00:00,
1.125222408,2256480,Fernando Verdasco,Verdasco v S Wawrinka,90,2016-06-14 10:58:22.031,4.4,2016-06-14 11:00:00,
1.125222408,2256480,Fernando Verdasco,Verdasco v S Wawrinka,100,2016-06-14 11:51:45.082,4.4,2016-06-14 12:00:00,
1.125222408,8597476,Stan Wawrinka,Verdasco v S Wawrinka,0,2016-06-11 16:55:53.409,1.11,2016-06-12 12:00:00,
1.125222408,8597476,Stan Wawrinka,Verdasco v S Wawrinka,10,2016-06-12 17:13:21.713,1.28,2016-06-13 12:00:00,
1.125222408,8597476,Stan Wawrinka,Verdasco v S Wawrinka,20,2016-06-13 12:32:26.961,1.32,2016-06-14 12:00:00,
1.125222408,8597476,Stan Wawrinka,Verdasco v S Wawrinka,30,2016-06-13 21:28:47.419,1.3,2016-06-14 10:30:00,
1.125222408,8597476,Stan Wawrinka,Verdasco v S Wawrinka,40,2016-06-14 05:29:34.284,1.33,2016-06-14 10:30:00,
1.125222408,8597476,Stan Wawrinka,Verdasco v S Wawrinka,50,2016-06-14 08:15:21.185,1.32,2016-06-14 10:30:00,
1.125222408,8597476,Stan Wawrinka,Verdasco v S Wawrinka,60,2016-06-14 09:34:24.392,1.32,2016-06-14 10:30:00,
1.125222408,8597476,Stan Wawrinka,Verdasco v S Wawrinka,70,2016-06-14 10:17:25.439,1.33,2016-06-14 10:30:00,
1.125222408,8597476,Stan Wawrinka,Verdasco v S Wawrinka,80,2016-06-14 10:36:20.336,1.33,2016-06-14 10:45:00,
1.125222408,8597476,Stan Wawrinka,Verdasco v S Wawrinka,90,2016-06-14 11:01:23.515,1.29,2016-06-14 11:15:00,
1.125222408,8597476,Stan Wawrinka,Verdasco v S Wawrinka,100,2016-06-14 11:28:17.405,1.3,2016-06-14 12:00:00,
1.125222424,3103121,Daniel Evans,D Evans v P Mathieu,0,2016-06-12 07:55:09.744,2.58,2016-06-13 12:00:00,
1.125222424,3103121,Daniel Evans,D Evans v P Mathieu,10,2016-06-13 08:17:26.296,2.68,2016-06-13 13:30:00,
1.125222424,3103121,Daniel Evans,D Evans v P Mathieu,20,2016-06-13 11:03:06.038,2.56,2016-06-13 13:30:00,
1.125222424,3103121,Daniel Evans,D Evans v P Mathieu,30,2016-06-13 13:11:11.236,2.58,2016-06-13 14:30:00,
1.125222424,3103121,Daniel Evans,D Evans v P Mathieu,40,2016-06-13 18:25:11.536,2.64,2016-06-13 18:30:00,
1.125222424,3103121,Daniel Evans,D Evans v P Mathieu,50,2016-06-14 08:00:13.770,2.56,2016-06-14 16:30:00,
1.125222424,3103121,Daniel Evans,D Evans v P Mathieu,60,2016-06-14 15:27:22.500,2.6,2016-06-14 19:39:00,
1.125222424,3103121,Daniel Evans,D Evans v P Mathieu,70,2016-06-15 02:54:23.598,2.58,2016-06-15 11:00:00,
1.125222424,3103121,Daniel Evans,D Evans v P Mathieu,80,2016-06-15 09:15:24.271,2.68,2016-06-15 11:00:00,
1.125222424,3103121,Daniel Evans,D Evans v P Mathieu,90,2016-06-15 10:25:12.239,2.68,2016-06-15 11:00:00,
1.125222424,3103121,Daniel Evans,D Evans v P Mathieu,100,2016-06-15 10:54:20.188,2.58,2016-06-15 11:00:00,
1.125222424,8259186,Paul-Henri Mathieu,D Evans v P Mathieu,0,2016-06-12 07:43:13.010,1.63,2016-06-13 12:00:00,
1.125222424,8259186,Paul-Henri Mathieu,D Evans v P Mathieu,10,2016-06-13 08:49:27.383,1.53,2016-06-13 13:30:00,
1.125222424,8259186,Paul-Henri Mathieu,D Evans v P Mathieu,20,2016-06-13 11:19:19.048,1.61,2016-06-13 13:30:00,
1.125222424,8259186,Paul-Henri Mathieu,D Evans v P Mathieu,30,2016-06-13 14:54:22.607,1.64,2016-06-13 15:00:00,
1.125222424,8259186,Paul-Henri Mathieu,D Evans v P Mathieu,40,2016-06-13 16:43:10.057,1.62,2016-06-13 16:45:00,
1.125222424,8259186,Paul-Henri Mathieu,D Evans v P Mathieu,50,2016-06-13 18:25:11.536,1.63,2016-06-13 18:30:00,
1.125222424,8259186,Paul-Henri Mathieu,D Evans v P Mathieu,60,2016-06-14 04:22:54.151,1.65,2016-06-14 16:30:00,
1.125222424,8259186,Paul-Henri Mathieu,D Evans v P Mathieu,70,2016-06-14 14:09:09.389,1.65,2016-06-14 18:09:00,
1.125222424,8259186,Paul-Henri Mathieu,D Evans v P Mathieu,80,2016-06-14 22:07:22.074,1.64,2016-06-15 11:00:00,
1.125222424,8259186,Paul-Henri Mathieu,D Evans v P Mathieu,90,2016-06-15 08:58:02.097,1.62,2016-06-15 11:00:00,
1.125222424,8259186,Paul-Henri Mathieu,D Evans v P Mathieu,100,2016-06-15 10:52:19.801,1.62,2016-06-15 11:00:00,
1.125222556,2248579,Gilles Muller,J Ward v G Muller,0,2016-06-12 09:31:55.143,1.24,2016-06-13 12:00:00,
1.125222556,2248579,Gilles Muller,J Ward v G Muller,10,2016-06-13 06:15:14.803,1.23,2016-06-14 12:00:00,
1.125222556,2248579,Gilles Muller,J Ward v G Muller,20,2016-06-13 11:42:40.705,1.23,2016-06-14 12:00:00,
1.125222556,2248579,Gilles Muller,J Ward v G Muller,30,2016-06-13 18:17:17.459,1.25,2016-06-14 12:00:00,
1.125222556,2248579,Gilles Muller,J Ward v G Muller,40,2016-06-13 20:35:28.591,1.28,2016-06-14 14:30:00,
1.125222556,2248579,Gilles Muller,J Ward v G Muller,50,2016-06-14 07:45:37.369,1.31,2016-06-14 14:30:00,
1.125222556,2248579,Gilles Muller,J Ward v G Muller,60,2016-06-14 12:02:09.716,1.29,2016-06-14 16:15:00,
1.125222556,2248579,Gilles Muller,J Ward v G Muller,70,2016-06-14 12:24:16.097,1.28,2016-06-14 16:14:00,
1.125222556,2248579,Gilles Muller,J Ward v G Muller,80,2016-06-14 14:29:28.010,1.3,2016-06-14 16:29:00,
1.125222556,2248579,Gilles Muller,J Ward v G Muller,90,2016-06-14 15:22:08.463,1.32,2016-06-14 17:29:00,
1.125222556,2248579,Gilles Muller,J Ward v G Muller,100,2016-06-14 16:23:14.265,1.31,2016-06-14 18:29:00,
1.125222556,2370329,James Ward,J Ward v G Muller,0,2016-06-12 12:00:11.658,5.8,2016-06-13 12:00:00,
1.125222556,2370329,James Ward,J Ward v G Muller,10,2016-06-13 12:54:16.402,5.1,2016-06-14 12:00:00,
1.125222556,2370329,James Ward,J Ward v G Muller,20,2016-06-13 12:57:23.282,4.5,2016-06-14 12:00:00,
1.125222556,2370329,James Ward,J Ward v G Muller,30,2016-06-13 18:50:28.019,4.5,2016-06-14 12:00:00,
1.125222556,2370329,James Ward,J Ward v G Muller,40,2016-06-14 08:09:06.906,4.5,2016-06-14 14:30:00,
1.125222556,2370329,James Ward,J Ward v G Muller,50,2016-06-14 09:59:53.166,4.5,2016-06-14 14:30:00,
1.125222556,2370329,James Ward,J Ward v G Muller,60,2016-06-14 12:24:16.097,4.5,2016-06-14 16:14:00,
1.125222556,2370329,James Ward,J Ward v G Muller,70,2016-06-14 13:46:09.466,4.5,2016-06-14 16:14:00,
1.125222556,2370329,James Ward,J Ward v G Muller,80,2016-06-14 14:29:28.010,4.3,2016-06-14 16:29:00,
1.125222556,2370329,James Ward,J Ward v G Muller,90,2016-06-14 15:22:50.982,4.3,2016-06-14 17:29:00,
1.125222556,2370329,James Ward,J Ward v G Muller,100,2016-06-14 17:57:26.829,4.2,2016-06-14 19:31:00,
1.12522257,2249345,Gilles Simon,Edmund v G Simon,0,2016-06-12 07:20:57.943,1.25,2016-06-13 12:00:00,
1.12522257,2249345,Gilles Simon,Edmund v G Simon,10,2016-06-13 20:20:23.911,1.28,2016-06-14 16:30:00,
1.12522257,2249345,Gilles Simon,Edmund v G Simon,20,2016-06-14 08:09:07.317,1.25,2016-06-14 16:30:00,
1.12522257,2249345,Gilles Simon,Edmund v G Simon,30,2016-06-14 11:13:18.275,1.28,2016-06-14 18:00:00,
1.12522257,2249345,Gilles Simon,Edmund v G Simon,40,2016-06-14 13:43:17.511,1.27,2016-06-14 17:53:00,
1.12522257,2249345,Gilles Simon,Edmund v G Simon,50,2016-06-14 20:01:17.684,1.24,2016-06-14 20:12:00,
1.12522257,2249345,Gilles Simon,Edmund v G Simon,60,2016-06-15 00:46:49.518,1.24,2016-06-15 11:00:00,
1.12522257,2249345,Gilles Simon,Edmund v G Simon,70,2016-06-15 06:07:21.920,1.24,2016-06-15 11:00:00,
1.12522257,2249345,Gilles Simon,Edmund v G Simon,80,2016-06-15 09:00:27.064,1.22,2016-06-15 11:00:00,
1.12522257,2249345,Gilles Simon,Edmund v G Simon,90,2016-06-15 09:52:59.308,1.23,2016-06-15 11:00:00,
1.12522257,2249345,Gilles Simon,Edmund v G Simon,100,2016-06-15 10:59:26.365,1.26,2016-06-15 11:00:00,
1.12522257,5626817,Kyle Edmund,Edmund v G Simon,0,2016-06-12 12:00:11.661,4.8,2016-06-13 12:00:00,
1.12522257,5626817,Kyle Edmund,Edmund v G Simon,10,2016-06-14 09:49:32.886,4.8,2016-06-14 16:30:00,
1.12522257,5626817,Kyle Edmund,Edmund v G Simon,20,2016-06-14 17:47:25.418,4.7,2016-06-14 20:05:00,
1.12522257,5626817,Kyle Edmund,Edmund v G Simon,30,2016-06-14 19:57:16.362,4.7,2016-06-14 20:12:00,
1.12522257,5626817,Kyle Edmund,Edmund v G Simon,40,2016-06-15 02:27:45.068,5.2,2016-06-15 11:00:00,
1.12522257,5626817,Kyle Edmund,Edmund v G Simon,50,2016-06-15 05:45:14.783,5.1,2016-06-15 11:00:00,
1.12522257,5626817,Kyle Edmund,Edmund v G Simon,60,2016-06-15 07:25:46.774,5.4,2016-06-15 11:00:00,
1.12522257,5626817,Kyle Edmund,Edmund v G Simon,70,2016-06-15 08:30:26.634,5.4,2016-06-15 11:00:00,
1.12522257,5626817,Kyle Edmund,Edmund v G Simon,80,2016-06-15 09:55:15.613,5.3,2016-06-15 11:00:00,
1.12522257,5626817,Kyle Edmund,Edmund v G Simon,90,2016-06-15 10:30:26.349,5.2,2016-06-15 11:00:00,
1.12522257,5626817,Kyle Edmund,Edmund v G Simon,100,2016-06-15 10:59:26.365,4.8,2016-06-15 11:00:00,
1.125222664,3800907,Madison Keys,Keys v Babos,0,2016-06-12 12:00:11.609,1.33,2016-06-13 12:00:00,
1.125222664,3800907,Madison Keys,Keys v Babos,10,2016-06-13 04:14:06.909,1.33,2016-06-13 10:00:00,
1.125222664,3800907,Madison Keys,Keys v Babos,20,2016-06-13 07:45:46.245,1.34,2016-06-13 10:00:00,
1.125222664,3800907,Madison Keys,Keys v Babos,30,2016-06-13 08:44:26.882,1.32,2016-06-13 10:00:00,
1.125222664,3800907,Madison Keys,Keys v Babos,40,2016-06-13 09:04:47.922,1.32,2016-06-13 10:00:00,
1.125222664,3800907,Madison Keys,Keys v Babos,50,2016-06-13 09:35:37.055,1.36,2016-06-13 10:00:00,
1.125222664,3800907,Madison Keys,Keys v Babos,60,2016-06-13 10:02:32.778,1.37,2016-06-13 10:15:00,
1.125222664,3800907,Madison Keys,Keys v Babos,70,2016-06-13 10:54:15.848,1.36,2016-06-13 11:00:00,
1.125222664,3800907,Madison Keys,Keys v Babos,80,2016-06-13 11:13:11.452,1.38,2016-06-13 11:15:00,
1.125222664,3800907,Madison Keys,Keys v Babos,90,2016-06-13 12:38:27.330,1.37,2016-06-13 12:45:00,
1.125222664,3800907,Madison Keys,Keys v Babos,100,2016-06-13 13:02:58.554,1.37,2016-06-13 13:15:00,
1.125222664,4828174,Timea Babos,Keys v Babos,0,2016-06-12 12:00:11.609,4.1,2016-06-13 12:00:00,
1.125222664,4828174,Timea Babos,Keys v Babos,10,2016-06-13 04:14:06.909,4.1,2016-06-13 10:00:00,
1.125222664,4828174,Timea Babos,Keys v Babos,20,2016-06-13 08:22:17.398,4.0,2016-06-13 10:00:00,
1.125222664,4828174,Timea Babos,Keys v Babos,30,2016-06-13 08:27:17.667,4.3,2016-06-13 10:00:00,
1.125222664,4828174,Timea Babos,Keys v Babos,40,2016-06-13 09:07:36.941,3.85,2016-06-13 10:00:00,
1.125222664,4828174,Timea Babos,Keys v Babos,50,2016-06-13 09:23:54.203,3.8,2016-06-13 10:00:00,
1.125222664,4828174,Timea Babos,Keys v Babos,60,2016-06-13 09:31:31.945,3.8,2016-06-13 10:00:00,
1.125222664,4828174,Timea Babos,Keys v Babos,70,2016-06-13 10:02:32.778,3.65,2016-06-13 10:15:00,
1.125222664,4828174,Timea Babos,Keys v Babos,80,2016-06-13 10:15:37.257,3.65,2016-06-13 10:30:00,
1.125222664,4828174,Timea Babos,Keys v Babos,90,2016-06-13 11:01:36.807,3.6,2016-06-13 11:15:00,
1.125222664,4828174,Timea Babos,Keys v Babos,100,2016-06-13 13:02:58.554,3.7,2016-06-13 13:15:00,
1.125222694,6199453,Karolina Pliskova,Strycova v Ka Pliskova,0,2016-06-13 12:42:22.266,1.66,2016-06-14 12:00:00,
1.125222694,6199453,Karolina Pliskova,Strycova v Ka Pliskova,10,2016-06-13 22:14:26.338,1.69,2016-06-14 10:00:00,
1.125222694,6199453,Karolina Pliskova,Strycova v Ka Pliskova,20,2016-06-13 22:49:08.389,1.66,2016-06-14 10:00:00,
1.125222694,6199453,Karolina Pliskova,Strycova v Ka Pliskova,30,2016-06-14 02:38:36.537,1.7,2016-06-14 10:00:00,
1.125222694,6199453,Karolina Pliskova,Strycova v Ka Pliskova,40,2016-06-14 04:16:24.402,1.68,2016-06-14 10:00:00,
1.125222694,6199453,Karolina Pliskova,Strycova v Ka Pliskova,50,2016-06-14 05:12:22.414,1.69,2016-06-14 10:00:00,
1.125222694,6199453,Karolina Pliskova,Strycova v Ka Pliskova,60,2016-06-14 05:49:05.804,1.69,2016-06-14 10:00:00,
1.125222694,6199453,Karolina Pliskova,Strycova v Ka Pliskova,70,2016-06-14 06:07:36.825,1.68,2016-06-14 10:00:00,
1.125222694,6199453,Karolina Pliskova,Strycova v Ka Pliskova,80,2016-06-14 06:52:22.581,1.71,2016-06-14 10:00:00,
1.125222694,6199453,Karolina Pliskova,Strycova v Ka Pliskova,90,2016-06-14 08:38:15.031,1.71,2016-06-14 10:00:00,
1.125222694,6199453,Karolina Pliskova,Strycova v Ka Pliskova,100,2016-06-14 09:45:15.993,1.67,2016-06-14 10:00:00,
1.125222826,2309522,Caroline Wozniacki,Wozniacki v Wickmayer,0,2016-06-12 21:09:42.132,1.4,2016-06-13 12:00:00,
1.125222826,2309522,Caroline Wozniacki,Wozniacki v Wickmayer,10,2016-06-14 15:20:27.518,1.53,2016-06-14 19:33:00,
1.125222826,2309522,Caroline Wozniacki,Wozniacki v Wickmayer,20,2016-06-15 15:42:51.686,1.58,2016-06-15 15:45:00,
1.125222826,2309522,Caroline Wozniacki,Wozniacki v Wickmayer,30,2016-06-15 17:18:32.564,1.55,2016-06-15 17:30:00,
1.125222826,2309522,Caroline Wozniacki,Wozniacki v Wickmayer,40,2016-06-15 19:42:50.487,1.5,2016-06-16 12:00:00,2016-06-15 17:27:50.916
1.125222826,2309522,Caroline Wozniacki,Wozniacki v Wickmayer,50,2016-06-15 21:53:52.630,1.51,2016-06-16 12:00:00,2016-06-15 17:27:50.916
1.125222826,2309522,Caroline Wozniacki,Wozniacki v Wickmayer,60,2016-06-16 02:39:36.581,1.5,2016-06-16 12:00:00,2016-06-15 17:27:50.916
1.125222826,2309522,Caroline Wozniacki,Wozniacki v Wickmayer,70,2016-06-16 05:52:34.454,1.51,2016-06-16 12:00:00,2016-06-15 17:27:50.916
1.125222826,2309522,Caroline Wozniacki,Wozniacki v Wickmayer,80,2016-06-16 07:42:12.598,1.53,2016-06-16 12:00:00,2016-06-15 17:27:50.916
1.125222826,2309522,Caroline Wozniacki,Wozniacki v Wickmayer,90,2016-06-16 09:48:45.542,1.53,2016-06-16 12:00:00,2016-06-15 17:27:50.916
1.125222826,2309522,Caroline Wozniacki,Wozniacki v Wickmayer,100,2016-06-16 11:37:55.443,1.48,2016-06-16 12:24:00,2016-06-15 17:27:50.916
1.125222826,2386943,Yanina Wickmayer,Wozniacki v Wickmayer,0,2016-06-12 21:44:12.796,3.3,2016-06-13 12:00:00,
1.125222826,2386943,Yanina Wickmayer,Wozniacki v Wickmayer,10,2016-06-14 15:40:25.326,3.0,2016-06-14 19:48:00,
1.125222826,2386943,Yanina Wickmayer,Wozniacki v Wickmayer,20,2016-06-15 15:42:51.686,2.72,2016-06-15 15:45:00,
1.125222826,2386943,Yanina Wickmayer,Wozniacki v Wickmayer,30,2016-06-15 18:27:44.405,2.9,2016-06-16 12:00:00,2016-06-15 17:27:50.916
1.125222826,2386943,Yanina Wickmayer,Wozniacki v Wickmayer,40,2016-06-15 20:02:45.323,3.0,2016-06-16 12:00:00,2016-06-15 17:27:50.916
1.125222826,2386943,Yanina Wickmayer,Wozniacki v Wickmayer,50,2016-06-15 22:13:52.361,3.0,2016-06-16 12:00:00,2016-06-15 17:27:50.916
1.125222826,2386943,Yanina Wickmayer,Wozniacki v Wickmayer,60,2016-06-16 05:24:33.393,3.0,2016-06-16 12:00:00,2016-06-15 17:27:50.916
1.125222826,2386943,Yanina Wickmayer,Wozniacki v Wickmayer,70,2016-06-16 06:57:22.249,2.78,2016-06-16 12:00:00,2016-06-15 17:27:50.916
1.125222826,2386943,Yanina Wickmayer,Wozniacki v Wickmayer,80,2016-06-16 08:58:39.954,2.88,2016-06-16 12:00:00,2016-06-15 17:27:50.916
1.125222826,2386943,Yanina Wickmayer,Wozniacki v Wickmayer,90,2016-06-16 09:53:50.506,2.86,2016-06-16 12:00:00,2016-06-15 17:27:50.916
1.125222826,2386943,Yanina Wickmayer,Wozniacki v Wickmayer,100,2016-06-16 11:15:57.496,3.0,2016-06-16 12:24:00,2016-06-15 17:27:50.916
1.12522284,4174997,Heather Watson,Giorgi v H Watson,0,2016-06-12 22:49:12.447,2.14,2016-06-13 12:00:00,
1.12522284,4174997,Heather Watson,Giorgi v H Watson,10,2016-06-13 07:14:47.688,1.99,2016-06-13 12:00:00,
1.12522284,4174997,Heather Watson,Giorgi v H Watson,20,2016-06-13 08:59:51.812,1.95,2016-06-13 12:00:00,
1.12522284,4174997,Heather Watson,Giorgi v H Watson,30,2016-06-13 10:04:39.965,1.95,2016-06-13 12:15:00,
1.12522284,4174997,Heather Watson,Giorgi v H Watson,40,2016-06-13 10:29:44.885,1.9,2016-06-13 12:45:00,
1.12522284,4174997,Heather Watson,Giorgi v H Watson,50,2016-06-13 11:10:32.720,1.87,2016-06-13 13:15:00,
1.12522284,4174997,Heather Watson,Giorgi v H Watson,60,2016-06-13 12:18:50.450,1.89,2016-06-13 14:30:00,
1.12522284,4174997,Heather Watson,Giorgi v H Watson,70,2016-06-13 14:32:57.347,1.84,2016-06-13 15:01:00,
1.12522284,4174997,Heather Watson,Giorgi v H Watson,80,2016-06-13 14:55:32.198,1.84,2016-06-13 15:01:00,
1.12522284,4174997,Heather Watson,Giorgi v H Watson,90,2016-06-13 15:13:49.747,1.85,2016-06-13 15:16:00,
1.12522284,4174997,Heather Watson,Giorgi v H Watson,100,2016-06-13 15:45:22.236,1.86,2016-06-13 15:46:00,
1.12522284,5619012,Camila Giorgi,Giorgi v H Watson,0,2016-06-12 09:08:16.181,1.96,2016-06-13 12:00:00,
1.12522284,5619012,Camila Giorgi,Giorgi v H Watson,10,2016-06-12 23:31:10.950,1.89,2016-06-13 12:00:00,
1.12522284,5619012,Camila Giorgi,Giorgi v H Watson,20,2016-06-13 06:04:19.712,1.86,2016-06-13 12:00:00,
1.12522284,5619012,Camila Giorgi,Giorgi v H Watson,30,2016-06-13 07:03:11.782,2.0,2016-06-13 12:00:00,
1.12522284,5619012,Camila Giorgi,Giorgi v H Watson,40,2016-06-13 08:25:53.420,2.08,2016-06-13 12:00:00,
1.12522284,5619012,Camila Giorgi,Giorgi v H Watson,50,2016-06-13 09:00:52.133,2.08,2016-06-13 12:00:00,
1.12522284,5619012,Camila Giorgi,Giorgi v H Watson,60,2016-06-13 09:34:47.912,2.12,2016-06-13 12:00:00,
1.12522284,5619012,Camila Giorgi,Giorgi v H Watson,70,2016-06-13 10:29:44.885,2.1,2016-06-13 12:45:00,
1.12522284,5619012,Camila Giorgi,Giorgi v H Watson,80,2016-06-13 11:52:51.124,2.12,2016-06-13 14:00:00,
1.12522284,5619012,Camila Giorgi,Giorgi v H Watson,90,2016-06-13 12:51:15.801,2.18,2016-06-13 15:00:00,
1.12522284,5619012,Camila Giorgi,Giorgi v H Watson,100,2016-06-13 15:45:22.236,2.16,2016-06-13 15:46:00,
1.125222856,8827537,Jelena Ostapenko,Pavlyuchenkova v Ostapenko,0,2016-06-13 02:25:18.856,2.38,2016-06-13 15:30:00,
1.125222856,8827537,Jelena Ostapenko,Pavlyuchenkova v Ostapenko,10,2016-06-13 05:22:11.442,2.16,2016-06-13 15:30:00,
1.125222856,8827537,Jelena Ostapenko,Pavlyuchenkova v Ostapenko,20,2016-06-13 09:11:52.995,2.16,2016-06-13 15:30:00,
1.125222856,8827537,Jelena Ostapenko,Pavlyuchenkova v Ostapenko,30,2016-06-13 09:16:24.080,2.32,2016-06-13 15:30:00,
1.125222856,8827537,Jelena Ostapenko,Pavlyuchenkova v Ostapenko,40,2016-06-13 10:55:31.580,2.2,2016-06-13 15:30:00,
1.125222856,8827537,Jelena Ostapenko,Pavlyuchenkova v Ostapenko,50,2016-06-13 11:08:10.510,2.22,2016-06-13 15:30:00,
1.125222856,8827537,Jelena Ostapenko,Pavlyuchenkova v Ostapenko,60,2016-06-13 13:27:45.812,2.18,2016-06-13 15:30:00,
1.125222856,8827537,Jelena Ostapenko,Pavlyuchenkova v Ostapenko,70,2016-06-13 14:37:08.482,2.2,2016-06-13 15:30:00,
1.125222856,8827537,Jelena Ostapenko,Pavlyuchenkova v Ostapenko,80,2016-06-13 15:10:28.223,2.2,2016-06-13 15:30:00,
1.125222856,8827537,Jelena Ostapenko,Pavlyuchenkova v Ostapenko,90,2016-06-13 15:25:32.939,2.22,2016-06-13 15:30:00,
1.125222856,8827537,Jelena Ostapenko,Pavlyuchenkova v Ostapenko,100,2016-06-13 15:47:52.963,2.1,2016-06-13 16:00:00,
1.125222856,11057836,Anastasia Pavlyuchenkov,Pavlyuchenkova v Ostapenko,0,2016-06-12 20:43:40.801,1.67,2016-06-13 15:30:00,
1.125222856,11057836,Anastasia Pavlyuchenkov,Pavlyuchenkova v Ostapenko,10,2016-06-13 05:50:32.026,1.72,2016-06-13 15:30:00,
1.125222856,11057836,Anastasia Pavlyuchenkov,Pavlyuchenkova v Ostapenko,20,2016-06-13 09:11:52.995,1.85,2016-06-13 15:30:00,
1.125222856,11057836,Anastasia Pavlyuchenkov,Pavlyuchenkova v Ostapenko,30,2016-06-13 09:16:24.080,1.76,2016-06-13 15:30:00,
1.125222856,11057836,Anastasia Pavlyuchenkov,Pavlyuchenkova v Ostapenko,40,2016-06-13 11:08:10.510,1.82,2016-06-13 15:30:00,
1.125222856,11057836,Anastasia Pavlyuchenkov,Pavlyuchenkova v Ostapenko,50,2016-06-13 11:34:52.834,1.84,2016-06-13 15:30:00,
1.125222856,11057836,Anastasia Pavlyuchenkov,Pavlyuchenkova v Ostapenko,60,2016-06-13 12:21:45.594,1.82,2016-06-13 15:30:00,
1.125222856,11057836,Anastasia Pavlyuchenkov,Pavlyuchenkova v Ostapenko,70,2016-06-13 15:06:37.249,1.82,2016-06-13 15:30:00,
1.125222856,11057836,Anastasia Pavlyuchenkov,Pavlyuchenkova v Ostapenko,80,2016-06-13 15:24:53.122,1.81,2016-06-13 15:30:00,
1.125222856,11057836,Anastasia Pavlyuchenkov,Pavlyuchenkova v Ostapenko,90,2016-06-13 15:43:51.313,1.82,2016-06-13 15:45:00,
1.125222856,11057836,Anastasia Pavlyuchenkov,Pavlyuchenkova v Ostapenko,100,2016-06-13 15:46:46.237,1.89,2016-06-13 16:00:00,
1.125222988,3960538,Naomi Broady,Gavrilova v N Broady,0,2016-06-12 20:42:45.313,3.4,2016-06-13 16:00:00,
1.125222988,3960538,Naomi Broady,Gavrilova v N Broady,10,2016-06-13 11:23:15.012,3.0,2016-06-13 18:00:00,
1.125222988,3960538,Naomi Broady,Gavrilova v N Broady,20,2016-06-13 18:18:36.797,2.94,2016-06-14 12:00:00,2016-06-13 17:40:55.637
1.125222988,3960538,Naomi Broady,Gavrilova v N Broady,30,2016-06-13 19:58:55.238,3.1,2016-06-14 12:00:00,2016-06-13 17:40:55.637
1.125222988,3960538,Naomi Broady,Gavrilova v N Broady,40,2016-06-14 00:55:51.374,3.0,2016-06-14 12:00:00,2016-06-13 17:40:55.637
1.125222988,3960538,Naomi Broady,Gavrilova v N Broady,50,2016-06-14 08:37:54.439,3.4,2016-06-14 12:00:00,2016-06-13 17:40:55.637
1.125222988,3960538,Naomi Broady,Gavrilova v N Broady,60,2016-06-14 13:28:55.166,3.4,2016-06-14 13:33:00,2016-06-13 17:40:55.637
1.125222988,3960538,Naomi Broady,Gavrilova v N Broady,70,2016-06-14 19:56:24.380,2.22,2016-06-15 10:00:00,2016-06-13 17:40:55.637
1.125222988,3960538,Naomi Broady,Gavrilova v N Broady,80,2016-06-14 23:53:55.329,2.3,2016-06-15 10:00:00,2016-06-13 17:40:55.637
1.125222988,3960538,Naomi Broady,Gavrilova v N Broady,90,2016-06-15 08:10:37.937,2.38,2016-06-15 10:00:00,2016-06-13 17:40:55.637
1.125222988,3960538,Naomi Broady,Gavrilova v N Broady,100,2016-06-15 13:00:52.763,2.52,2016-06-15 13:15:00,2016-06-13 17:40:55.637
1.125222988,5053424,Daria Gavrilova,Gavrilova v N Broady,0,2016-06-12 20:42:45.313,1.41,2016-06-13 16:00:00,
1.125222988,5053424,Daria Gavrilova,Gavrilova v N Broady,10,2016-06-13 18:22:38.053,1.53,2016-06-14 12:00:00,2016-06-13 17:40:55.637
1.125222988,5053424,Daria Gavrilova,Gavrilova v N Broady,20,2016-06-13 22:16:17.589,1.49,2016-06-14 12:00:00,2016-06-13 17:40:55.637
1.125222988,5053424,Daria Gavrilova,Gavrilova v N Broady,30,2016-06-14 05:48:56.080,1.46,2016-06-14 12:00:00,2016-06-13 17:40:55.637
1.125222988,5053424,Daria Gavrilova,Gavrilova v N Broady,40,2016-06-14 08:59:40.440,1.42,2016-06-14 12:00:00,2016-06-13 17:40:55.637
1.125222988,5053424,Daria Gavrilova,Gavrilova v N Broady,50,2016-06-14 10:52:16.408,1.4,2016-06-14 11:48:00,2016-06-13 17:40:55.637
1.125222988,5053424,Daria Gavrilova,Gavrilova v N Broady,60,2016-06-14 18:34:45.006,1.8,2016-06-15 10:00:00,2016-06-13 17:40:55.637
1.125222988,5053424,Daria Gavrilova,Gavrilova v N Broady,70,2016-06-14 20:57:51.490,1.81,2016-06-15 10:00:00,2016-06-13 17:40:55.637
1.125222988,5053424,Daria Gavrilova,Gavrilova v N Broady,80,2016-06-15 05:19:46.339,1.68,2016-06-15 10:00:00,2016-06-13 17:40:55.637
1.125222988,5053424,Daria Gavrilova,Gavrilova v N Broady,90,2016-06-15 09:39:53.289,1.71,2016-06-15 10:00:00,2016-06-13 17:40:55.637
1.125222988,5053424,Daria Gavrilova,Gavrilova v N Broady,100,2016-06-15 13:00:52.763,1.65,2016-06-15 13:15:00,2016-06-13 17:40:55.637
1.125223001,6324464,Elina Svitolina,SuÁrez Navarro v Svitolina,0,2016-06-13 01:16:47.889,2.2,2016-06-13 14:00:00,
1.125223001,6324464,Elina Svitolina,SuÁrez Navarro v Svitolina,10,2016-06-13 09:35:55.077,2.04,2016-06-13 14:00:00,
1.125223001,6324464,Elina Svitolina,SuÁrez Navarro v Svitolina,20,2016-06-13 10:37:54.972,2.08,2016-06-13 14:45:00,
1.125223001,6324464,Elina Svitolina,SuÁrez Navarro v Svitolina,30,2016-06-13 12:31:35.596,2.0,2016-06-13 16:45:00,
1.125223001,6324464,Elina Svitolina,SuÁrez Navarro v Svitolina,40,2016-06-13 15:14:55.612,2.08,2016-06-13 17:16:00,
1.125223001,6324464,Elina Svitolina,SuÁrez Navarro v Svitolina,50,2016-06-14 11:19:40.659,2.08,2016-06-14 13:48:00,
1.125223001,6324464,Elina Svitolina,SuÁrez Navarro v Svitolina,60,2016-06-14 18:46:54.010,2.6,2016-06-15 10:00:00,2016-06-14 15:49:55.774
1.125223001,6324464,Elina Svitolina,SuÁrez Navarro v Svitolina,70,2016-06-14 21:22:16.597,2.52,2016-06-15 10:00:00,2016-06-14 15:49:55.774
1.125223001,6324464,Elina Svitolina,SuÁrez Navarro v Svitolina,80,2016-06-15 04:57:47.032,2.58,2016-06-15 10:00:00,2016-06-14 15:49:55.774
1.125223001,6324464,Elina Svitolina,SuÁrez Navarro v Svitolina,90,2016-06-15 10:48:45.948,2.48,2016-06-15 11:00:00,2016-06-14 15:49:55.774
1.125223001,6324464,Elina Svitolina,SuÁrez Navarro v Svitolina,100,2016-06-15 13:10:52.838,2.34,2016-06-15 13:15:00,2016-06-14 15:49:55.774
1.125223001,8735953,Carla Suárez Navarro,SuÁrez Navarro v Svitolina,0,2016-06-12 20:48:46.593,1.81,2016-06-13 14:00:00,
1.125223001,8735953,Carla Suárez Navarro,SuÁrez Navarro v Svitolina,10,2016-06-13 10:54:11.963,1.94,2016-06-13 15:00:00,
1.125223001,8735953,Carla Suárez Navarro,SuÁrez Navarro v Svitolina,20,2016-06-13 23:48:13.569,1.92,2016-06-14 14:00:00,
1.125223001,8735953,Carla Suárez Navarro,SuÁrez Navarro v Svitolina,30,2016-06-14 13:05:50.813,1.93,2016-06-14 14:00:00,
1.125223001,8735953,Carla Suárez Navarro,SuÁrez Navarro v Svitolina,40,2016-06-14 18:55:44.960,1.61,2016-06-15 10:00:00,2016-06-14 15:49:55.774
1.125223001,8735953,Carla Suárez Navarro,SuÁrez Navarro v Svitolina,50,2016-06-14 19:49:43.747,1.61,2016-06-15 10:00:00,2016-06-14 15:49:55.774
1.125223001,8735953,Carla Suárez Navarro,SuÁrez Navarro v Svitolina,60,2016-06-14 21:28:06.740,1.67,2016-06-15 10:00:00,2016-06-14 15:49:55.774
1.125223001,8735953,Carla Suárez Navarro,SuÁrez Navarro v Svitolina,70,2016-06-15 06:04:23.995,1.63,2016-06-15 10:00:00,2016-06-14 15:49:55.774
1.125223001,8735953,Carla Suárez Navarro,SuÁrez Navarro v Svitolina,80,2016-06-15 09:10:17.299,1.65,2016-06-15 10:00:00,2016-06-14 15:49:55.774
1.125223001,8735953,Carla Suárez Navarro,SuÁrez Navarro v Svitolina,90,2016-06-15 11:58:24.884,1.63,2016-06-15 12:00:00,2016-06-14 15:49:55.774
1.125223001,8735953,Carla Suárez Navarro,SuÁrez Navarro v Svitolina,100,2016-06-15 13:09:12.737,1.74,2016-06-15 13:15:00,2016-06-14 15:49:55.774
1.125223018,6390244,Belinda Bencic,Bencic v Begu,0,2016-06-12 15:53:56.188,1.45,2016-06-13 12:00:00,
1.125223018,6390244,Belinda Bencic,Bencic v Begu,10,2016-06-13 20:54:45.971,1.49,2016-06-14 16:00:00,
1.125223018,6390244,Belinda Bencic,Bencic v Begu,20,2016-06-14 12:34:56.999,1.49,2016-06-14 14:48:00,
1.125223018,6390244,Belinda Bencic,Bencic v Begu,30,2016-06-14 16:09:38.037,1.48,2016-06-14 18:02:00,
1.125223018,6390244,Belinda Bencic,Bencic v Begu,40,2016-06-14 18:53:55.053,1.48,2016-06-15 10:00:00,
1.125223018,6390244,Belinda Bencic,Bencic v Begu,50,2016-06-15 06:22:39.553,1.45,2016-06-15 10:00:00,
1.125223018,6390244,Belinda Bencic,Bencic v Begu,60,2016-06-15 08:49:50.552,1.43,2016-06-15 10:00:00,
1.125223018,6390244,Belinda Bencic,Bencic v Begu,70,2016-06-15 09:54:51.532,1.42,2016-06-15 10:00:00,
1.125223018,6390244,Belinda Bencic,Bencic v Begu,80,2016-06-15 10:32:34.766,1.43,2016-06-15 10:45:00,
1.125223018,6390244,Belinda Bencic,Bencic v Begu,90,2016-06-15 11:42:33.032,1.42,2016-06-15 11:45:00,
1.125223018,6390244,Belinda Bencic,Bencic v Begu,100,2016-06-15 13:08:57.517,1.45,2016-06-15 13:15:00,
1.125223018,7642289,Irina-Camelia Begu,Bencic v Begu,0,2016-06-12 20:05:37.779,3.1,2016-06-13 12:00:00,
1.125223018,7642289,Irina-Camelia Begu,Bencic v Begu,10,2016-06-14 11:18:50.247,3.0,2016-06-14 15:48:00,
1.125223018,7642289,Irina-Camelia Begu,Bencic v Begu,20,2016-06-14 12:59:47.845,2.96,2016-06-14 15:03:00,
1.125223018,7642289,Irina-Camelia Begu,Bencic v Begu,30,2016-06-14 15:26:56.933,3.1,2016-06-14 17:33:00,
1.125223018,7642289,Irina-Camelia Begu,Bencic v Begu,40,2016-06-14 17:29:57.615,3.05,2016-06-14 18:02:00,
1.125223018,7642289,Irina-Camelia Begu,Bencic v Begu,50,2016-06-14 18:16:44.192,2.98,2016-06-14 18:17:00,
1.125223018,7642289,Irina-Camelia Begu,Bencic v Begu,60,2016-06-14 19:52:56.792,2.94,2016-06-15 10:00:00,
1.125223018,7642289,Irina-Camelia Begu,Bencic v Begu,70,2016-06-15 06:26:44.846,3.2,2016-06-15 10:00:00,
1.125223018,7642289,Irina-Camelia Begu,Bencic v Begu,80,2016-06-15 09:20:53.492,3.3,2016-06-15 10:00:00,
1.125223018,7642289,Irina-Camelia Begu,Bencic v Begu,90,2016-06-15 10:39:57.842,3.15,2016-06-15 10:45:00,
1.125223018,7642289,Irina-Camelia Begu,Bencic v Begu,100,2016-06-15 12:54:56.498,3.35,2016-06-15 13:00:00,
1.125223163,5596561,Johanna Konta,Konta v T Moore,0,2016-06-12 06:22:40.419,1.33,2016-06-13 12:00:00,
1.125223163,5596561,Johanna Konta,Konta v T Moore,10,2016-06-12 19:06:32.982,1.31,2016-06-13 12:00:00,
1.125223163,5596561,Johanna Konta,Konta v T Moore,20,2016-06-12 20:46:56.508,1.33,2016-06-13 12:00:00,
1.125223163,5596561,Johanna Konta,Konta v T Moore,30,2016-06-13 03:43:29.608,1.31,2016-06-13 12:00:00,
1.125223163,5596561,Johanna Konta,Konta v T Moore,40,2016-06-13 07:16:25.443,1.31,2016-06-13 12:00:00,
1.125223163,5596561,Johanna Konta,Konta v T Moore,50,2016-06-13 07:50:35.454,1.32,2016-06-13 12:00:00,
1.125223163,5596561,Johanna Konta,Konta v T Moore,60,2016-06-13 09:39:16.286,1.33,2016-06-13 12:00:00,
1.125223163,5596561,Johanna Konta,Konta v T Moore,70,2016-06-13 10:38:20.026,1.33,2016-06-13 12:00:00,
1.125223163,5596561,Johanna Konta,Konta v T Moore,80,2016-06-13 11:43:57.516,1.34,2016-06-13 12:00:00,
1.125223163,5596561,Johanna Konta,Konta v T Moore,90,2016-06-13 11:46:08.956,1.35,2016-06-13 12:00:00,
1.125223163,5596561,Johanna Konta,Konta v T Moore,100,2016-06-13 11:59:28.511,1.37,2016-06-13 12:00:00,
1.12522318,2411840,Angelique Kerber,S Peng v Kerber,0,2016-06-12 15:24:06.655,1.15,2016-06-13 12:00:00,
1.12522318,2411840,Angelique Kerber,S Peng v Kerber,10,2016-06-13 15:28:58.826,1.15,2016-06-14 12:00:00,
1.12522318,2411840,Angelique Kerber,S Peng v Kerber,20,2016-06-14 03:37:06.897,1.14,2016-06-14 12:00:00,
1.12522318,2411840,Angelique Kerber,S Peng v Kerber,30,2016-06-14 05:47:02.086,1.14,2016-06-14 12:00:00,
1.12522318,2411840,Angelique Kerber,S Peng v Kerber,40,2016-06-14 07:28:51.990,1.14,2016-06-14 12:00:00,
1.12522318,2411840,Angelique Kerber,S Peng v Kerber,50,2016-06-14 08:10:55.797,1.13,2016-06-14 12:00:00,
1.12522318,2411840,Angelique Kerber,S Peng v Kerber,60,2016-06-14 08:42:59.955,1.13,2016-06-14 12:00:00,
1.12522318,2411840,Angelique Kerber,S Peng v Kerber,70,2016-06-14 09:08:45.062,1.13,2016-06-14 12:00:00,
1.12522318,2411840,Angelique Kerber,S Peng v Kerber,80,2016-06-14 09:31:45.416,1.13,2016-06-14 12:00:00,
1.12522318,2411840,Angelique Kerber,S Peng v Kerber,90,2016-06-14 11:11:34.466,1.13,2016-06-14 11:47:00,
1.12522318,2411840,Angelique Kerber,S Peng v Kerber,100,2016-06-14 11:22:49.401,1.12,2016-06-14 11:23:00,
1.125223317,2263577,Agnieszka Radwanska,A Radwanska v Vandeweghe,0,2016-06-12 07:42:13.301,1.44,2016-06-13 12:00:00,
1.125223317,2263577,Agnieszka Radwanska,A Radwanska v Vandeweghe,10,2016-06-14 10:50:05.812,1.49,2016-06-14 13:47:00,
1.125223317,2263577,Agnieszka Radwanska,A Radwanska v Vandeweghe,20,2016-06-14 13:56:12.667,1.48,2016-06-14 14:04:00,
1.125223317,2263577,Agnieszka Radwanska,A Radwanska v Vandeweghe,30,2016-06-14 18:51:13.686,1.54,2016-06-15 12:00:00,2016-06-14 16:56:12.948
1.125223317,2263577,Agnieszka Radwanska,A Radwanska v Vandeweghe,40,2016-06-14 20:48:12.169,1.55,2016-06-15 12:00:00,2016-06-14 16:56:12.948
1.125223317,2263577,Agnieszka Radwanska,A Radwanska v Vandeweghe,50,2016-06-14 22:18:06.210,1.52,2016-06-15 12:00:00,2016-06-14 16:56:12.948
1.125223317,2263577,Agnieszka Radwanska,A Radwanska v Vandeweghe,60,2016-06-15 05:26:37.883,1.52,2016-06-15 12:00:00,2016-06-14 16:56:12.948
1.125223317,2263577,Agnieszka Radwanska,A Radwanska v Vandeweghe,70,2016-06-15 09:08:59.791,1.5,2016-06-15 12:00:00,2016-06-14 16:56:12.948
1.125223317,2263577,Agnieszka Radwanska,A Radwanska v Vandeweghe,80,2016-06-15 11:23:52.900,1.48,2016-06-15 13:30:00,2016-06-14 16:56:12.948
1.125223317,2263577,Agnieszka Radwanska,A Radwanska v Vandeweghe,90,2016-06-15 13:52:35.415,1.48,2016-06-15 15:08:00,2016-06-14 16:56:12.948
1.125223317,2263577,Agnieszka Radwanska,A Radwanska v Vandeweghe,100,2016-06-15 15:00:11.585,1.45,2016-06-15 15:01:00,2016-06-14 16:56:12.948
1.125223317,2328051,Coco Vandeweghe,A Radwanska v Vandeweghe,0,2016-06-12 06:14:45.504,3.1,2016-06-13 12:00:00,
1.125223317,2328051,Coco Vandeweghe,A Radwanska v Vandeweghe,10,2016-06-13 21:51:57.665,3.05,2016-06-14 14:00:00,
1.125223317,2328051,Coco Vandeweghe,A Radwanska v Vandeweghe,20,2016-06-14 13:17:11.174,3.1,2016-06-14 13:19:00,
1.125223317,2328051,Coco Vandeweghe,A Radwanska v Vandeweghe,30,2016-06-14 15:18:02.712,2.96,2016-06-14 15:19:00,
1.125223317,2328051,Coco Vandeweghe,A Radwanska v Vandeweghe,40,2016-06-14 18:51:13.686,2.86,2016-06-15 12:00:00,2016-06-14 16:56:12.948
1.125223317,2328051,Coco Vandeweghe,A Radwanska v Vandeweghe,50,2016-06-14 22:12:12.505,2.94,2016-06-15 12:00:00,2016-06-14 16:56:12.948
1.125223317,2328051,Coco Vandeweghe,A Radwanska v Vandeweghe,60,2016-06-15 07:48:35.815,3.05,2016-06-15 12:00:00,2016-06-14 16:56:12.948
1.125223317,2328051,Coco Vandeweghe,A Radwanska v Vandeweghe,70,2016-06-15 11:55:45.148,3.05,2016-06-15 14:00:00,2016-06-14 16:56:12.948
1.125223317,2328051,Coco Vandeweghe,A Radwanska v Vandeweghe,80,2016-06-15 14:07:48.442,2.96,2016-06-15 15:08:00,2016-06-14 16:56:12.948
1.125223317,2328051,Coco Vandeweghe,A Radwanska v Vandeweghe,90,2016-06-15 14:29:13.768,2.9,2016-06-15 15:08:00,2016-06-14 16:56:12.948
1.125223317,2328051,Coco Vandeweghe,A Radwanska v Vandeweghe,100,2016-06-15 15:00:11.585,3.2,2016-06-15 15:01:00,2016-06-14 16:56:12.948
1.125223426,6199453,Karolina Pliskova,Ka Pliskova v Puig,0,2016-06-11 12:37:55.735,1.51,2016-06-11 13:30:00,
1.125223426,6199453,Karolina Pliskova,Ka Pliskova v Puig,10,2016-06-11 12:42:42.555,1.48,2016-06-11 13:30:00,
1.125223426,6199453,Karolina Pliskova,Ka Pliskova v Puig,20,2016-06-11 12:46:51.756,1.53,2016-06-11 13:30:00,
1.125223426,6199453,Karolina Pliskova,Ka Pliskova v Puig,30,2016-06-11 13:05:32.795,1.51,2016-06-11 13:30:00,
1.125223426,6199453,Karolina Pliskova,Ka Pliskova v Puig,40,2016-06-11 13:14:34.061,1.53,2016-06-11 13:30:00,
1.125223426,6199453,Karolina Pliskova,Ka Pliskova v Puig,50,2016-06-11 13:22:06.876,1.52,2016-06-11 13:30:00,
1.125223426,6199453,Karolina Pliskova,Ka Pliskova v Puig,60,2016-06-11 13:25:57.297,1.53,2016-06-11 13:30:00,
1.125223426,6199453,Karolina Pliskova,Ka Pliskova v Puig,70,2016-06-11 13:29:56.413,1.54,2016-06-11 13:45:00,
1.125223426,6199453,Karolina Pliskova,Ka Pliskova v Puig,80,2016-06-11 13:39:45.728,1.53,2016-06-11 13:45:00,
1.125223426,6199453,Karolina Pliskova,Ka Pliskova v Puig,90,2016-06-11 13:44:03.473,1.54,2016-06-11 13:45:00,
1.125223426,6199453,Karolina Pliskova,Ka Pliskova v Puig,100,2016-06-11 13:44:56.251,1.55,2016-06-11 14:00:00,
1.125223518,7640637,Naomi Osaka,Mchale v N Osaka,0,2016-06-12 07:13:26.643,1.89,2016-06-12 12:00:00,
1.125223518,7640637,Naomi Osaka,Mchale v N Osaka,10,2016-06-12 08:41:39.126,1.76,2016-06-12 12:00:00,
1.125223518,7640637,Naomi Osaka,Mchale v N Osaka,20,2016-06-12 08:43:33.647,2.04,2016-06-12 12:00:00,
1.125223518,7640637,Naomi Osaka,Mchale v N Osaka,30,2016-06-12 10:02:34.340,1.85,2016-06-12 12:15:00,
1.125223518,7640637,Naomi Osaka,Mchale v N Osaka,40,2016-06-12 10:05:48.773,1.85,2016-06-12 12:15:00,
1.125223518,7640637,Naomi Osaka,Mchale v N Osaka,50,2016-06-12 11:17:55.706,1.87,2016-06-12 14:00:00,
1.125223518,7640637,Naomi Osaka,Mchale v N Osaka,60,2016-06-12 11:30:51.144,1.81,2016-06-12 14:00:00,
1.125223518,7640637,Naomi Osaka,Mchale v N Osaka,70,2016-06-12 11:57:32.455,1.81,2016-06-12 14:00:00,
1.125223518,7640637,Naomi Osaka,Mchale v N Osaka,80,2016-06-12 12:46:52.619,1.82,2016-06-12 13:30:00,
1.125223518,7640637,Naomi Osaka,Mchale v N Osaka,90,2016-06-12 13:06:53.305,1.89,2016-06-12 13:30:00,
1.125223518,7640637,Naomi Osaka,Mchale v N Osaka,100,2016-06-12 13:25:55.813,1.9,2016-06-12 13:30:00,
1.125223518,10904456,Christina McHale,Mchale v N Osaka,0,2016-06-12 08:42:35.631,1.97,2016-06-12 12:00:00,
1.125223518,10904456,Christina McHale,Mchale v N Osaka,10,2016-06-12 08:59:54.040,2.1,2016-06-12 12:00:00,
1.125223518,10904456,Christina McHale,Mchale v N Osaka,20,2016-06-12 10:02:34.340,2.16,2016-06-12 12:15:00,
1.125223518,10904456,Christina McHale,Mchale v N Osaka,30,2016-06-12 10:04:54.823,2.18,2016-06-12 12:15:00,
1.125223518,10904456,Christina McHale,Mchale v N Osaka,40,2016-06-12 10:16:49.527,2.16,2016-06-12 12:30:00,
1.125223518,10904456,Christina McHale,Mchale v N Osaka,50,2016-06-12 12:50:41.153,2.1,2016-06-12 13:30:00,
1.125223518,10904456,Christina McHale,Mchale v N Osaka,60,2016-06-12 12:51:55.319,2.12,2016-06-12 13:30:00,
1.125223518,10904456,Christina McHale,Mchale v N Osaka,70,2016-06-12 12:52:31.445,2.1,2016-06-12 13:30:00,
1.125223518,10904456,Christina McHale,Mchale v N Osaka,80,2016-06-12 13:06:53.305,2.12,2016-06-12 13:30:00,
1.125223518,10904456,Christina McHale,Mchale v N Osaka,90,2016-06-12 13:14:49.311,2.1,2016-06-12 13:30:00,
1.125223518,10904456,Christina McHale,Mchale v N Osaka,100,2016-06-12 13:28:00.671,2.1,2016-06-12 13:30:00,
1.125223881,5224084,David Goffin,Coric v Goffin,0,2016-06-12 03:50:38.688,1.47,2016-06-13 12:00:00,
1.125223881,5224084,David Goffin,Coric v Goffin,10,2016-06-12 18:32:32.127,1.25,2016-06-13 12:00:00,
1.125223881,5224084,David Goffin,Coric v Goffin,20,2016-06-13 00:39:59.840,1.25,2016-06-13 12:00:00,
1.125223881,5224084,David Goffin,Coric v Goffin,30,2016-06-13 07:35:40.670,1.25,2016-06-13 12:00:00,
1.125223881,5224084,David Goffin,Coric v Goffin,40,2016-06-13 08:32:51.307,1.23,2016-06-13 12:00:00,
1.125223881,5224084,David Goffin,Coric v Goffin,50,2016-06-13 09:38:34.795,1.23,2016-06-13 12:00:00,
1.125223881,5224084,David Goffin,Coric v Goffin,60,2016-06-13 10:40:30.678,1.23,2016-06-13 11:52:00,
1.125223881,5224084,David Goffin,Coric v Goffin,70,2016-06-13 11:14:03.948,1.25,2016-06-13 11:52:00,
1.125223881,5224084,David Goffin,Coric v Goffin,80,2016-06-13 11:43:37.274,1.25,2016-06-13 11:52:00,
1.125223881,5224084,David Goffin,Coric v Goffin,90,2016-06-13 12:32:40.041,1.25,2016-06-13 12:37:00,
1.125223881,5224084,David Goffin,Coric v Goffin,100,2016-06-13 12:46:40.013,1.25,2016-06-13 12:52:00,
1.125223881,7446579,Borna Coric,Coric v Goffin,0,2016-06-12 12:00:11.609,5.1,2016-06-13 12:00:00,
1.125223881,7446579,Borna Coric,Coric v Goffin,10,2016-06-12 21:39:42.719,5.2,2016-06-13 12:00:00,
1.125223881,7446579,Borna Coric,Coric v Goffin,20,2016-06-12 21:42:36.333,5.0,2016-06-13 12:00:00,
1.125223881,7446579,Borna Coric,Coric v Goffin,30,2016-06-13 08:38:27.195,5.2,2016-06-13 12:00:00,
1.125223881,7446579,Borna Coric,Coric v Goffin,40,2016-06-13 08:54:40.501,5.0,2016-06-13 12:00:00,
1.125223881,7446579,Borna Coric,Coric v Goffin,50,2016-06-13 10:36:38.328,5.2,2016-06-13 11:52:00,
1.125223881,7446579,Borna Coric,Coric v Goffin,60,2016-06-13 11:13:01.294,5.1,2016-06-13 11:52:00,
1.125223881,7446579,Borna Coric,Coric v Goffin,70,2016-06-13 11:33:37.839,5.4,2016-06-13 11:52:00,
1.125223881,7446579,Borna Coric,Coric v Goffin,80,2016-06-13 11:51:31.161,5.2,2016-06-13 11:52:00,
1.125223881,7446579,Borna Coric,Coric v Goffin,90,2016-06-13 12:32:40.041,4.9,2016-06-13 12:37:00,
1.125223881,7446579,Borna Coric,Coric v Goffin,100,2016-06-13 12:49:39.726,4.9,2016-06-13 12:52:00,
1.125223896,5720747,Dominic Thiem,J Sousa v D Thiem,0,2016-06-12 04:41:04.375,1.4,2016-06-13 12:00:00,
1.125223896,5720747,Dominic Thiem,J Sousa v D Thiem,10,2016-06-13 10:10:36.968,1.34,2016-06-14 12:00:00,
1.125223896,5720747,Dominic Thiem,J Sousa v D Thiem,20,2016-06-14 12:16:43.669,1.32,2016-06-15 12:00:00,
1.125223896,5720747,Dominic Thiem,J Sousa v D Thiem,30,2016-06-14 20:33:26.625,1.33,2016-06-15 15:30:00,
1.125223896,5720747,Dominic Thiem,J Sousa v D Thiem,40,2016-06-15 04:53:50.009,1.31,2016-06-15 15:30:00,
1.125223896,5720747,Dominic Thiem,J Sousa v D Thiem,50,2016-06-15 09:06:30.652,1.28,2016-06-15 15:30:00,
1.125223896,5720747,Dominic Thiem,J Sousa v D Thiem,60,2016-06-15 11:35:29.124,1.27,2016-06-15 15:30:00,
1.125223896,5720747,Dominic Thiem,J Sousa v D Thiem,70,2016-06-15 12:53:40.281,1.28,2016-06-15 15:30:00,
1.125223896,5720747,Dominic Thiem,J Sousa v D Thiem,80,2016-06-15 14:14:37.719,1.26,2016-06-15 15:30:00,
1.125223896,5720747,Dominic Thiem,J Sousa v D Thiem,90,2016-06-15 14:45:22.187,1.27,2016-06-15 15:30:00,
1.125223896,5720747,Dominic Thiem,J Sousa v D Thiem,100,2016-06-15 15:19:42.092,1.23,2016-06-15 15:30:00,
1.125223896,7053035,Joao Sousa,J Sousa v D Thiem,0,2016-06-12 04:41:04.375,3.5,2016-06-13 12:00:00,
1.125223896,7053035,Joao Sousa,J Sousa v D Thiem,10,2016-06-14 19:50:35.188,3.85,2016-06-15 15:30:00,
1.125223896,7053035,Joao Sousa,J Sousa v D Thiem,20,2016-06-14 21:04:41.832,3.9,2016-06-15 15:30:00,
1.125223896,7053035,Joao Sousa,J Sousa v D Thiem,30,2016-06-15 00:28:40.527,4.0,2016-06-15 15:30:00,
1.125223896,7053035,Joao Sousa,J Sousa v D Thiem,40,2016-06-15 06:50:55.791,4.5,2016-06-15 15:30:00,
1.125223896,7053035,Joao Sousa,J Sousa v D Thiem,50,2016-06-15 12:00:06.606,4.8,2016-06-15 15:30:00,
1.125223896,7053035,Joao Sousa,J Sousa v D Thiem,60,2016-06-15 13:25:41.098,4.8,2016-06-15 15:30:00,
1.125223896,7053035,Joao Sousa,J Sousa v D Thiem,70,2016-06-15 14:25:42.313,4.8,2016-06-15 15:30:00,
1.125223896,7053035,Joao Sousa,J Sousa v D Thiem,80,2016-06-15 15:09:40.493,5.0,2016-06-15 15:30:00,
1.125223896,7053035,Joao Sousa,J Sousa v D Thiem,90,2016-06-15 15:12:35.153,5.3,2016-06-15 15:30:00,
1.125223896,7053035,Joao Sousa,J Sousa v D Thiem,100,2016-06-15 15:16:31.596,5.4,2016-06-15 15:30:00,
1.125223904,2256469,Marcos Baghdatis,Berdych v M Baghdatis,0,2016-06-13 13:13:38.236,3.7,2016-06-14 12:00:00,
1.125223904,2256469,Marcos Baghdatis,Berdych v M Baghdatis,10,2016-06-13 18:54:47.686,3.6,2016-06-14 14:00:00,
1.125223904,2256469,Marcos Baghdatis,Berdych v M Baghdatis,20,2016-06-13 19:32:23.147,3.7,2016-06-14 14:00:00,
1.125223904,2256469,Marcos Baghdatis,Berdych v M Baghdatis,30,2016-06-13 21:21:00.948,4.1,2016-06-14 14:00:00,
1.125223904,2256469,Marcos Baghdatis,Berdych v M Baghdatis,40,2016-06-13 22:17:40.420,3.75,2016-06-14 14:00:00,
1.125223904,2256469,Marcos Baghdatis,Berdych v M Baghdatis,50,2016-06-14 04:09:24.607,3.7,2016-06-14 14:00:00,
1.125223904,2256469,Marcos Baghdatis,Berdych v M Baghdatis,60,2016-06-14 05:18:47.555,3.75,2016-06-14 14:00:00,
1.125223904,2256469,Marcos Baghdatis,Berdych v M Baghdatis,70,2016-06-14 10:44:25.990,3.85,2016-06-14 13:49:00,
1.125223904,2256469,Marcos Baghdatis,Berdych v M Baghdatis,80,2016-06-14 10:49:02.120,3.9,2016-06-14 13:49:00,
1.125223904,2256469,Marcos Baghdatis,Berdych v M Baghdatis,90,2016-06-14 11:04:25.369,3.75,2016-06-14 13:49:00,
1.125223904,2256469,Marcos Baghdatis,Berdych v M Baghdatis,100,2016-06-14 13:24:39.891,4.0,2016-06-14 13:48:00,
1.125223904,2256470,Tomas Berdych,Berdych v M Baghdatis,0,2016-06-12 09:24:15.366,1.37,2016-06-13 12:00:00,
1.125223904,2256470,Tomas Berdych,Berdych v M Baghdatis,10,2016-06-13 00:06:15.575,1.35,2016-06-13 12:00:00,
1.125223904,2256470,Tomas Berdych,Berdych v M Baghdatis,20,2016-06-13 13:13:38.236,1.37,2016-06-14 12:00:00,
1.125223904,2256470,Tomas Berdych,Berdych v M Baghdatis,30,2016-06-13 21:06:11.433,1.34,2016-06-14 14:00:00,
1.125223904,2256470,Tomas Berdych,Berdych v M Baghdatis,40,2016-06-14 00:03:05.182,1.37,2016-06-14 14:00:00,
1.125223904,2256470,Tomas Berdych,Berdych v M Baghdatis,50,2016-06-14 07:34:00.535,1.36,2016-06-14 14:00:00,
1.125223904,2256470,Tomas Berdych,Berdych v M Baghdatis,60,2016-06-14 08:09:06.852,1.36,2016-06-14 14:00:00,
1.125223904,2256470,Tomas Berdych,Berdych v M Baghdatis,70,2016-06-14 09:28:24.007,1.36,2016-06-14 14:00:00,
1.125223904,2256470,Tomas Berdych,Berdych v M Baghdatis,80,2016-06-14 10:44:25.990,1.35,2016-06-14 13:49:00,
1.125223904,2256470,Tomas Berdych,Berdych v M Baghdatis,90,2016-06-14 11:08:31.301,1.35,2016-06-14 13:49:00,
1.125223904,2256470,Tomas Berdych,Berdych v M Baghdatis,100,2016-06-14 13:24:39.891,1.33,2016-06-14 13:48:00,
1.125224043,2263570,Ivo Karlovic,Karlovic v An Kuznetsov,0,2016-06-12 06:42:23.180,1.52,2016-06-13 12:00:00,
1.125224043,2263570,Ivo Karlovic,Karlovic v An Kuznetsov,10,2016-06-12 23:32:12.598,1.53,2016-06-13 12:00:00,
1.125224043,2263570,Ivo Karlovic,Karlovic v An Kuznetsov,20,2016-06-13 08:26:59.528,1.52,2016-06-14 12:00:00,
1.125224043,2263570,Ivo Karlovic,Karlovic v An Kuznetsov,30,2016-06-13 19:08:33.790,1.5,2016-06-14 12:00:00,
1.125224043,2263570,Ivo Karlovic,Karlovic v An Kuznetsov,40,2016-06-13 21:05:08.629,1.53,2016-06-14 12:00:00,
1.125224043,2263570,Ivo Karlovic,Karlovic v An Kuznetsov,50,2016-06-14 08:32:42.739,1.47,2016-06-14 12:00:00,
1.125224043,2263570,Ivo Karlovic,Karlovic v An Kuznetsov,60,2016-06-14 10:33:13.918,1.47,2016-06-14 12:29:00,
1.125224043,2263570,Ivo Karlovic,Karlovic v An Kuznetsov,70,2016-06-14 11:39:20.534,1.46,2016-06-14 12:29:00,
1.125224043,2263570,Ivo Karlovic,Karlovic v An Kuznetsov,80,2016-06-14 12:33:40.189,1.5,2016-06-14 12:44:00,
1.125224043,2263570,Ivo Karlovic,Karlovic v An Kuznetsov,90,2016-06-14 12:49:33.397,1.47,2016-06-14 12:59:00,
1.125224043,2263570,Ivo Karlovic,Karlovic v An Kuznetsov,100,2016-06-14 13:13:23.754,1.5,2016-06-14 13:14:00,
1.125224043,4257454,Andrey Kuznetsov,Karlovic v An Kuznetsov,0,2016-06-12 12:03:35.825,2.92,2016-06-13 12:00:00,
1.125224043,4257454,Andrey Kuznetsov,Karlovic v An Kuznetsov,10,2016-06-13 13:12:11.559,3.0,2016-06-14 12:00:00,
1.125224043,4257454,Andrey Kuznetsov,Karlovic v An Kuznetsov,20,2016-06-13 19:08:33.790,3.0,2016-06-14 12:00:00,
1.125224043,4257454,Andrey Kuznetsov,Karlovic v An Kuznetsov,30,2016-06-13 22:37:24.986,3.05,2016-06-14 12:00:00,
1.125224043,4257454,Andrey Kuznetsov,Karlovic v An Kuznetsov,40,2016-06-14 07:53:35.547,3.2,2016-06-14 12:00:00,
1.125224043,4257454,Andrey Kuznetsov,Karlovic v An Kuznetsov,50,2016-06-14 11:00:41.054,3.1,2016-06-14 12:29:00,
1.125224043,4257454,Andrey Kuznetsov,Karlovic v An Kuznetsov,60,2016-06-14 11:42:42.627,3.1,2016-06-14 12:29:00,
1.125224043,4257454,Andrey Kuznetsov,Karlovic v An Kuznetsov,70,2016-06-14 12:31:47.370,2.92,2016-06-14 12:44:00,
1.125224043,4257454,Andrey Kuznetsov,Karlovic v An Kuznetsov,80,2016-06-14 12:49:33.397,3.0,2016-06-14 12:59:00,
1.125224043,4257454,Andrey Kuznetsov,Karlovic v An Kuznetsov,90,2016-06-14 12:58:47.033,3.05,2016-06-14 12:59:00,
1.125224043,4257454,Andrey Kuznetsov,Karlovic v An Kuznetsov,100,2016-06-14 13:05:41.955,3.0,2016-06-14 13:14:00,
1.125224052,2257302,Philipp Kohlschreiber,Kohlschreiber v M Granollers,0,2016-06-12 09:30:16.626,1.2,2016-06-13 12:00:00,
1.125224052,2257302,Philipp Kohlschreiber,Kohlschreiber v M Granollers,10,2016-06-13 06:06:18.555,1.2,2016-06-14 12:00:00,
1.125224052,2257302,Philipp Kohlschreiber,Kohlschreiber v M Granollers,20,2016-06-13 12:51:27.554,1.2,2016-06-14 12:00:00,
1.125224052,2257302,Philipp Kohlschreiber,Kohlschreiber v M Granollers,30,2016-06-14 13:46:31.626,1.23,2016-06-15 12:00:00,
1.125224052,2257302,Philipp Kohlschreiber,Kohlschreiber v M Granollers,40,2016-06-14 22:09:29.934,1.18,2016-06-15 10:00:00,
1.125224052,2257302,Philipp Kohlschreiber,Kohlschreiber v M Granollers,50,2016-06-15 02:33:37.707,1.17,2016-06-15 10:00:00,
1.125224052,2257302,Philipp Kohlschreiber,Kohlschreiber v M Granollers,60,2016-06-15 06:27:35.779,1.16,2016-06-15 10:00:00,
1.125224052,2257302,Philipp Kohlschreiber,Kohlschreiber v M Granollers,70,2016-06-15 07:31:12.982,1.16,2016-06-15 10:00:00,
1.125224052,2257302,Philipp Kohlschreiber,Kohlschreiber v M Granollers,80,2016-06-15 08:08:08.932,1.15,2016-06-15 10:00:00,
1.125224052,2257302,Philipp Kohlschreiber,Kohlschreiber v M Granollers,90,2016-06-15 09:03:47.142,1.16,2016-06-15 10:00:00,
1.125224052,2257302,Philipp Kohlschreiber,Kohlschreiber v M Granollers,100,2016-06-15 09:48:42.325,1.16,2016-06-15 10:00:00,
1.125224052,3035263,Marcel Granollers,Kohlschreiber v M Granollers,0,2016-06-12 12:00:11.659,7.8,2016-06-13 12:00:00,
1.125224052,3035263,Marcel Granollers,Kohlschreiber v M Granollers,10,2016-06-13 19:01:14.777,5.5,2016-06-14 12:00:00,
1.125224052,3035263,Marcel Granollers,Kohlschreiber v M Granollers,20,2016-06-14 13:58:33.096,5.3,2016-06-15 12:00:00,
1.125224052,3035263,Marcel Granollers,Kohlschreiber v M Granollers,30,2016-06-14 15:56:20.589,5.4,2016-06-15 12:00:00,
1.125224052,3035263,Marcel Granollers,Kohlschreiber v M Granollers,40,2016-06-14 19:30:26.169,5.1,2016-06-15 10:00:00,
1.125224052,3035263,Marcel Granollers,Kohlschreiber v M Granollers,50,2016-06-14 22:06:40.420,6.2,2016-06-15 10:00:00,
1.125224052,3035263,Marcel Granollers,Kohlschreiber v M Granollers,60,2016-06-15 02:19:45.136,6.4,2016-06-15 10:00:00,
1.125224052,3035263,Marcel Granollers,Kohlschreiber v M Granollers,70,2016-06-15 06:45:43.487,7.2,2016-06-15 10:00:00,
1.125224052,3035263,Marcel Granollers,Kohlschreiber v M Granollers,80,2016-06-15 07:18:44.222,7.0,2016-06-15 10:00:00,
1.125224052,3035263,Marcel Granollers,Kohlschreiber v M Granollers,90,2016-06-15 09:03:47.142,7.4,2016-06-15 10:00:00,
1.125224052,3035263,Marcel Granollers,Kohlschreiber v M Granollers,100,2016-06-15 09:27:47.357,7.0,2016-06-15 10:00:00,
1.125224058,2263624,Viktor Troicki,A Zverev v Troicki,0,2016-06-12 21:01:47.765,2.16,2016-06-13 12:00:00,
1.125224058,2263624,Viktor Troicki,A Zverev v Troicki,10,2016-06-14 00:22:23.171,2.2,2016-06-14 12:00:00,
1.125224058,2263624,Viktor Troicki,A Zverev v Troicki,20,2016-06-14 04:20:10.070,2.2,2016-06-14 12:00:00,
1.125224058,2263624,Viktor Troicki,A Zverev v Troicki,30,2016-06-14 04:58:16.705,2.2,2016-06-14 12:00:00,
1.125224058,2263624,Viktor Troicki,A Zverev v Troicki,40,2016-06-14 06:40:24.644,2.22,2016-06-14 12:00:00,
1.125224058,2263624,Viktor Troicki,A Zverev v Troicki,50,2016-06-14 07:23:05.013,2.24,2016-06-14 12:00:00,
1.125224058,2263624,Viktor Troicki,A Zverev v Troicki,60,2016-06-14 08:34:40.100,2.24,2016-06-14 12:00:00,
1.125224058,2263624,Viktor Troicki,A Zverev v Troicki,70,2016-06-14 10:00:49.029,2.3,2016-06-14 11:49:00,
1.125224058,2263624,Viktor Troicki,A Zverev v Troicki,80,2016-06-14 10:29:21.037,2.3,2016-06-14 11:49:00,
1.125224058,2263624,Viktor Troicki,A Zverev v Troicki,90,2016-06-14 11:16:45.008,2.36,2016-06-14 11:49:00,
1.125224058,2263624,Viktor Troicki,A Zverev v Troicki,100,2016-06-14 11:45:45.797,2.3,2016-06-14 11:48:00,
1.125224058,7430944,Alexander Zverev,A Zverev v Troicki,0,2016-06-12 21:01:47.765,1.86,2016-06-13 12:00:00,
1.125224058,7430944,Alexander Zverev,A Zverev v Troicki,10,2016-06-13 07:07:31.669,1.84,2016-06-14 12:00:00,
1.125224058,7430944,Alexander Zverev,A Zverev v Troicki,20,2016-06-14 00:22:23.171,1.83,2016-06-14 12:00:00,
1.125224058,7430944,Alexander Zverev,A Zverev v Troicki,30,2016-06-14 05:00:59.981,1.82,2016-06-14 12:00:00,
1.125224058,7430944,Alexander Zverev,A Zverev v Troicki,40,2016-06-14 06:39:42.438,1.83,2016-06-14 12:00:00,
1.125224058,7430944,Alexander Zverev,A Zverev v Troicki,50,2016-06-14 07:25:40.007,1.81,2016-06-14 12:00:00,
1.125224058,7430944,Alexander Zverev,A Zverev v Troicki,60,2016-06-14 09:20:56.634,1.79,2016-06-14 12:00:00,
1.125224058,7430944,Alexander Zverev,A Zverev v Troicki,70,2016-06-14 10:06:29.097,1.77,2016-06-14 11:49:00,
1.125224058,7430944,Alexander Zverev,A Zverev v Troicki,80,2016-06-14 11:09:48.377,1.72,2016-06-14 11:49:00,
1.125224058,7430944,Alexander Zverev,A Zverev v Troicki,90,2016-06-14 11:29:20.743,1.77,2016-06-14 11:49:00,
1.125224058,7430944,Alexander Zverev,A Zverev v Troicki,100,2016-06-14 11:45:45.797,1.77,2016-06-14 11:48:00,
1.125224205,2251402,Roger Federer,Federer v Struff,0,2016-06-12 07:08:02.573,1.08,2016-06-13 12:00:00,
1.125224205,2251402,Roger Federer,Federer v Struff,10,2016-06-13 05:04:42.590,1.06,2016-06-14 12:00:00,
1.125224205,2251402,Roger Federer,Federer v Struff,20,2016-06-14 03:36:35.024,1.06,2016-06-15 12:00:00,
1.125224205,2251402,Roger Federer,Federer v Struff,30,2016-06-14 11:47:51.046,1.06,2016-06-15 12:00:00,
1.125224205,2251402,Roger Federer,Federer v Struff,40,2016-06-14 19:22:25.215,1.06,2016-06-15 14:00:00,
1.125224205,2251402,Roger Federer,Federer v Struff,50,2016-06-15 06:57:47.578,1.05,2016-06-15 14:00:00,
1.125224205,2251402,Roger Federer,Federer v Struff,60,2016-06-15 08:33:05.746,1.05,2016-06-15 14:00:00,
1.125224205,2251402,Roger Federer,Federer v Struff,70,2016-06-15 10:54:29.858,1.05,2016-06-15 13:30:00,
1.125224205,2251402,Roger Federer,Federer v Struff,80,2016-06-15 12:34:18.690,1.05,2016-06-15 13:53:00,
1.125224205,2251402,Roger Federer,Federer v Struff,90,2016-06-15 13:18:40.102,1.05,2016-06-15 13:53:00,
1.125224205,2251402,Roger Federer,Federer v Struff,100,2016-06-15 13:36:32.490,1.05,2016-06-15 13:37:00,
1.125224205,8259098,Jan-Lennard Struff,Federer v Struff,0,2016-06-13 05:04:42.590,17.5,2016-06-14 12:00:00,
1.125224205,8259098,Jan-Lennard Struff,Federer v Struff,10,2016-06-14 10:41:08.403,18.5,2016-06-15 12:00:00,
1.125224205,8259098,Jan-Lennard Struff,Federer v Struff,20,2016-06-14 21:07:36.133,18.0,2016-06-15 14:00:00,
1.125224205,8259098,Jan-Lennard Struff,Federer v Struff,30,2016-06-15 03:25:05.276,21.0,2016-06-15 14:00:00,
1.125224205,8259098,Jan-Lennard Struff,Federer v Struff,40,2016-06-15 07:38:53.126,24.0,2016-06-15 14:00:00,
1.125224205,8259098,Jan-Lennard Struff,Federer v Struff,50,2016-06-15 09:28:34.179,26.0,2016-06-15 14:00:00,
1.125224205,8259098,Jan-Lennard Struff,Federer v Struff,60,2016-06-15 11:01:52.142,23.0,2016-06-15 13:30:00,
1.125224205,8259098,Jan-Lennard Struff,Federer v Struff,70,2016-06-15 12:17:46.701,24.0,2016-06-15 13:53:00,
1.125224205,8259098,Jan-Lennard Struff,Federer v Struff,80,2016-06-15 12:59:49.773,23.0,2016-06-15 13:53:00,
1.125224205,8259098,Jan-Lennard Struff,Federer v Struff,90,2016-06-15 13:24:55.076,22.0,2016-06-15 13:37:00,
1.125224205,8259098,Jan-Lennard Struff,Federer v Struff,100,2016-06-15 13:36:32.490,21.0,2016-06-15 13:37:00,
1.125224215,2345099,Paolo Lorenzi,P Lorenzi v Gabashvili,0,2016-06-12 19:50:09.056,3.25,2016-06-13 12:00:00,
1.125224215,2345099,Paolo Lorenzi,P Lorenzi v Gabashvili,10,2016-06-13 00:11:45.543,3.25,2016-06-14 12:00:00,
1.125224215,2345099,Paolo Lorenzi,P Lorenzi v Gabashvili,20,2016-06-13 10:10:36.910,3.4,2016-06-14 12:00:00,
1.125224215,2345099,Paolo Lorenzi,P Lorenzi v Gabashvili,30,2016-06-14 04:07:17.914,3.35,2016-06-15 12:00:00,
1.125224215,2345099,Paolo Lorenzi,P Lorenzi v Gabashvili,40,2016-06-14 13:46:50.458,3.3,2016-06-15 12:00:00,
1.125224215,2345099,Paolo Lorenzi,P Lorenzi v Gabashvili,50,2016-06-14 20:54:26.443,3.3,2016-06-15 10:00:00,
1.125224215,2345099,Paolo Lorenzi,P Lorenzi v Gabashvili,60,2016-06-15 02:26:55.407,3.4,2016-06-15 10:00:00,
1.125224215,2345099,Paolo Lorenzi,P Lorenzi v Gabashvili,70,2016-06-15 04:14:42.033,3.4,2016-06-15 10:00:00,
1.125224215,2345099,Paolo Lorenzi,P Lorenzi v Gabashvili,80,2016-06-15 06:43:29.848,3.45,2016-06-15 10:00:00,
1.125224215,2345099,Paolo Lorenzi,P Lorenzi v Gabashvili,90,2016-06-15 09:03:43.071,3.6,2016-06-15 10:00:00,
1.125224215,2345099,Paolo Lorenzi,P Lorenzi v Gabashvili,100,2016-06-15 09:37:57.692,3.3,2016-06-15 10:00:00,
1.125224215,4877292,Teymuraz Gabashvili,P Lorenzi v Gabashvili,0,2016-06-12 19:50:09.056,1.44,2016-06-13 12:00:00,
1.125224215,4877292,Teymuraz Gabashvili,P Lorenzi v Gabashvili,10,2016-06-13 03:44:49.286,1.42,2016-06-14 12:00:00,
1.125224215,4877292,Teymuraz Gabashvili,P Lorenzi v Gabashvili,20,2016-06-13 10:24:26.944,1.42,2016-06-14 12:00:00,
1.125224215,4877292,Teymuraz Gabashvili,P Lorenzi v Gabashvili,30,2016-06-14 04:07:17.914,1.42,2016-06-15 12:00:00,
1.125224215,4877292,Teymuraz Gabashvili,P Lorenzi v Gabashvili,40,2016-06-14 14:12:47.264,1.41,2016-06-15 12:00:00,
1.125224215,4877292,Teymuraz Gabashvili,P Lorenzi v Gabashvili,50,2016-06-14 23:07:54.983,1.39,2016-06-15 10:00:00,
1.125224215,4877292,Teymuraz Gabashvili,P Lorenzi v Gabashvili,60,2016-06-15 06:45:37.677,1.43,2016-06-15 10:00:00,
1.125224215,4877292,Teymuraz Gabashvili,P Lorenzi v Gabashvili,70,2016-06-15 07:30:41.452,1.41,2016-06-15 10:00:00,
1.125224215,4877292,Teymuraz Gabashvili,P Lorenzi v Gabashvili,80,2016-06-15 08:34:20.831,1.4,2016-06-15 10:00:00,
1.125224215,4877292,Teymuraz Gabashvili,P Lorenzi v Gabashvili,90,2016-06-15 09:11:57.066,1.41,2016-06-15 10:00:00,
1.125224215,4877292,Teymuraz Gabashvili,P Lorenzi v Gabashvili,100,2016-06-15 09:37:57.692,1.44,2016-06-15 10:00:00,
1.125224216,4486603,Dustin Brown,Du Brown v Ramos-Vinolas,0,2016-06-12 04:13:17.424,1.37,2016-06-13 12:00:00,
1.125224216,4486603,Dustin Brown,Du Brown v Ramos-Vinolas,10,2016-06-12 14:13:03.233,1.24,2016-06-13 12:00:00,
1.125224216,4486603,Dustin Brown,Du Brown v Ramos-Vinolas,20,2016-06-13 06:02:33.326,1.28,2016-06-14 12:00:00,
1.125224216,4486603,Dustin Brown,Du Brown v Ramos-Vinolas,30,2016-06-13 23:08:56.903,1.26,2016-06-14 15:30:00,
1.125224216,4486603,Dustin Brown,Du Brown v Ramos-Vinolas,40,2016-06-14 05:31:52.883,1.27,2016-06-14 15:30:00,
1.125224216,4486603,Dustin Brown,Du Brown v Ramos-Vinolas,50,2016-06-14 10:53:49.587,1.27,2016-06-14 15:30:00,
1.125224216,4486603,Dustin Brown,Du Brown v Ramos-Vinolas,60,2016-06-14 12:37:56.625,1.28,2016-06-14 15:30:00,
1.125224216,4486603,Dustin Brown,Du Brown v Ramos-Vinolas,70,2016-06-14 14:35:48.493,1.28,2016-06-14 15:30:00,
1.125224216,4486603,Dustin Brown,Du Brown v Ramos-Vinolas,80,2016-06-14 15:10:57.088,1.29,2016-06-14 15:30:00,
1.125224216,4486603,Dustin Brown,Du Brown v Ramos-Vinolas,90,2016-06-14 15:30:06.331,1.3,2016-06-14 15:45:00,
1.125224216,4486603,Dustin Brown,Du Brown v Ramos-Vinolas,100,2016-06-14 15:48:56.892,1.29,2016-06-14 16:00:00,
1.125224216,8621877,Albert Ramos-Vinolas,Du Brown v Ramos-Vinolas,0,2016-06-12 04:13:17.424,3.75,2016-06-13 12:00:00,
1.125224216,8621877,Albert Ramos-Vinolas,Du Brown v Ramos-Vinolas,10,2016-06-12 12:00:11.658,5.2,2016-06-13 12:00:00,
1.125224216,8621877,Albert Ramos-Vinolas,Du Brown v Ramos-Vinolas,20,2016-06-14 02:21:48.484,4.8,2016-06-14 15:30:00,
1.125224216,8621877,Albert Ramos-Vinolas,Du Brown v Ramos-Vinolas,30,2016-06-14 09:58:59.561,4.6,2016-06-14 15:30:00,
1.125224216,8621877,Albert Ramos-Vinolas,Du Brown v Ramos-Vinolas,40,2016-06-14 13:03:10.273,4.6,2016-06-14 15:30:00,
1.125224216,8621877,Albert Ramos-Vinolas,Du Brown v Ramos-Vinolas,50,2016-06-14 14:21:14.296,4.3,2016-06-14 15:30:00,
1.125224216,8621877,Albert Ramos-Vinolas,Du Brown v Ramos-Vinolas,60,2016-06-14 14:55:48.293,4.5,2016-06-14 15:30:00,
1.125224216,8621877,Albert Ramos-Vinolas,Du Brown v Ramos-Vinolas,70,2016-06-14 15:17:14.434,4.2,2016-06-14 15:30:00,
1.125224216,8621877,Albert Ramos-Vinolas,Du Brown v Ramos-Vinolas,80,2016-06-14 15:34:57.038,4.2,2016-06-14 15:45:00,
1.125224216,8621877,Albert Ramos-Vinolas,Du Brown v Ramos-Vinolas,90,2016-06-14 15:38:56.557,4.5,2016-06-14 15:45:00,
1.125224216,8621877,Albert Ramos-Vinolas,Du Brown v Ramos-Vinolas,100,2016-06-14 15:42:57.320,4.5,2016-06-14 15:45:00,
1.125224367,2257314,David Ferrer,D Ferrer v Seppi,0,2016-06-12 14:15:19.604,1.4,2016-06-13 12:00:00,
1.125224367,2257314,David Ferrer,D Ferrer v Seppi,10,2016-06-13 03:29:51.254,1.35,2016-06-13 15:30:00,
1.125224367,2257314,David Ferrer,D Ferrer v Seppi,20,2016-06-13 08:07:44.547,1.33,2016-06-13 15:30:00,
1.125224367,2257314,David Ferrer,D Ferrer v Seppi,30,2016-06-13 10:38:48.376,1.35,2016-06-13 15:30:00,
1.125224367,2257314,David Ferrer,D Ferrer v Seppi,40,2016-06-13 11:30:09.118,1.35,2016-06-13 15:30:00,
1.125224367,2257314,David Ferrer,D Ferrer v Seppi,50,2016-06-13 13:13:50.663,1.36,2016-06-13 15:30:00,
1.125224367,2257314,David Ferrer,D Ferrer v Seppi,60,2016-06-13 15:11:55.640,1.33,2016-06-13 15:30:00,
1.125224367,2257314,David Ferrer,D Ferrer v Seppi,70,2016-06-13 15:48:59.769,1.35,2016-06-13 16:00:00,
1.125224367,2257314,David Ferrer,D Ferrer v Seppi,80,2016-06-13 16:35:37.863,1.38,2016-06-13 16:45:00,
1.125224367,2257314,David Ferrer,D Ferrer v Seppi,90,2016-06-13 17:23:05.478,1.39,2016-06-13 17:30:00,
1.125224367,2257314,David Ferrer,D Ferrer v Seppi,100,2016-06-13 17:43:51.005,1.38,2016-06-13 17:45:00,
1.125224367,2257535,Andreas Seppi,D Ferrer v Seppi,0,2016-06-12 21:50:00.673,3.65,2016-06-13 15:30:00,
1.125224367,2257535,Andreas Seppi,D Ferrer v Seppi,10,2016-06-13 02:47:07.117,3.75,2016-06-13 15:30:00,
1.125224367,2257535,Andreas Seppi,D Ferrer v Seppi,20,2016-06-13 05:27:07.018,3.9,2016-06-13 15:30:00,
1.125224367,2257535,Andreas Seppi,D Ferrer v Seppi,30,2016-06-13 05:42:34.503,3.85,2016-06-13 15:30:00,
1.125224367,2257535,Andreas Seppi,D Ferrer v Seppi,40,2016-06-13 08:14:37.574,3.95,2016-06-13 15:30:00,
1.125224367,2257535,Andreas Seppi,D Ferrer v Seppi,50,2016-06-13 10:32:23.545,3.95,2016-06-13 15:30:00,
1.125224367,2257535,Andreas Seppi,D Ferrer v Seppi,60,2016-06-13 12:16:07.332,3.75,2016-06-13 15:30:00,
1.125224367,2257535,Andreas Seppi,D Ferrer v Seppi,70,2016-06-13 15:11:55.640,3.9,2016-06-13 15:30:00,
1.125224367,2257535,Andreas Seppi,D Ferrer v Seppi,80,2016-06-13 15:48:59.769,3.85,2016-06-13 16:00:00,
1.125224367,2257535,Andreas Seppi,D Ferrer v Seppi,90,2016-06-13 16:27:44.505,3.6,2016-06-13 16:30:00,
1.125224367,2257535,Andreas Seppi,D Ferrer v Seppi,100,2016-06-13 17:43:06.668,3.7,2016-06-13 17:45:00,
1.125224382,2923248,Ricardas Berankis,Berankis v Jaziri,0,2016-06-12 03:57:47.082,1.54,2016-06-13 12:00:00,
1.125224382,2923248,Ricardas Berankis,Berankis v Jaziri,10,2016-06-13 03:41:10.239,1.63,2016-06-14 12:00:00,
1.125224382,2923248,Ricardas Berankis,Berankis v Jaziri,20,2016-06-13 20:26:21.261,1.64,2016-06-14 10:00:00,
1.125224382,2923248,Ricardas Berankis,Berankis v Jaziri,30,2016-06-14 05:13:56.970,1.65,2016-06-14 10:00:00,
1.125224382,2923248,Ricardas Berankis,Berankis v Jaziri,40,2016-06-14 07:28:46.408,1.65,2016-06-14 10:00:00,
1.125224382,2923248,Ricardas Berankis,Berankis v Jaziri,50,2016-06-14 08:26:32.518,1.68,2016-06-14 10:00:00,
1.125224382,2923248,Ricardas Berankis,Berankis v Jaziri,60,2016-06-14 08:36:09.904,1.67,2016-06-14 10:00:00,
1.125224382,2923248,Ricardas Berankis,Berankis v Jaziri,70,2016-06-14 09:34:45.711,1.64,2016-06-14 10:00:00,
1.125224382,2923248,Ricardas Berankis,Berankis v Jaziri,80,2016-06-14 09:55:04.080,1.63,2016-06-14 10:00:00,
1.125224382,2923248,Ricardas Berankis,Berankis v Jaziri,90,2016-06-14 10:04:58.889,1.64,2016-06-14 10:15:00,
1.125224382,2923248,Ricardas Berankis,Berankis v Jaziri,100,2016-06-14 10:19:45.711,1.63,2016-06-14 10:30:00,
1.125224382,5776215,Malek Jaziri,Berankis v Jaziri,0,2016-06-12 03:57:47.082,2.84,2016-06-13 12:00:00,
1.125224382,5776215,Malek Jaziri,Berankis v Jaziri,10,2016-06-12 07:53:55.454,2.64,2016-06-13 12:00:00,
1.125224382,5776215,Malek Jaziri,Berankis v Jaziri,20,2016-06-13 20:26:21.261,2.54,2016-06-14 10:00:00,
1.125224382,5776215,Malek Jaziri,Berankis v Jaziri,30,2016-06-14 07:21:02.353,2.58,2016-06-14 10:00:00,
1.125224382,5776215,Malek Jaziri,Berankis v Jaziri,40,2016-06-14 08:05:10.307,2.5,2016-06-14 10:00:00,
1.125224382,5776215,Malek Jaziri,Berankis v Jaziri,50,2016-06-14 08:28:16.923,2.48,2016-06-14 10:00:00,
1.125224382,5776215,Malek Jaziri,Berankis v Jaziri,60,2016-06-14 09:23:35.303,2.58,2016-06-14 10:00:00,
1.125224382,5776215,Malek Jaziri,Berankis v Jaziri,70,2016-06-14 09:48:06.010,2.56,2016-06-14 10:00:00,
1.125224382,5776215,Malek Jaziri,Berankis v Jaziri,80,2016-06-14 10:08:07.643,2.64,2016-06-14 10:15:00,
1.125224382,5776215,Malek Jaziri,Berankis v Jaziri,90,2016-06-14 10:11:56.117,2.64,2016-06-14 10:15:00,
1.125224382,5776215,Malek Jaziri,Berankis v Jaziri,100,2016-06-14 10:22:09.751,2.64,2016-06-14 10:30:00,
1.125224383,2249400,Florian Mayer,Br Baker v F Mayer,0,2016-06-12 12:00:11.717,1.2,2016-06-13 12:00:00,
1.125224383,2249400,Florian Mayer,Br Baker v F Mayer,10,2016-06-13 06:00:46.158,1.23,2016-06-14 12:00:00,
1.125224383,2249400,Florian Mayer,Br Baker v F Mayer,20,2016-06-13 16:16:13.914,1.22,2016-06-14 12:00:00,
1.125224383,2249400,Florian Mayer,Br Baker v F Mayer,30,2016-06-13 22:14:58.657,1.2,2016-06-14 10:00:00,
1.125224383,2249400,Florian Mayer,Br Baker v F Mayer,40,2016-06-14 04:36:33.668,1.2,2016-06-14 10:00:00,
1.125224383,2249400,Florian Mayer,Br Baker v F Mayer,50,2016-06-14 07:05:50.218,1.19,2016-06-14 10:00:00,
1.125224383,2249400,Florian Mayer,Br Baker v F Mayer,60,2016-06-14 08:27:33.611,1.2,2016-06-14 10:00:00,
1.125224383,2249400,Florian Mayer,Br Baker v F Mayer,70,2016-06-14 08:52:07.198,1.19,2016-06-14 10:00:00,
1.125224383,2249400,Florian Mayer,Br Baker v F Mayer,80,2016-06-14 09:15:25.775,1.2,2016-06-14 10:00:00,
1.125224383,2249400,Florian Mayer,Br Baker v F Mayer,90,2016-06-14 09:32:10.086,1.19,2016-06-14 10:00:00,
1.125224383,2249400,Florian Mayer,Br Baker v F Mayer,100,2016-06-14 09:47:59.456,1.19,2016-06-14 10:00:00,
1.125224383,6391947,Brian Baker,Br Baker v F Mayer,0,2016-06-12 12:00:11.717,6.0,2016-06-13 12:00:00,
1.125224383,6391947,Brian Baker,Br Baker v F Mayer,10,2016-06-13 18:55:38.226,5.3,2016-06-14 10:00:00,
1.125224383,6391947,Brian Baker,Br Baker v F Mayer,20,2016-06-13 22:14:58.657,5.8,2016-06-14 10:00:00,
1.125224383,6391947,Brian Baker,Br Baker v F Mayer,30,2016-06-14 02:26:09.111,5.5,2016-06-14 10:00:00,
1.125224383,6391947,Brian Baker,Br Baker v F Mayer,40,2016-06-14 05:55:05.146,5.7,2016-06-14 10:00:00,
1.125224383,6391947,Brian Baker,Br Baker v F Mayer,50,2016-06-14 06:11:26.273,5.6,2016-06-14 10:00:00,
1.125224383,6391947,Brian Baker,Br Baker v F Mayer,60,2016-06-14 07:03:47.960,6.2,2016-06-14 10:00:00,
1.125224383,6391947,Brian Baker,Br Baker v F Mayer,70,2016-06-14 07:10:05.681,5.9,2016-06-14 10:00:00,
1.125224383,6391947,Brian Baker,Br Baker v F Mayer,80,2016-06-14 08:30:53.447,5.9,2016-06-14 10:00:00,
1.125224383,6391947,Brian Baker,Br Baker v F Mayer,90,2016-06-14 08:40:07.770,6.0,2016-06-14 10:00:00,
1.125224383,6391947,Brian Baker,Br Baker v F Mayer,100,2016-06-14 09:39:53.505,6.0,2016-06-14 10:00:00,
1.12522453,2483001,Kei Nishikori,Pouille v Nishikori,0,2016-06-12 05:56:51.019,1.12,2016-06-13 12:00:00,
1.12522453,2483001,Kei Nishikori,Pouille v Nishikori,10,2016-06-12 20:21:12.555,1.08,2016-06-13 10:00:00,
1.12522453,2483001,Kei Nishikori,Pouille v Nishikori,20,2016-06-12 21:51:46.144,1.07,2016-06-13 10:00:00,
1.12522453,2483001,Kei Nishikori,Pouille v Nishikori,30,2016-06-13 00:39:17.840,1.09,2016-06-13 10:00:00,
1.12522453,2483001,Kei Nishikori,Pouille v Nishikori,40,2016-06-13 06:08:01.782,1.08,2016-06-13 10:00:00,
1.12522453,2483001,Kei Nishikori,Pouille v Nishikori,50,2016-06-13 07:20:07.993,1.08,2016-06-13 10:00:00,
1.12522453,2483001,Kei Nishikori,Pouille v Nishikori,60,2016-06-13 07:36:00.371,1.09,2016-06-13 10:00:00,
1.12522453,2483001,Kei Nishikori,Pouille v Nishikori,70,2016-06-13 08:26:49.132,1.08,2016-06-13 10:00:00,
1.12522453,2483001,Kei Nishikori,Pouille v Nishikori,80,2016-06-13 09:23:42.375,1.08,2016-06-13 10:00:00,
1.12522453,2483001,Kei Nishikori,Pouille v Nishikori,90,2016-06-13 09:36:48.911,1.07,2016-06-13 10:00:00,
1.12522453,2483001,Kei Nishikori,Pouille v Nishikori,100,2016-06-13 09:54:11.819,1.07,2016-06-13 10:00:00,
1.12522453,7031400,Lucas Pouille,Pouille v Nishikori,0,2016-06-12 20:23:57.198,13.0,2016-06-13 10:00:00,
1.12522453,7031400,Lucas Pouille,Pouille v Nishikori,10,2016-06-12 21:54:48.255,13.5,2016-06-13 10:00:00,
1.12522453,7031400,Lucas Pouille,Pouille v Nishikori,20,2016-06-12 22:52:07.635,12.0,2016-06-13 10:00:00,
1.12522453,7031400,Lucas Pouille,Pouille v Nishikori,30,2016-06-13 03:30:44.849,12.5,2016-06-13 10:00:00,
1.12522453,7031400,Lucas Pouille,Pouille v Nishikori,40,2016-06-13 03:38:51.438,13.5,2016-06-13 10:00:00,
1.12522453,7031400,Lucas Pouille,Pouille v Nishikori,50,2016-06-13 06:08:51.121,14.0,2016-06-13 10:00:00,
1.12522453,7031400,Lucas Pouille,Pouille v Nishikori,60,2016-06-13 07:08:01.515,13.0,2016-06-13 10:00:00,
1.12522453,7031400,Lucas Pouille,Pouille v Nishikori,70,2016-06-13 07:08:45.281,12.5,2016-06-13 10:00:00,
1.12522453,7031400,Lucas Pouille,Pouille v Nishikori,80,2016-06-13 07:30:36.212,13.5,2016-06-13 10:00:00,
1.12522453,7031400,Lucas Pouille,Pouille v Nishikori,90,2016-06-13 09:50:48.457,14.0,2016-06-13 10:00:00,
1.12522453,7031400,Lucas Pouille,Pouille v Nishikori,100,2016-06-13 09:51:46.690,13.5,2016-06-13 10:00:00,
1.125224836,2257536,Ernests Gulbis,Gulbis v Gojowczyk,0,2016-06-12 00:12:35.651,1.46,2016-06-12 13:00:00,
1.125224836,2257536,Ernests Gulbis,Gulbis v Gojowczyk,10,2016-06-12 05:18:13.490,1.45,2016-06-12 13:00:00,
1.125224836,2257536,Ernests Gulbis,Gulbis v Gojowczyk,20,2016-06-12 07:42:58.178,1.42,2016-06-12 13:00:00,
1.125224836,2257536,Ernests Gulbis,Gulbis v Gojowczyk,30,2016-06-12 08:43:40.593,1.42,2016-06-12 13:00:00,
1.125224836,2257536,Ernests Gulbis,Gulbis v Gojowczyk,40,2016-06-12 08:59:24.545,1.33,2016-06-12 13:00:00,
1.125224836,2257536,Ernests Gulbis,Gulbis v Gojowczyk,50,2016-06-12 09:07:32.825,1.37,2016-06-12 13:00:00,
1.125224836,2257536,Ernests Gulbis,Gulbis v Gojowczyk,60,2016-06-12 09:14:03.960,1.41,2016-06-12 13:00:00,
1.125224836,2257536,Ernests Gulbis,Gulbis v Gojowczyk,70,2016-06-12 10:27:04.202,1.42,2016-06-12 13:00:00,
1.125224836,2257536,Ernests Gulbis,Gulbis v Gojowczyk,80,2016-06-12 10:56:31.646,1.42,2016-06-12 13:00:00,
1.125224836,2257536,Ernests Gulbis,Gulbis v Gojowczyk,90,2016-06-12 11:39:09.245,1.43,2016-06-12 13:00:00,
1.125224836,2257536,Ernests Gulbis,Gulbis v Gojowczyk,100,2016-06-12 12:45:12.878,1.41,2016-06-12 13:00:00,
1.125224851,2284304,Sergiy Stakhovsky,R Ram v Stakhovsky,0,2016-06-12 00:11:41.820,1.68,2016-06-12 11:00:00,
1.125224851,2284304,Sergiy Stakhovsky,R Ram v Stakhovsky,10,2016-06-12 05:39:44.256,1.67,2016-06-12 11:00:00,
1.125224851,2284304,Sergiy Stakhovsky,R Ram v Stakhovsky,20,2016-06-12 08:27:35.793,1.68,2016-06-12 11:00:00,
1.125224851,2284304,Sergiy Stakhovsky,R Ram v Stakhovsky,30,2016-06-12 08:31:40.837,1.64,2016-06-12 11:00:00,
1.125224851,2284304,Sergiy Stakhovsky,R Ram v Stakhovsky,40,2016-06-12 09:07:23.092,1.63,2016-06-12 10:49:00,
1.125224851,2284304,Sergiy Stakhovsky,R Ram v Stakhovsky,50,2016-06-12 09:18:44.791,1.62,2016-06-12 10:49:00,
1.125224851,2284304,Sergiy Stakhovsky,R Ram v Stakhovsky,60,2016-06-12 09:20:28.945,1.66,2016-06-12 10:49:00,
1.125224851,2284304,Sergiy Stakhovsky,R Ram v Stakhovsky,70,2016-06-12 09:23:36.018,1.69,2016-06-12 10:49:00,
1.125224851,2284304,Sergiy Stakhovsky,R Ram v Stakhovsky,80,2016-06-12 09:38:34.312,1.64,2016-06-12 10:49:00,
1.125224851,2284304,Sergiy Stakhovsky,R Ram v Stakhovsky,90,2016-06-12 09:57:23.926,1.63,2016-06-12 10:49:00,
1.125224851,2284304,Sergiy Stakhovsky,R Ram v Stakhovsky,100,2016-06-12 10:10:43.461,1.69,2016-06-12 10:12:00,
1.125224866,5829494,Alessandro Giannessi,Kicker v Giannessi,0,2016-06-13 11:44:52.414,2.08,2016-06-14 12:00:00,
1.125224866,5829494,Alessandro Giannessi,Kicker v Giannessi,10,2016-06-13 11:50:03.435,2.02,2016-06-14 12:00:00,
1.125224866,5829494,Alessandro Giannessi,Kicker v Giannessi,20,2016-06-14 07:55:26.113,2.06,2016-06-14 13:00:00,
1.125224866,5829494,Alessandro Giannessi,Kicker v Giannessi,30,2016-06-14 10:57:49.854,2.0,2016-06-14 13:10:00,
1.125224866,5829494,Alessandro Giannessi,Kicker v Giannessi,40,2016-06-14 11:05:52.862,1.98,2016-06-14 13:10:00,
1.125224866,5829494,Alessandro Giannessi,Kicker v Giannessi,50,2016-06-14 12:52:41.036,2.02,2016-06-14 13:29:00,
1.125224866,5829494,Alessandro Giannessi,Kicker v Giannessi,60,2016-06-14 13:19:52.025,2.0,2016-06-14 13:29:00,
1.125224866,5829494,Alessandro Giannessi,Kicker v Giannessi,70,2016-06-14 20:52:46.197,1.86,2016-06-15 09:00:00,
1.125224866,5829494,Alessandro Giannessi,Kicker v Giannessi,80,2016-06-15 05:53:48.673,1.92,2016-06-15 09:00:00,
1.125224866,5829494,Alessandro Giannessi,Kicker v Giannessi,90,2016-06-15 07:45:51.502,1.87,2016-06-15 09:00:00,
1.125224866,5829494,Alessandro Giannessi,Kicker v Giannessi,100,2016-06-15 08:53:49.317,1.84,2016-06-15 09:00:00,
1.125224866,8326744,Nicolas Kicker,Kicker v Giannessi,0,2016-06-13 11:41:37.692,1.92,2016-06-14 12:00:00,
1.125224866,8326744,Nicolas Kicker,Kicker v Giannessi,10,2016-06-13 11:50:03.435,1.98,2016-06-14 12:00:00,
1.125224866,8326744,Nicolas Kicker,Kicker v Giannessi,20,2016-06-14 07:55:26.113,1.94,2016-06-14 13:00:00,
1.125224866,8326744,Nicolas Kicker,Kicker v Giannessi,30,2016-06-14 10:56:45.240,1.95,2016-06-14 13:10:00,
1.125224866,8326744,Nicolas Kicker,Kicker v Giannessi,40,2016-06-14 11:05:52.862,2.04,2016-06-14 13:10:00,
1.125224866,8326744,Nicolas Kicker,Kicker v Giannessi,50,2016-06-14 12:36:06.789,1.99,2016-06-14 13:29:00,
1.125224866,8326744,Nicolas Kicker,Kicker v Giannessi,60,2016-06-14 13:53:45.719,1.9,2016-06-14 13:59:00,
1.125224866,8326744,Nicolas Kicker,Kicker v Giannessi,70,2016-06-14 17:21:52.316,2.06,2016-06-14 17:29:00,
1.125224866,8326744,Nicolas Kicker,Kicker v Giannessi,80,2016-06-14 17:25:32.636,2.1,2016-06-14 17:29:00,
1.125224866,8326744,Nicolas Kicker,Kicker v Giannessi,90,2016-06-15 07:40:41.856,2.06,2016-06-15 09:00:00,
1.125224866,8326744,Nicolas Kicker,Kicker v Giannessi,100,2016-06-15 08:49:46.798,2.18,2016-06-15 09:00:00,
1.125224909,4987965,Adrian Ungur,A Ungur v Lopez-Perez,0,2016-06-13 01:17:52.663,1.75,2016-06-13 09:00:00,
1.125224909,4987965,Adrian Ungur,A Ungur v Lopez-Perez,10,2016-06-13 07:27:14.858,1.73,2016-06-13 09:00:00,
1.125224909,4987965,Adrian Ungur,A Ungur v Lopez-Perez,20,2016-06-13 07:53:16.535,1.6,2016-06-13 09:00:00,
1.125224909,4987965,Adrian Ungur,A Ungur v Lopez-Perez,30,2016-06-13 08:01:21.290,1.55,2016-06-13 09:00:00,
1.125224909,4987965,Adrian Ungur,A Ungur v Lopez-Perez,40,2016-06-13 08:24:17.101,1.63,2016-06-13 09:00:00,
1.125224909,4987965,Adrian Ungur,A Ungur v Lopez-Perez,50,2016-06-13 08:33:20.753,1.57,2016-06-13 09:00:00,
1.125224909,4987965,Adrian Ungur,A Ungur v Lopez-Perez,60,2016-06-13 08:41:44.879,1.52,2016-06-13 09:00:00,
1.125224909,4987965,Adrian Ungur,A Ungur v Lopez-Perez,70,2016-06-13 08:51:21.206,1.76,2016-06-13 09:00:00,
1.125224909,4987965,Adrian Ungur,A Ungur v Lopez-Perez,80,2016-06-13 08:54:32.485,1.53,2016-06-13 09:00:00,
1.125224909,4987965,Adrian Ungur,A Ungur v Lopez-Perez,90,2016-06-13 08:58:20.853,1.76,2016-06-13 09:00:00,
1.125224909,4987965,Adrian Ungur,A Ungur v Lopez-Perez,100,2016-06-13 09:00:19.747,1.74,2016-06-13 09:15:00,
1.125224909,8257792,Enrique Lopez-Perez,A Ungur v Lopez-Perez,0,2016-06-13 01:17:52.663,2.18,2016-06-13 09:00:00,
1.125224909,8257792,Enrique Lopez-Perez,A Ungur v Lopez-Perez,10,2016-06-13 07:58:59.562,2.34,2016-06-13 09:00:00,
1.125224909,8257792,Enrique Lopez-Perez,A Ungur v Lopez-Perez,20,2016-06-13 08:06:47.768,2.62,2016-06-13 09:00:00,
1.125224909,8257792,Enrique Lopez-Perez,A Ungur v Lopez-Perez,30,2016-06-13 08:12:14.985,2.6,2016-06-13 09:00:00,
1.125224909,8257792,Enrique Lopez-Perez,A Ungur v Lopez-Perez,40,2016-06-13 08:31:17.241,2.32,2016-06-13 09:00:00,
1.125224909,8257792,Enrique Lopez-Perez,A Ungur v Lopez-Perez,50,2016-06-13 08:33:20.753,2.9,2016-06-13 09:00:00,
1.125224909,8257792,Enrique Lopez-Perez,A Ungur v Lopez-Perez,60,2016-06-13 08:34:20.329,2.34,2016-06-13 09:00:00,
1.125224909,8257792,Enrique Lopez-Perez,A Ungur v Lopez-Perez,70,2016-06-13 08:43:16.931,2.32,2016-06-13 09:00:00,
1.125224909,8257792,Enrique Lopez-Perez,A Ungur v Lopez-Perez,80,2016-06-13 08:59:20.211,2.62,2016-06-13 09:00:00,
1.125224909,8257792,Enrique Lopez-Perez,A Ungur v Lopez-Perez,90,2016-06-13 09:00:19.747,2.36,2016-06-13 09:15:00,
1.125224909,8257792,Enrique Lopez-Perez,A Ungur v Lopez-Perez,100,2016-06-13 09:01:16.402,2.32,2016-06-13 09:15:00,
1.125224929,9399490,Frances Tiafoe,Tiafoe v D Young,0,2016-06-12 01:18:33.189,2.14,2016-06-12 10:00:00,
1.125224929,9399490,Frances Tiafoe,Tiafoe v D Young,10,2016-06-12 01:35:27.430,2.12,2016-06-12 10:00:00,
1.125224929,9399490,Frances Tiafoe,Tiafoe v D Young,20,2016-06-12 04:59:39.145,2.08,2016-06-12 10:00:00,
1.125224929,9399490,Frances Tiafoe,Tiafoe v D Young,30,2016-06-12 08:04:27.358,2.1,2016-06-12 10:00:00,
1.125224929,9399490,Frances Tiafoe,Tiafoe v D Young,40,2016-06-12 08:33:39.427,2.14,2016-06-12 10:00:00,
1.125224929,9399490,Frances Tiafoe,Tiafoe v D Young,50,2016-06-12 08:34:28.847,2.12,2016-06-12 10:00:00,
1.125224929,9399490,Frances Tiafoe,Tiafoe v D Young,60,2016-06-12 09:14:29.827,2.16,2016-06-12 10:00:00,
1.125224929,9399490,Frances Tiafoe,Tiafoe v D Young,70,2016-06-12 09:26:19.949,2.12,2016-06-12 10:00:00,
1.125224929,9399490,Frances Tiafoe,Tiafoe v D Young,80,2016-06-12 09:41:34.782,2.08,2016-06-12 10:00:00,
1.125224929,9399490,Frances Tiafoe,Tiafoe v D Young,90,2016-06-12 10:50:01.670,2.12,2016-06-12 11:00:00,
1.125224929,9399490,Frances Tiafoe,Tiafoe v D Young,100,2016-06-12 10:58:15.889,2.06,2016-06-12 11:00:00,
1.125225,4566011,Alison Riske,Riske v S Zheng,0,2016-06-11 14:02:36.600,1.53,2016-06-11 15:48:00,
1.125225,4566011,Alison Riske,Riske v S Zheng,10,2016-06-11 14:03:06.223,1.52,2016-06-11 15:48:00,
1.125225,4566011,Alison Riske,Riske v S Zheng,20,2016-06-11 14:23:32.505,1.47,2016-06-11 15:48:00,
1.125225,4566011,Alison Riske,Riske v S Zheng,30,2016-06-11 14:24:06.452,1.52,2016-06-11 15:48:00,
1.125225,4566011,Alison Riske,Riske v S Zheng,40,2016-06-11 14:32:23.283,1.48,2016-06-11 15:48:00,
1.125225,4566011,Alison Riske,Riske v S Zheng,50,2016-06-11 14:47:20.649,1.47,2016-06-11 15:48:00,
1.125225,4566011,Alison Riske,Riske v S Zheng,60,2016-06-11 15:11:58.767,1.48,2016-06-11 15:48:00,
1.125225,4566011,Alison Riske,Riske v S Zheng,70,2016-06-11 15:30:13.035,1.49,2016-06-11 15:48:00,
1.125225,4566011,Alison Riske,Riske v S Zheng,80,2016-06-11 15:32:25.167,1.48,2016-06-11 15:48:00,
1.125225,4566011,Alison Riske,Riske v S Zheng,90,2016-06-11 15:38:33.721,1.49,2016-06-11 15:48:00,
1.125225,4566011,Alison Riske,Riske v S Zheng,100,2016-06-11 15:40:04.746,1.49,2016-06-11 15:42:00,
1.125225329,10947238,Cilic/Draganja,Isner/Matkowski v Cilic/Draganja,0,2016-06-16 03:31:16.424,2.14,2016-06-16 13:00:00,
1.125225329,10947238,Cilic/Draganja,Isner/Matkowski v Cilic/Draganja,10,2016-06-16 18:28:38.214,1.48,2016-06-17 12:30:00,2016-06-16 16:15:56.953
1.125225329,10947238,Cilic/Draganja,Isner/Matkowski v Cilic/Draganja,20,2016-06-16 19:46:52.600,1.5,2016-06-17 12:30:00,2016-06-16 16:15:56.953
1.125225329,10947238,Cilic/Draganja,Isner/Matkowski v Cilic/Draganja,30,2016-06-16 21:16:54.816,1.54,2016-06-17 12:30:00,2016-06-16 16:15:56.953
1.125225329,10947238,Cilic/Draganja,Isner/Matkowski v Cilic/Draganja,40,2016-06-16 21:56:52.097,1.47,2016-06-17 12:30:00,2016-06-16 16:15:56.953
1.125225329,10947238,Cilic/Draganja,Isner/Matkowski v Cilic/Draganja,50,2016-06-17 05:53:50.457,1.5,2016-06-17 12:30:00,2016-06-16 16:15:56.953
1.125225329,10947238,Cilic/Draganja,Isner/Matkowski v Cilic/Draganja,60,2016-06-17 08:18:03.233,1.59,2016-06-17 12:30:00,2016-06-16 16:15:56.953
1.125225329,10947238,Cilic/Draganja,Isner/Matkowski v Cilic/Draganja,70,2016-06-17 10:16:17.984,1.46,2016-06-17 12:30:00,2016-06-16 16:15:56.953
1.125225329,10947238,Cilic/Draganja,Isner/Matkowski v Cilic/Draganja,80,2016-06-17 11:48:44.399,1.54,2016-06-17 12:22:00,2016-06-16 16:15:56.953
1.125225329,10947238,Cilic/Draganja,Isner/Matkowski v Cilic/Draganja,90,2016-06-17 12:20:46.689,1.52,2016-06-17 12:22:00,2016-06-16 16:15:56.953
1.125225329,10947238,Cilic/Draganja,Isner/Matkowski v Cilic/Draganja,100,2016-06-17 14:29:55.570,1.52,2016-06-17 14:37:00,2016-06-16 16:15:56.953
1.125225329,11290401,Isner/Matkowski,Isner/Matkowski v Cilic/Draganja,0,2016-06-15 15:55:52.814,1.67,2016-06-16 12:00:00,
1.125225329,11290401,Isner/Matkowski,Isner/Matkowski v Cilic/Draganja,10,2016-06-16 18:46:48.204,2.72,2016-06-17 12:30:00,2016-06-16 16:15:56.953
1.125225329,11290401,Isner/Matkowski,Isner/Matkowski v Cilic/Draganja,20,2016-06-16 19:45:47.130,2.98,2016-06-17 12:30:00,2016-06-16 16:15:56.953
1.125225329,11290401,Isner/Matkowski,Isner/Matkowski v Cilic/Draganja,30,2016-06-16 20:52:55.071,2.92,2016-06-17 12:30:00,2016-06-16 16:15:56.953
1.125225329,11290401,Isner/Matkowski,Isner/Matkowski v Cilic/Draganja,40,2016-06-16 21:34:25.139,2.82,2016-06-17 12:30:00,2016-06-16 16:15:56.953
1.125225329,11290401,Isner/Matkowski,Isner/Matkowski v Cilic/Draganja,50,2016-06-17 00:42:46.690,3.1,2016-06-17 12:30:00,2016-06-16 16:15:56.953
1.125225329,11290401,Isner/Matkowski,Isner/Matkowski v Cilic/Draganja,60,2016-06-17 06:37:26.858,2.88,2016-06-17 12:30:00,2016-06-16 16:15:56.953
1.125225329,11290401,Isner/Matkowski,Isner/Matkowski v Cilic/Draganja,70,2016-06-17 09:48:53.537,2.74,2016-06-17 12:30:00,2016-06-16 16:15:56.953
1.125225329,11290401,Isner/Matkowski,Isner/Matkowski v Cilic/Draganja,80,2016-06-17 11:48:44.399,2.9,2016-06-17 12:22:00,2016-06-16 16:15:56.953
1.125225329,11290401,Isner/Matkowski,Isner/Matkowski v Cilic/Draganja,90,2016-06-17 12:20:46.689,2.92,2016-06-17 12:22:00,2016-06-16 16:15:56.953
1.125225329,11290401,Isner/Matkowski,Isner/Matkowski v Cilic/Draganja,100,2016-06-17 14:29:55.570,2.96,2016-06-17 14:37:00,2016-06-16 16:15:56.953
1.125225359,6719235,Paire/Wawrinka,Paire/Wawrinka v Murray/Soares,0,2016-06-13 11:32:38.728,2.8,2016-06-13 13:45:00,
1.125225359,6719235,Paire/Wawrinka,Paire/Wawrinka v Murray/Soares,10,2016-06-13 14:48:00.912,3.05,2016-06-13 14:58:00,
1.125225359,6719235,Paire/Wawrinka,Paire/Wawrinka v Murray/Soares,20,2016-06-13 19:24:11.129,3.2,2016-06-13 19:34:00,
1.125225359,6719235,Paire/Wawrinka,Paire/Wawrinka v Murray/Soares,30,2016-06-13 19:26:07.091,2.8,2016-06-13 19:34:00,
1.125225359,6719235,Paire/Wawrinka,Paire/Wawrinka v Murray/Soares,40,2016-06-13 21:15:57.607,2.84,2016-06-13 21:19:00,
1.125225359,6719235,Paire/Wawrinka,Paire/Wawrinka v Murray/Soares,50,2016-06-13 22:02:05.420,3.1,2016-06-13 22:04:00,
1.125225359,6719235,Paire/Wawrinka,Paire/Wawrinka v Murray/Soares,60,2016-06-13 23:02:07.608,2.8,2016-06-13 23:04:00,
1.125225359,6719235,Paire/Wawrinka,Paire/Wawrinka v Murray/Soares,70,2016-06-14 11:17:11.612,2.96,2016-06-15 18:04:00,
1.125225359,6719235,Paire/Wawrinka,Paire/Wawrinka v Murray/Soares,80,2016-06-14 16:10:48.090,3.95,2016-06-15 18:04:00,
1.125225359,6719235,Paire/Wawrinka,Paire/Wawrinka v Murray/Soares,90,2016-06-14 22:52:03.684,4.0,2016-06-15 16:00:00,
1.125225359,6719235,Paire/Wawrinka,Paire/Wawrinka v Murray/Soares,100,2016-06-15 07:47:06.156,4.1,2016-06-15 16:00:00,
1.125225359,10682718,Murray/Soares,Paire/Wawrinka v Murray/Soares,0,2016-06-13 07:54:01.973,1.45,2016-06-13 13:30:00,
1.125225359,10682718,Murray/Soares,Paire/Wawrinka v Murray/Soares,10,2016-06-13 11:53:20.187,1.46,2016-06-13 14:00:00,
1.125225359,10682718,Murray/Soares,Paire/Wawrinka v Murray/Soares,20,2016-06-13 13:04:48.124,1.48,2016-06-13 14:28:00,
1.125225359,10682718,Murray/Soares,Paire/Wawrinka v Murray/Soares,30,2016-06-13 19:24:11.129,1.44,2016-06-13 19:34:00,
1.125225359,10682718,Murray/Soares,Paire/Wawrinka v Murray/Soares,40,2016-06-13 19:36:04.422,1.42,2016-06-13 19:49:00,
1.125225359,10682718,Murray/Soares,Paire/Wawrinka v Murray/Soares,50,2016-06-13 22:06:26.899,1.39,2016-06-13 22:19:00,
1.125225359,10682718,Murray/Soares,Paire/Wawrinka v Murray/Soares,60,2016-06-14 12:40:07.509,1.34,2016-06-15 18:04:00,
1.125225359,10682718,Murray/Soares,Paire/Wawrinka v Murray/Soares,70,2016-06-14 16:10:48.090,1.34,2016-06-15 18:04:00,
1.125225359,10682718,Murray/Soares,Paire/Wawrinka v Murray/Soares,80,2016-06-14 22:52:03.684,1.33,2016-06-15 16:00:00,
1.125225359,10682718,Murray/Soares,Paire/Wawrinka v Murray/Soares,90,2016-06-15 09:03:37.510,1.27,2016-06-15 16:00:00,
1.125225359,10682718,Murray/Soares,Paire/Wawrinka v Murray/Soares,100,2016-06-15 10:02:54.867,1.25,2016-06-15 16:00:00,
1.12522537,9607905,Erlich/Fleming,Erlich/Fleming v Bedene/Edmund,0,2016-06-13 11:34:39.498,1.5,2016-06-13 15:45:00,
1.12522537,9607905,Erlich/Fleming,Erlich/Fleming v Bedene/Edmund,10,2016-06-13 17:06:27.683,1.45,2016-06-13 19:13:00,
1.12522537,9607905,Erlich/Fleming,Erlich/Fleming v Bedene/Edmund,20,2016-06-13 17:07:08.445,1.44,2016-06-13 19:13:00,
1.12522537,9607905,Erlich/Fleming,Erlich/Fleming v Bedene/Edmund,30,2016-06-14 13:00:29.536,1.41,2016-06-15 20:04:00,
1.12522537,9607905,Erlich/Fleming,Erlich/Fleming v Bedene/Edmund,40,2016-06-14 15:19:41.105,1.42,2016-06-15 20:04:00,
1.12522537,9607905,Erlich/Fleming,Erlich/Fleming v Bedene/Edmund,50,2016-06-15 07:55:55.780,1.39,2016-06-15 13:00:00,
1.12522537,9607905,Erlich/Fleming,Erlich/Fleming v Bedene/Edmund,60,2016-06-15 08:13:28.675,1.34,2016-06-15 13:00:00,
1.12522537,9607905,Erlich/Fleming,Erlich/Fleming v Bedene/Edmund,70,2016-06-15 08:14:19.709,1.33,2016-06-15 13:00:00,
1.12522537,9607905,Erlich/Fleming,Erlich/Fleming v Bedene/Edmund,80,2016-06-15 08:59:29.925,1.39,2016-06-15 13:00:00,
1.12522537,9607905,Erlich/Fleming,Erlich/Fleming v Bedene/Edmund,90,2016-06-15 09:19:47.134,1.34,2016-06-15 13:00:00,
1.12522537,9607905,Erlich/Fleming,Erlich/Fleming v Bedene/Edmund,100,2016-06-15 11:41:28.270,1.33,2016-06-15 12:55:00,
1.125226394,7431682,Eduardo Struvay,Struvay v Fratangelo,0,2016-06-13 17:52:28.085,4.6,2016-06-14 12:00:00,
1.125226394,7431682,Eduardo Struvay,Struvay v Fratangelo,10,2016-06-13 18:00:55.066,5.4,2016-06-14 12:00:00,
1.125226394,7431682,Eduardo Struvay,Struvay v Fratangelo,20,2016-06-13 19:06:48.638,4.6,2016-06-14 12:00:00,
1.125226394,7431682,Eduardo Struvay,Struvay v Fratangelo,30,2016-06-14 06:05:50.699,4.8,2016-06-15 12:00:00,
1.125226394,7431682,Eduardo Struvay,Struvay v Fratangelo,40,2016-06-14 13:18:46.321,5.6,2016-06-15 12:00:00,
1.125226394,7431682,Eduardo Struvay,Struvay v Fratangelo,50,2016-06-15 08:54:49.989,4.7,2016-06-15 13:15:00,
1.125226394,7431682,Eduardo Struvay,Struvay v Fratangelo,60,2016-06-15 12:00:33.438,4.9,2016-06-15 14:15:00,
1.125226394,7431682,Eduardo Struvay,Struvay v Fratangelo,70,2016-06-15 12:27:57.566,4.7,2016-06-15 14:30:00,
1.125226394,7431682,Eduardo Struvay,Struvay v Fratangelo,80,2016-06-15 12:29:57.886,4.6,2016-06-15 14:30:00,
1.125226394,7431682,Eduardo Struvay,Struvay v Fratangelo,90,2016-06-15 12:30:51.617,4.4,2016-06-15 14:45:00,
1.125226394,7431682,Eduardo Struvay,Struvay v Fratangelo,100,2016-06-15 13:14:52.015,5.0,2016-06-15 14:34:00,
1.125226399,4275820,Vincent Millot,Millot v Soeda,0,2016-06-12 16:23:54.067,1.85,2016-06-13 12:00:00,
1.125226399,4275820,Vincent Millot,Millot v Soeda,10,2016-06-12 16:39:11.341,2.0,2016-06-13 12:00:00,
1.125226399,4275820,Vincent Millot,Millot v Soeda,20,2016-06-12 18:15:42.900,2.08,2016-06-13 13:00:00,
1.125226399,4275820,Vincent Millot,Millot v Soeda,30,2016-06-13 08:57:57.073,1.83,2016-06-13 13:00:00,
1.125226399,4275820,Vincent Millot,Millot v Soeda,40,2016-06-13 13:04:54.684,2.04,2016-06-13 13:24:00,
1.125226399,4275820,Vincent Millot,Millot v Soeda,50,2016-06-13 13:27:42.565,2.1,2016-06-13 13:39:00,
1.125226399,4275820,Vincent Millot,Millot v Soeda,60,2016-06-13 15:12:55.826,2.04,2016-06-13 15:24:00,
1.125226399,4275820,Vincent Millot,Millot v Soeda,70,2016-06-13 15:13:54.584,2.02,2016-06-13 15:24:00,
1.125226399,4275820,Vincent Millot,Millot v Soeda,80,2016-06-13 21:19:55.102,2.14,2016-06-14 10:30:00,
1.125226399,4275820,Vincent Millot,Millot v Soeda,90,2016-06-14 10:24:49.298,2.06,2016-06-14 10:30:00,
1.125226399,4275820,Vincent Millot,Millot v Soeda,100,2016-06-14 11:17:40.950,2.12,2016-06-14 11:30:00,
1.12522641,8287128,Yen-Hsun Lu,Copil v Ye Lu,0,2016-06-12 15:13:00.117,1.52,2016-06-13 12:00:00,
1.12522641,8287128,Yen-Hsun Lu,Copil v Ye Lu,10,2016-06-12 17:08:52.146,1.21,2016-06-13 12:00:00,
1.12522641,8287128,Yen-Hsun Lu,Copil v Ye Lu,20,2016-06-12 17:44:50.673,1.3,2016-06-13 12:00:00,
1.12522641,8287128,Yen-Hsun Lu,Copil v Ye Lu,30,2016-06-12 17:58:01.850,1.07,2016-06-13 12:00:00,
1.12522641,8287128,Yen-Hsun Lu,Copil v Ye Lu,40,2016-06-12 18:00:46.564,1.07,2016-06-13 12:00:00,
1.12522641,8287128,Yen-Hsun Lu,Copil v Ye Lu,50,2016-06-12 18:40:53.623,1.35,2016-06-13 12:00:00,
1.12522641,8287128,Yen-Hsun Lu,Copil v Ye Lu,60,2016-06-13 20:46:01.748,1.58,2016-06-14 13:30:00,
1.12522641,8287128,Yen-Hsun Lu,Copil v Ye Lu,70,2016-06-14 09:32:58.653,1.7,2016-06-14 13:30:00,
1.12522641,8287128,Yen-Hsun Lu,Copil v Ye Lu,80,2016-06-14 12:38:50.910,1.59,2016-06-14 13:30:00,
1.12522641,8287128,Yen-Hsun Lu,Copil v Ye Lu,90,2016-06-14 13:24:55.927,1.59,2016-06-14 13:30:00,
1.12522641,8287128,Yen-Hsun Lu,Copil v Ye Lu,100,2016-06-14 16:26:59.375,1.62,2016-06-14 17:23:00,
1.125226415,6217982,Dennis Novikov,D Novikov v A Krajicek,0,2016-06-13 08:10:37.781,1.56,2016-06-13 13:00:00,
1.125226415,6217982,Dennis Novikov,D Novikov v A Krajicek,10,2016-06-13 08:21:15.760,1.54,2016-06-13 13:00:00,
1.125226415,6217982,Dennis Novikov,D Novikov v A Krajicek,20,2016-06-13 08:37:42.269,1.53,2016-06-13 13:00:00,
1.125226415,6217982,Dennis Novikov,D Novikov v A Krajicek,30,2016-06-13 09:55:07.003,1.62,2016-06-13 13:00:00,
1.125226415,6217982,Dennis Novikov,D Novikov v A Krajicek,40,2016-06-13 11:52:03.997,1.51,2016-06-13 13:25:00,
1.125226415,6217982,Dennis Novikov,D Novikov v A Krajicek,50,2016-06-13 12:11:03.341,1.56,2016-06-13 13:25:00,
1.125226415,6217982,Dennis Novikov,D Novikov v A Krajicek,60,2016-06-13 12:19:55.799,1.52,2016-06-13 13:25:00,
1.125226415,6217982,Dennis Novikov,D Novikov v A Krajicek,70,2016-06-13 12:21:01.200,1.51,2016-06-13 13:25:00,
1.125226415,6217982,Dennis Novikov,D Novikov v A Krajicek,80,2016-06-13 12:32:05.967,1.5,2016-06-13 13:25:00,
1.125226415,6217982,Dennis Novikov,D Novikov v A Krajicek,90,2016-06-13 12:36:02.668,1.52,2016-06-13 13:25:00,
1.125226415,6217982,Dennis Novikov,D Novikov v A Krajicek,100,2016-06-13 12:47:57.429,1.55,2016-06-13 12:49:00,
1.12522642,4596953,Di Wu,D Wu v R Olivo,0,2016-06-12 18:41:19.758,1.82,2016-06-13 12:00:00,
1.12522642,4596953,Di Wu,D Wu v R Olivo,10,2016-06-13 07:19:09.379,1.62,2016-06-14 12:00:00,
1.12522642,4596953,Di Wu,D Wu v R Olivo,20,2016-06-14 08:15:05.070,1.62,2016-06-14 12:00:00,
1.12522642,4596953,Di Wu,D Wu v R Olivo,30,2016-06-14 11:54:48.843,1.55,2016-06-14 14:30:00,
1.12522642,4596953,Di Wu,D Wu v R Olivo,40,2016-06-14 12:57:06.150,1.97,2016-06-14 14:30:00,
1.12522642,4596953,Di Wu,D Wu v R Olivo,50,2016-06-14 13:34:46.960,1.57,2016-06-14 14:30:00,
1.12522642,4596953,Di Wu,D Wu v R Olivo,60,2016-06-14 14:23:33.125,1.55,2016-06-14 14:30:00,
1.12522642,4596953,Di Wu,D Wu v R Olivo,70,2016-06-14 16:28:36.248,1.47,2016-06-14 16:30:00,
1.12522642,4596953,Di Wu,D Wu v R Olivo,80,2016-06-15 10:32:26.417,1.52,2016-06-15 12:30:00,
1.12522642,4596953,Di Wu,D Wu v R Olivo,90,2016-06-15 12:31:54.267,1.5,2016-06-15 12:45:00,
1.12522642,4596953,Di Wu,D Wu v R Olivo,100,2016-06-15 16:13:09.813,1.53,2016-06-15 16:15:00,
1.12522642,4822931,Renzo Olivo,D Wu v R Olivo,0,2016-06-12 18:41:19.758,2.22,2016-06-13 12:00:00,
1.12522642,4822931,Renzo Olivo,D Wu v R Olivo,10,2016-06-14 06:07:13.131,2.42,2016-06-14 12:00:00,
1.12522642,4822931,Renzo Olivo,D Wu v R Olivo,20,2016-06-14 08:15:05.070,2.6,2016-06-14 12:00:00,
1.12522642,4822931,Renzo Olivo,D Wu v R Olivo,30,2016-06-14 12:54:09.435,2.12,2016-06-14 14:30:00,
1.12522642,4822931,Renzo Olivo,D Wu v R Olivo,40,2016-06-14 12:57:06.150,2.04,2016-06-14 14:30:00,
1.12522642,4822931,Renzo Olivo,D Wu v R Olivo,50,2016-06-14 15:30:44.951,3.0,2016-06-14 15:45:00,
1.12522642,4822931,Renzo Olivo,D Wu v R Olivo,60,2016-06-15 08:01:31.527,2.72,2016-06-15 12:30:00,
1.12522642,4822931,Renzo Olivo,D Wu v R Olivo,70,2016-06-15 08:47:33.976,2.78,2016-06-15 12:30:00,
1.12522642,4822931,Renzo Olivo,D Wu v R Olivo,80,2016-06-15 10:32:26.417,2.92,2016-06-15 12:30:00,
1.12522642,4822931,Renzo Olivo,D Wu v R Olivo,90,2016-06-15 11:05:30.730,2.96,2016-06-15 12:30:00,
1.12522642,4822931,Renzo Olivo,D Wu v R Olivo,100,2016-06-15 15:24:08.896,2.74,2016-06-15 15:30:00,
1.125226435,2923247,Ryan Harrison,R Harrison v Mi Basic,0,2016-06-13 07:40:40.236,1.77,2016-06-13 13:30:00,
1.125226435,2923247,Ryan Harrison,R Harrison v Mi Basic,10,2016-06-13 09:13:13.885,1.6,2016-06-13 13:30:00,
1.125226435,2923247,Ryan Harrison,R Harrison v Mi Basic,20,2016-06-13 11:57:03.880,1.81,2016-06-13 13:30:00,
1.125226435,2923247,Ryan Harrison,R Harrison v Mi Basic,30,2016-06-13 13:30:04.933,1.97,2016-06-13 13:45:00,
1.125226435,2923247,Ryan Harrison,R Harrison v Mi Basic,40,2016-06-13 15:57:23.241,1.91,2016-06-13 16:00:00,
1.125226435,2923247,Ryan Harrison,R Harrison v Mi Basic,50,2016-06-13 19:03:14.132,1.78,2016-06-13 19:15:00,
1.125226435,2923247,Ryan Harrison,R Harrison v Mi Basic,60,2016-06-13 19:14:15.416,1.98,2016-06-13 19:15:00,
1.125226435,2923247,Ryan Harrison,R Harrison v Mi Basic,70,2016-06-13 22:10:15.548,1.72,2016-06-13 22:15:00,
1.125226435,2923247,Ryan Harrison,R Harrison v Mi Basic,80,2016-06-14 10:10:09.164,1.75,2016-06-15 13:30:00,
1.125226435,2923247,Ryan Harrison,R Harrison v Mi Basic,90,2016-06-14 13:53:09.956,1.93,2016-06-15 13:30:00,
1.125226435,2923247,Ryan Harrison,R Harrison v Mi Basic,100,2016-06-15 09:19:46.978,1.78,2016-06-15 11:15:00,
1.125226435,5499167,Mirza Basic,R Harrison v Mi Basic,0,2016-06-13 09:55:45.606,2.2,2016-06-13 13:30:00,
1.125226435,5499167,Mirza Basic,R Harrison v Mi Basic,10,2016-06-13 10:31:08.681,2.22,2016-06-13 13:30:00,
1.125226435,5499167,Mirza Basic,R Harrison v Mi Basic,20,2016-06-13 11:56:00.944,2.24,2016-06-13 13:30:00,
1.125226435,5499167,Mirza Basic,R Harrison v Mi Basic,30,2016-06-13 12:41:16.562,2.2,2016-06-13 13:30:00,
1.125226435,5499167,Mirza Basic,R Harrison v Mi Basic,40,2016-06-13 13:30:04.933,2.04,2016-06-13 13:45:00,
1.125226435,5499167,Mirza Basic,R Harrison v Mi Basic,50,2016-06-13 15:57:23.241,2.1,2016-06-13 16:00:00,
1.125226435,5499167,Mirza Basic,R Harrison v Mi Basic,60,2016-06-13 18:18:59.950,2.22,2016-06-13 18:30:00,
1.125226435,5499167,Mirza Basic,R Harrison v Mi Basic,70,2016-06-13 19:14:15.416,2.1,2016-06-13 19:15:00,
1.125226435,5499167,Mirza Basic,R Harrison v Mi Basic,80,2016-06-13 20:54:46.494,2.34,2016-06-13 21:00:00,
1.125226435,5499167,Mirza Basic,R Harrison v Mi Basic,90,2016-06-14 13:52:16.579,2.12,2016-06-15 13:30:00,
1.125226435,5499167,Mirza Basic,R Harrison v Mi Basic,100,2016-06-15 01:32:15.790,2.06,2016-06-15 11:15:00,
1.125226562,2311979,Anna Tatishvili,Tatishvili v Savchuk,0,2016-06-12 07:44:53.334,1.47,2016-06-12 12:00:00,
1.125226562,2311979,Anna Tatishvili,Tatishvili v Savchuk,10,2016-06-12 08:14:06.232,1.48,2016-06-12 12:00:00,
1.125226562,2311979,Anna Tatishvili,Tatishvili v Savchuk,20,2016-06-12 12:15:32.198,1.5,2016-06-12 14:30:00,
1.125226562,2311979,Anna Tatishvili,Tatishvili v Savchuk,30,2016-06-12 12:32:46.600,1.51,2016-06-12 14:45:00,
1.125226562,2311979,Anna Tatishvili,Tatishvili v Savchuk,40,2016-06-12 12:41:47.780,1.5,2016-06-12 15:30:00,
1.125226562,2311979,Anna Tatishvili,Tatishvili v Savchuk,50,2016-06-12 12:43:48.634,1.52,2016-06-12 15:30:00,
1.125226562,2311979,Anna Tatishvili,Tatishvili v Savchuk,60,2016-06-12 12:48:58.758,1.5,2016-06-12 15:30:00,
1.125226562,2311979,Anna Tatishvili,Tatishvili v Savchuk,70,2016-06-12 13:26:55.789,1.53,2016-06-12 15:30:00,
1.125226562,2311979,Anna Tatishvili,Tatishvili v Savchuk,80,2016-06-12 13:28:54.028,1.5,2016-06-12 15:30:00,
1.125226562,2311979,Anna Tatishvili,Tatishvili v Savchuk,90,2016-06-12 15:02:49.456,1.53,2016-06-12 15:05:00,
1.125226562,2311979,Anna Tatishvili,Tatishvili v Savchuk,100,2016-06-12 15:49:46.048,1.5,2016-06-12 16:00:00,
1.125226638,2519549,Kevin Anderson,K Anderson v Vesely,0,2016-06-11 23:43:19.587,1.26,2016-06-12 10:00:00,
1.125226638,2519549,Kevin Anderson,K Anderson v Vesely,10,2016-06-12 11:21:58.462,1.25,2016-06-12 11:30:00,
1.125226638,2519549,Kevin Anderson,K Anderson v Vesely,20,2016-06-12 17:55:39.060,1.15,2016-06-13 11:30:00,2016-06-12 14:03:50.298
1.125226638,2519549,Kevin Anderson,K Anderson v Vesely,30,2016-06-12 19:44:32.176,1.13,2016-06-13 11:30:00,2016-06-12 14:03:50.298
1.125226638,2519549,Kevin Anderson,K Anderson v Vesely,40,2016-06-12 23:19:15.861,1.14,2016-06-13 11:30:00,2016-06-12 14:03:50.298
1.125226638,2519549,Kevin Anderson,K Anderson v Vesely,50,2016-06-13 04:55:39.506,1.14,2016-06-13 11:30:00,2016-06-12 14:03:50.298
1.125226638,2519549,Kevin Anderson,K Anderson v Vesely,60,2016-06-13 07:36:57.824,1.13,2016-06-13 11:30:00,2016-06-12 14:03:50.298
1.125226638,2519549,Kevin Anderson,K Anderson v Vesely,70,2016-06-13 09:22:36.850,1.13,2016-06-13 11:30:00,2016-06-12 14:03:50.298
1.125226638,2519549,Kevin Anderson,K Anderson v Vesely,80,2016-06-13 10:07:50.792,1.14,2016-06-13 11:30:00,2016-06-12 14:03:50.298
1.125226638,2519549,Kevin Anderson,K Anderson v Vesely,90,2016-06-13 11:36:40.583,1.14,2016-06-13 11:45:00,2016-06-12 14:03:50.298
1.125226638,2519549,Kevin Anderson,K Anderson v Vesely,100,2016-06-13 12:29:42.260,1.13,2016-06-13 12:30:00,2016-06-12 14:03:50.298
1.125226638,7032143,Jiri Vesely,K Anderson v Vesely,0,2016-06-12 01:35:06.224,4.5,2016-06-12 10:00:00,
1.125226638,7032143,Jiri Vesely,K Anderson v Vesely,10,2016-06-12 09:40:23.241,5.0,2016-06-12 10:00:00,
1.125226638,7032143,Jiri Vesely,K Anderson v Vesely,20,2016-06-12 11:00:44.493,5.2,2016-06-12 11:15:00,
1.125226638,7032143,Jiri Vesely,K Anderson v Vesely,30,2016-06-12 17:33:30.741,8.6,2016-06-13 11:30:00,2016-06-12 14:03:50.298
1.125226638,7032143,Jiri Vesely,K Anderson v Vesely,40,2016-06-12 19:06:42.530,8.0,2016-06-13 11:30:00,2016-06-12 14:03:50.298
1.125226638,7032143,Jiri Vesely,K Anderson v Vesely,50,2016-06-13 03:03:28.133,8.8,2016-06-13 11:30:00,2016-06-12 14:03:50.298
1.125226638,7032143,Jiri Vesely,K Anderson v Vesely,60,2016-06-13 06:03:49.155,8.0,2016-06-13 11:30:00,2016-06-12 14:03:50.298
1.125226638,7032143,Jiri Vesely,K Anderson v Vesely,70,2016-06-13 07:49:37.179,7.8,2016-06-13 11:30:00,2016-06-12 14:03:50.298
1.125226638,7032143,Jiri Vesely,K Anderson v Vesely,80,2016-06-13 08:39:35.764,7.8,2016-06-13 11:30:00,2016-06-12 14:03:50.298
1.125226638,7032143,Jiri Vesely,K Anderson v Vesely,90,2016-06-13 10:00:01.398,8.0,2016-06-13 11:30:00,2016-06-12 14:03:50.298
1.125226638,7032143,Jiri Vesely,K Anderson v Vesely,100,2016-06-13 12:16:20.590,8.6,2016-06-13 12:30:00,2016-06-12 14:03:50.298
1.125226643,2581407,Tobias Kamke,V Pospisil v Kamke,0,2016-06-12 06:35:51.955,2.2,2016-06-12 10:00:00,
1.125226643,2581407,Tobias Kamke,V Pospisil v Kamke,10,2016-06-12 13:14:48.380,2.28,2016-06-12 13:15:00,
1.125226643,2581407,Tobias Kamke,V Pospisil v Kamke,20,2016-06-12 18:13:51.717,1.86,2016-06-13 11:30:00,2016-06-12 13:56:51.845
1.125226643,2581407,Tobias Kamke,V Pospisil v Kamke,30,2016-06-12 20:25:43.980,1.79,2016-06-13 11:30:00,2016-06-12 13:56:51.845
1.125226643,2581407,Tobias Kamke,V Pospisil v Kamke,40,2016-06-13 02:21:06.061,1.78,2016-06-13 11:30:00,2016-06-12 13:56:51.845
1.125226643,2581407,Tobias Kamke,V Pospisil v Kamke,50,2016-06-13 05:48:12.613,1.71,2016-06-13 11:30:00,2016-06-12 13:56:51.845
1.125226643,2581407,Tobias Kamke,V Pospisil v Kamke,60,2016-06-13 07:57:47.414,1.79,2016-06-13 11:30:00,2016-06-12 13:56:51.845
1.125226643,2581407,Tobias Kamke,V Pospisil v Kamke,70,2016-06-13 09:13:24.316,1.84,2016-06-13 11:30:00,2016-06-12 13:56:51.845
1.125226643,2581407,Tobias Kamke,V Pospisil v Kamke,80,2016-06-13 10:02:45.574,1.85,2016-06-13 11:30:00,2016-06-12 13:56:51.845
1.125226643,2581407,Tobias Kamke,V Pospisil v Kamke,90,2016-06-13 10:51:34.425,1.89,2016-06-13 11:30:00,2016-06-12 13:56:51.845
1.125226643,2581407,Tobias Kamke,V Pospisil v Kamke,100,2016-06-13 12:31:48.246,1.92,2016-06-13 12:45:00,2016-06-12 13:56:51.845
1.125226643,4903598,Vasek Pospisil,V Pospisil v Kamke,0,2016-06-12 00:13:44.789,1.85,2016-06-12 10:00:00,
1.125226643,4903598,Vasek Pospisil,V Pospisil v Kamke,10,2016-06-12 08:42:39.566,1.81,2016-06-12 10:00:00,
1.125226643,4903598,Vasek Pospisil,V Pospisil v Kamke,20,2016-06-12 11:35:42.661,1.8,2016-06-12 11:45:00,
1.125226643,4903598,Vasek Pospisil,V Pospisil v Kamke,30,2016-06-12 17:07:34.011,2.2,2016-06-13 11:30:00,2016-06-12 13:56:51.845
1.125226643,4903598,Vasek Pospisil,V Pospisil v Kamke,40,2016-06-12 20:48:06.473,2.32,2016-06-13 11:30:00,2016-06-12 13:56:51.845
1.125226643,4903598,Vasek Pospisil,V Pospisil v Kamke,50,2016-06-13 03:29:50.112,2.5,2016-06-13 11:30:00,2016-06-12 13:56:51.845
1.125226643,4903598,Vasek Pospisil,V Pospisil v Kamke,60,2016-06-13 07:00:13.635,2.36,2016-06-13 11:30:00,2016-06-12 13:56:51.845
1.125226643,4903598,Vasek Pospisil,V Pospisil v Kamke,70,2016-06-13 08:49:45.097,2.18,2016-06-13 11:30:00,2016-06-12 13:56:51.845
1.125226643,4903598,Vasek Pospisil,V Pospisil v Kamke,80,2016-06-13 10:02:45.574,2.16,2016-06-13 11:30:00,2016-06-12 13:56:51.845
1.125226643,4903598,Vasek Pospisil,V Pospisil v Kamke,90,2016-06-13 11:10:36.565,2.18,2016-06-13 11:30:00,2016-06-12 13:56:51.845
1.125226643,4903598,Vasek Pospisil,V Pospisil v Kamke,100,2016-06-13 12:31:48.246,2.08,2016-06-13 12:45:00,2016-06-12 13:56:51.845
1.125226649,3066621,Adrian Mannarino,A Mannarino v Groth,0,2016-06-11 21:27:10.499,1.91,2016-06-12 10:00:00,
1.125226649,3066621,Adrian Mannarino,A Mannarino v Groth,10,2016-06-12 03:03:35.630,1.8,2016-06-12 10:00:00,
1.125226649,3066621,Adrian Mannarino,A Mannarino v Groth,20,2016-06-12 07:36:23.316,1.9,2016-06-12 10:00:00,
1.125226649,3066621,Adrian Mannarino,A Mannarino v Groth,30,2016-06-12 08:39:57.310,1.8,2016-06-12 10:00:00,
1.125226649,3066621,Adrian Mannarino,A Mannarino v Groth,40,2016-06-12 08:57:56.084,1.76,2016-06-12 10:00:00,
1.125226649,3066621,Adrian Mannarino,A Mannarino v Groth,50,2016-06-12 09:48:44.621,1.75,2016-06-12 11:00:00,
1.125226649,3066621,Adrian Mannarino,A Mannarino v Groth,60,2016-06-12 09:56:29.528,1.74,2016-06-12 11:00:00,
1.125226649,3066621,Adrian Mannarino,A Mannarino v Groth,70,2016-06-12 10:13:44.480,1.71,2016-06-12 11:00:00,
1.125226649,3066621,Adrian Mannarino,A Mannarino v Groth,80,2016-06-12 10:42:53.536,1.72,2016-06-12 11:00:00,
1.125226649,3066621,Adrian Mannarino,A Mannarino v Groth,90,2016-06-12 11:37:24.768,1.71,2016-06-12 11:45:00,
1.125226649,3066621,Adrian Mannarino,A Mannarino v Groth,100,2016-06-12 12:34:19.346,1.71,2016-06-12 12:45:00,
1.125226649,8639819,Sam Groth,A Mannarino v Groth,0,2016-06-11 21:27:10.499,2.08,2016-06-12 10:00:00,
1.125226649,8639819,Sam Groth,A Mannarino v Groth,10,2016-06-12 00:59:34.486,2.08,2016-06-12 10:00:00,
1.125226649,8639819,Sam Groth,A Mannarino v Groth,20,2016-06-12 08:32:58.866,2.26,2016-06-12 10:00:00,
1.125226649,8639819,Sam Groth,A Mannarino v Groth,30,2016-06-12 08:57:56.084,2.36,2016-06-12 10:00:00,
1.125226649,8639819,Sam Groth,A Mannarino v Groth,40,2016-06-12 09:04:44.475,2.22,2016-06-12 10:00:00,
1.125226649,8639819,Sam Groth,A Mannarino v Groth,50,2016-06-12 09:49:48.737,2.34,2016-06-12 11:00:00,
1.125226649,8639819,Sam Groth,A Mannarino v Groth,60,2016-06-12 09:59:05.529,2.28,2016-06-12 11:00:00,
1.125226649,8639819,Sam Groth,A Mannarino v Groth,70,2016-06-12 10:36:58.958,2.42,2016-06-12 11:00:00,
1.125226649,8639819,Sam Groth,A Mannarino v Groth,80,2016-06-12 11:23:19.316,2.4,2016-06-12 11:30:00,
1.125226649,8639819,Sam Groth,A Mannarino v Groth,90,2016-06-12 11:43:49.769,2.34,2016-06-12 11:45:00,
1.125226649,8639819,Sam Groth,A Mannarino v Groth,100,2016-06-12 12:37:29.952,2.34,2016-06-12 12:45:00,
1.125226655,8283556,Antal Van Der Duim,Van Der Duim v Reuter,0,2016-06-13 21:51:09.216,2.94,2016-06-14 08:00:00,
1.125226655,8283556,Antal Van Der Duim,Van Der Duim v Reuter,10,2016-06-13 22:02:01.749,3.0,2016-06-14 08:00:00,
1.125226655,8283556,Antal Van Der Duim,Van Der Duim v Reuter,20,2016-06-14 06:02:53.351,2.96,2016-06-14 08:00:00,
1.125226655,8283556,Antal Van Der Duim,Van Der Duim v Reuter,30,2016-06-14 06:13:08.667,3.0,2016-06-14 08:00:00,
1.125226655,8283556,Antal Van Der Duim,Van Der Duim v Reuter,40,2016-06-14 06:21:00.481,2.96,2016-06-14 08:00:00,
1.125226655,8283556,Antal Van Der Duim,Van Der Duim v Reuter,50,2016-06-14 07:50:09.151,2.56,2016-06-14 08:00:00,
1.125226655,8283556,Antal Van Der Duim,Van Der Duim v Reuter,60,2016-06-14 07:51:50.406,2.54,2016-06-14 08:00:00,
1.125226655,8283556,Antal Van Der Duim,Van Der Duim v Reuter,70,2016-06-14 08:04:05.368,2.4,2016-06-14 08:15:00,
1.125226655,8283556,Antal Van Der Duim,Van Der Duim v Reuter,80,2016-06-14 08:05:04.016,2.84,2016-06-14 08:15:00,
1.125226655,8283556,Antal Van Der Duim,Van Der Duim v Reuter,90,2016-06-14 09:27:45.062,2.82,2016-06-14 09:30:00,
1.125226655,8283556,Antal Van Der Duim,Van Der Duim v Reuter,100,2016-06-14 10:29:06.421,2.82,2016-06-14 12:29:00,
1.125226655,8461638,Yannik Reuter,Van Der Duim v Reuter,0,2016-06-13 21:51:09.216,1.51,2016-06-14 08:00:00,
1.125226655,8461638,Yannik Reuter,Van Der Duim v Reuter,10,2016-06-13 21:52:03.522,1.52,2016-06-14 08:00:00,
1.125226655,8461638,Yannik Reuter,Van Der Duim v Reuter,20,2016-06-14 06:01:07.743,1.49,2016-06-14 08:00:00,
1.125226655,8461638,Yannik Reuter,Van Der Duim v Reuter,30,2016-06-14 06:13:08.667,1.5,2016-06-14 08:00:00,
1.125226655,8461638,Yannik Reuter,Van Der Duim v Reuter,40,2016-06-14 06:21:00.481,1.51,2016-06-14 08:00:00,
1.125226655,8461638,Yannik Reuter,Van Der Duim v Reuter,50,2016-06-14 07:50:09.151,1.59,2016-06-14 08:00:00,
1.125226655,8461638,Yannik Reuter,Van Der Duim v Reuter,60,2016-06-14 07:54:49.647,1.52,2016-06-14 08:00:00,
1.125226655,8461638,Yannik Reuter,Van Der Duim v Reuter,70,2016-06-14 08:04:05.368,1.72,2016-06-14 08:15:00,
1.125226655,8461638,Yannik Reuter,Van Der Duim v Reuter,80,2016-06-14 09:09:46.323,1.5,2016-06-14 09:15:00,
1.125226655,8461638,Yannik Reuter,Van Der Duim v Reuter,90,2016-06-14 10:19:03.864,1.54,2016-06-14 12:29:00,
1.125226655,8461638,Yannik Reuter,Van Der Duim v Reuter,100,2016-06-14 11:52:57.948,1.52,2016-06-14 12:33:00,
1.12522668,4843189,Christian Lindell,Lindell v Teixeira,0,2016-06-14 07:14:29.708,1.74,2016-06-14 11:00:00,
1.12522668,4843189,Christian Lindell,Lindell v Teixeira,10,2016-06-14 12:18:07.821,1.71,2016-06-14 16:10:00,
1.12522668,4843189,Christian Lindell,Lindell v Teixeira,20,2016-06-14 12:22:11.250,1.65,2016-06-14 16:10:00,
1.12522668,4843189,Christian Lindell,Lindell v Teixeira,30,2016-06-14 12:58:54.853,1.68,2016-06-14 16:10:00,
1.12522668,4843189,Christian Lindell,Lindell v Teixeira,40,2016-06-14 13:00:09.087,1.7,2016-06-14 16:10:00,
1.12522668,4843189,Christian Lindell,Lindell v Teixeira,50,2016-06-14 13:56:12.720,1.69,2016-06-14 15:50:00,
1.12522668,4843189,Christian Lindell,Lindell v Teixeira,60,2016-06-14 14:05:20.496,1.68,2016-06-14 15:50:00,
1.12522668,4843189,Christian Lindell,Lindell v Teixeira,70,2016-06-14 14:44:18.252,1.69,2016-06-14 15:50:00,
1.12522668,4843189,Christian Lindell,Lindell v Teixeira,80,2016-06-14 14:55:27.309,1.68,2016-06-14 15:50:00,
1.12522668,4843189,Christian Lindell,Lindell v Teixeira,90,2016-06-14 14:56:13.671,1.65,2016-06-14 15:50:00,
1.12522668,4843189,Christian Lindell,Lindell v Teixeira,100,2016-06-14 16:30:22.078,1.64,2016-06-14 16:35:00,
1.12522668,5321113,Maxime Teixeira,Lindell v Teixeira,0,2016-06-13 17:52:28.147,2.5,2016-06-14 11:00:00,
1.12522668,5321113,Maxime Teixeira,Lindell v Teixeira,10,2016-06-13 19:50:19.435,2.46,2016-06-14 11:00:00,
1.12522668,5321113,Maxime Teixeira,Lindell v Teixeira,20,2016-06-14 04:28:55.926,2.42,2016-06-14 11:00:00,
1.12522668,5321113,Maxime Teixeira,Lindell v Teixeira,30,2016-06-14 07:14:29.708,2.3,2016-06-14 11:00:00,
1.12522668,5321113,Maxime Teixeira,Lindell v Teixeira,40,2016-06-14 07:56:29.284,2.4,2016-06-14 11:00:00,
1.12522668,5321113,Maxime Teixeira,Lindell v Teixeira,50,2016-06-14 09:00:27.437,2.52,2016-06-14 11:00:00,
1.12522668,5321113,Maxime Teixeira,Lindell v Teixeira,60,2016-06-14 09:19:18.601,2.46,2016-06-14 11:00:00,
1.12522668,5321113,Maxime Teixeira,Lindell v Teixeira,70,2016-06-14 11:22:45.853,2.42,2016-06-14 16:33:00,
1.12522668,5321113,Maxime Teixeira,Lindell v Teixeira,80,2016-06-14 12:22:11.250,2.52,2016-06-14 16:10:00,
1.12522668,5321113,Maxime Teixeira,Lindell v Teixeira,90,2016-06-14 12:56:08.672,2.48,2016-06-14 16:10:00,
1.12522668,5321113,Maxime Teixeira,Lindell v Teixeira,100,2016-06-14 14:56:13.671,2.52,2016-06-14 15:50:00,
1.12522671,6604262,Alejandro Gonzalez,Alejandro Gonzalez v S Diez,0,2016-06-13 17:52:28.783,1.79,2016-06-14 16:00:00,
1.12522671,6604262,Alejandro Gonzalez,Alejandro Gonzalez v S Diez,10,2016-06-14 06:41:20.292,1.82,2016-06-14 16:00:00,
1.12522671,6604262,Alejandro Gonzalez,Alejandro Gonzalez v S Diez,20,2016-06-14 09:41:59.087,1.8,2016-06-14 16:00:00,
1.12522671,6604262,Alejandro Gonzalez,Alejandro Gonzalez v S Diez,30,2016-06-14 14:01:37.019,1.79,2016-06-14 16:00:00,
1.12522671,6604262,Alejandro Gonzalez,Alejandro Gonzalez v S Diez,40,2016-06-15 07:18:44.645,1.84,2016-06-15 08:00:00,
1.12522671,6604262,Alejandro Gonzalez,Alejandro Gonzalez v S Diez,50,2016-06-15 07:35:45.422,1.79,2016-06-15 08:00:00,
1.12522671,6604262,Alejandro Gonzalez,Alejandro Gonzalez v S Diez,60,2016-06-15 07:43:40.821,1.78,2016-06-15 08:00:00,
1.12522671,6604262,Alejandro Gonzalez,Alejandro Gonzalez v S Diez,70,2016-06-15 07:48:42.837,1.75,2016-06-15 08:00:00,
1.12522671,6604262,Alejandro Gonzalez,Alejandro Gonzalez v S Diez,80,2016-06-15 07:55:20.311,1.87,2016-06-15 08:00:00,
1.12522671,6604262,Alejandro Gonzalez,Alejandro Gonzalez v S Diez,90,2016-06-15 07:57:41.269,1.64,2016-06-15 08:00:00,
1.12522671,6604262,Alejandro Gonzalez,Alejandro Gonzalez v S Diez,100,2016-06-15 07:59:42.329,1.72,2016-06-15 08:00:00,
1.125226715,2328051,Coco Vandeweghe,K Mladenovic v Vandeweghe,0,2016-06-11 18:00:48.173,1.57,2016-06-12 10:00:00,
1.125226715,2328051,Coco Vandeweghe,K Mladenovic v Vandeweghe,10,2016-06-11 23:19:26.903,1.55,2016-06-12 10:00:00,
1.125226715,2328051,Coco Vandeweghe,K Mladenovic v Vandeweghe,20,2016-06-12 05:11:49.560,1.57,2016-06-12 10:00:00,
1.125226715,2328051,Coco Vandeweghe,K Mladenovic v Vandeweghe,30,2016-06-12 06:23:38.574,1.53,2016-06-12 10:00:00,
1.125226715,2328051,Coco Vandeweghe,K Mladenovic v Vandeweghe,40,2016-06-12 07:05:31.061,1.53,2016-06-12 10:00:00,
1.125226715,2328051,Coco Vandeweghe,K Mladenovic v Vandeweghe,50,2016-06-12 07:33:55.586,1.56,2016-06-12 10:00:00,
1.125226715,2328051,Coco Vandeweghe,K Mladenovic v Vandeweghe,60,2016-06-12 07:52:57.945,1.56,2016-06-12 10:00:00,
1.125226715,2328051,Coco Vandeweghe,K Mladenovic v Vandeweghe,70,2016-06-12 09:05:35.338,1.55,2016-06-12 10:00:00,
1.125226715,2328051,Coco Vandeweghe,K Mladenovic v Vandeweghe,80,2016-06-12 09:20:47.903,1.55,2016-06-12 10:00:00,
1.125226715,2328051,Coco Vandeweghe,K Mladenovic v Vandeweghe,90,2016-06-12 09:36:44.939,1.53,2016-06-12 10:00:00,
1.125226715,2328051,Coco Vandeweghe,K Mladenovic v Vandeweghe,100,2016-06-12 09:48:44.834,1.53,2016-06-12 10:00:00,
1.125226715,3622052,Kristina Mladenovic,K Mladenovic v Vandeweghe,0,2016-06-11 20:58:24.364,2.78,2016-06-12 10:00:00,
1.125226715,3622052,Kristina Mladenovic,K Mladenovic v Vandeweghe,10,2016-06-12 00:27:25.669,2.74,2016-06-12 10:00:00,
1.125226715,3622052,Kristina Mladenovic,K Mladenovic v Vandeweghe,20,2016-06-12 06:17:14.533,3.0,2016-06-12 10:00:00,
1.125226715,3622052,Kristina Mladenovic,K Mladenovic v Vandeweghe,30,2016-06-12 06:35:21.801,2.8,2016-06-12 10:00:00,
1.125226715,3622052,Kristina Mladenovic,K Mladenovic v Vandeweghe,40,2016-06-12 07:31:48.022,2.82,2016-06-12 10:00:00,
1.125226715,3622052,Kristina Mladenovic,K Mladenovic v Vandeweghe,50,2016-06-12 07:36:59.355,2.78,2016-06-12 10:00:00,
1.125226715,3622052,Kristina Mladenovic,K Mladenovic v Vandeweghe,60,2016-06-12 07:42:46.060,2.8,2016-06-12 10:00:00,
1.125226715,3622052,Kristina Mladenovic,K Mladenovic v Vandeweghe,70,2016-06-12 08:40:41.972,2.76,2016-06-12 10:00:00,
1.125226715,3622052,Kristina Mladenovic,K Mladenovic v Vandeweghe,80,2016-06-12 09:13:35.594,2.88,2016-06-12 10:00:00,
1.125226715,3622052,Kristina Mladenovic,K Mladenovic v Vandeweghe,90,2016-06-12 09:21:32.948,2.82,2016-06-12 10:00:00,
1.125226715,3622052,Kristina Mladenovic,K Mladenovic v Vandeweghe,100,2016-06-12 09:42:46.270,2.82,2016-06-12 10:00:00,
1.125226988,3705838,Evan King,S Katayama v E King,0,2016-06-12 04:03:53.512,1.22,2016-06-12 04:05:00,
1.125226988,3705838,Evan King,S Katayama v E King,10,2016-06-12 05:27:56.818,1.6,2016-06-12 06:05:00,2016-06-12 04:21:15.181
1.125226988,3705838,Evan King,S Katayama v E King,20,2016-06-12 05:34:07.602,1.3,2016-06-12 06:05:00,2016-06-12 04:21:15.181
1.125226988,3705838,Evan King,S Katayama v E King,30,2016-06-12 05:42:54.913,1.2,2016-06-12 06:05:00,2016-06-12 04:21:15.181
1.125226988,3705838,Evan King,S Katayama v E King,40,2016-06-12 05:48:07.022,1.25,2016-06-12 06:05:00,2016-06-12 04:21:15.181
1.125226988,3705838,Evan King,S Katayama v E King,50,2016-06-12 05:51:05.613,1.16,2016-06-12 06:05:00,2016-06-12 04:21:15.181
1.125226988,3705838,Evan King,S Katayama v E King,60,2016-06-12 05:54:06.718,1.12,2016-06-12 06:05:00,2016-06-12 04:21:15.181
1.125226988,3705838,Evan King,S Katayama v E King,70,2016-06-12 05:55:06.931,1.1,2016-06-12 06:05:00,2016-06-12 04:21:15.181
1.125226988,3705838,Evan King,S Katayama v E King,80,2016-06-12 05:59:01.472,1.08,2016-06-12 06:05:00,2016-06-12 04:21:15.181
1.125226988,3705838,Evan King,S Katayama v E King,90,2016-06-12 05:59:59.784,1.12,2016-06-12 06:05:00,2016-06-12 04:21:15.181
1.125226988,3705838,Evan King,S Katayama v E King,100,2016-06-12 06:04:04.959,1.12,2016-06-12 06:05:00,2016-06-12 04:21:15.181
1.125227017,8445700,Klara Koukalova,K Bondarenko v Koukalova,0,2016-06-12 10:01:30.691,3.95,2016-06-12 14:15:00,
1.125227017,8445700,Klara Koukalova,K Bondarenko v Koukalova,10,2016-06-12 10:08:41.433,3.85,2016-06-12 14:15:00,
1.125227017,8445700,Klara Koukalova,K Bondarenko v Koukalova,20,2016-06-12 10:09:44.798,3.7,2016-06-12 14:15:00,
1.125227017,8445700,Klara Koukalova,K Bondarenko v Koukalova,30,2016-06-12 10:10:31.762,3.75,2016-06-12 14:15:00,
1.125227017,8445700,Klara Koukalova,K Bondarenko v Koukalova,40,2016-06-12 10:11:34.173,3.9,2016-06-12 14:15:00,
1.125227017,8445700,Klara Koukalova,K Bondarenko v Koukalova,50,2016-06-12 10:12:26.402,3.7,2016-06-12 14:15:00,
1.125227017,8445700,Klara Koukalova,K Bondarenko v Koukalova,60,2016-06-12 10:22:33.878,3.9,2016-06-12 14:30:00,
1.125227017,8445700,Klara Koukalova,K Bondarenko v Koukalova,70,2016-06-12 12:01:34.316,3.8,2016-06-12 16:15:00,
1.125227017,8445700,Klara Koukalova,K Bondarenko v Koukalova,80,2016-06-12 13:25:25.988,3.75,2016-06-12 15:22:00,
1.125227017,8445700,Klara Koukalova,K Bondarenko v Koukalova,90,2016-06-12 14:00:38.086,4.0,2016-06-12 15:22:00,
1.125227017,8445700,Klara Koukalova,K Bondarenko v Koukalova,100,2016-06-12 15:58:55.998,3.8,2016-06-12 16:07:00,
1.125227096,4566011,Alison Riske,Ka Pliskova v Riske,0,2016-06-11 21:01:04.986,2.48,2016-06-12 13:00:00,
1.125227096,4566011,Alison Riske,Ka Pliskova v Riske,10,2016-06-12 02:15:45.204,2.56,2016-06-12 13:00:00,
1.125227096,4566011,Alison Riske,Ka Pliskova v Riske,20,2016-06-12 08:42:51.351,2.52,2016-06-12 13:00:00,
1.125227096,4566011,Alison Riske,Ka Pliskova v Riske,30,2016-06-12 09:37:54.668,2.5,2016-06-12 13:00:00,
1.125227096,4566011,Alison Riske,Ka Pliskova v Riske,40,2016-06-12 10:00:09.739,2.46,2016-06-12 13:00:00,
1.125227096,4566011,Alison Riske,Ka Pliskova v Riske,50,2016-06-12 10:24:02.189,2.42,2016-06-12 13:00:00,
1.125227096,4566011,Alison Riske,Ka Pliskova v Riske,60,2016-06-12 10:35:06.325,2.46,2016-06-12 13:00:00,
1.125227096,4566011,Alison Riske,Ka Pliskova v Riske,70,2016-06-12 11:34:10.764,2.5,2016-06-12 13:00:00,
1.125227096,4566011,Alison Riske,Ka Pliskova v Riske,80,2016-06-12 12:46:04.466,2.48,2016-06-12 13:00:00,
1.125227096,4566011,Alison Riske,Ka Pliskova v Riske,90,2016-06-12 13:12:10.260,2.46,2016-06-12 13:15:00,
1.125227096,4566011,Alison Riske,Ka Pliskova v Riske,100,2016-06-12 14:16:10.892,2.46,2016-06-12 14:30:00,
1.125227096,6199453,Karolina Pliskova,Ka Pliskova v Riske,0,2016-06-11 18:32:43.846,1.55,2016-06-12 13:00:00,
1.125227096,6199453,Karolina Pliskova,Ka Pliskova v Riske,10,2016-06-11 22:28:44.582,1.63,2016-06-12 13:00:00,
1.125227096,6199453,Karolina Pliskova,Ka Pliskova v Riske,20,2016-06-12 02:15:45.204,1.65,2016-06-12 13:00:00,
1.125227096,6199453,Karolina Pliskova,Ka Pliskova v Riske,30,2016-06-12 08:39:59.513,1.65,2016-06-12 13:00:00,
1.125227096,6199453,Karolina Pliskova,Ka Pliskova v Riske,40,2016-06-12 09:49:55.327,1.67,2016-06-12 13:00:00,
1.125227096,6199453,Karolina Pliskova,Ka Pliskova v Riske,50,2016-06-12 10:19:51.234,1.68,2016-06-12 13:00:00,
1.125227096,6199453,Karolina Pliskova,Ka Pliskova v Riske,60,2016-06-12 11:18:46.976,1.66,2016-06-12 13:00:00,
1.125227096,6199453,Karolina Pliskova,Ka Pliskova v Riske,70,2016-06-12 12:33:04.419,1.68,2016-06-12 13:00:00,
1.125227096,6199453,Karolina Pliskova,Ka Pliskova v Riske,80,2016-06-12 13:08:52.785,1.67,2016-06-12 13:15:00,
1.125227096,6199453,Karolina Pliskova,Ka Pliskova v Riske,90,2016-06-12 13:44:08.624,1.66,2016-06-12 14:00:00,
1.125227096,6199453,Karolina Pliskova,Ka Pliskova v Riske,100,2016-06-12 14:41:55.154,1.67,2016-06-12 14:45:00,
1.125227173,2345099,Paolo Lorenzi,P Lorenzi v Donati,0,2016-06-12 08:36:53.307,1.34,2016-06-12 16:00:00,
1.125227173,2345099,Paolo Lorenzi,P Lorenzi v Donati,10,2016-06-12 11:18:21.235,1.36,2016-06-12 16:00:00,
1.125227173,2345099,Paolo Lorenzi,P Lorenzi v Donati,20,2016-06-12 12:48:00.715,1.28,2016-06-12 16:00:00,
1.125227173,2345099,Paolo Lorenzi,P Lorenzi v Donati,30,2016-06-12 14:00:32.598,1.36,2016-06-12 16:00:00,
1.125227173,2345099,Paolo Lorenzi,P Lorenzi v Donati,40,2016-06-12 14:02:51.247,1.3,2016-06-12 16:00:00,
1.125227173,2345099,Paolo Lorenzi,P Lorenzi v Donati,50,2016-06-12 14:13:48.976,1.36,2016-06-12 16:00:00,
1.125227173,2345099,Paolo Lorenzi,P Lorenzi v Donati,60,2016-06-12 14:27:50.438,1.38,2016-06-12 16:00:00,
1.125227173,2345099,Paolo Lorenzi,P Lorenzi v Donati,70,2016-06-12 14:46:49.255,1.36,2016-06-12 16:00:00,
1.125227173,2345099,Paolo Lorenzi,P Lorenzi v Donati,80,2016-06-12 15:02:48.912,1.38,2016-06-12 16:00:00,
1.125227173,2345099,Paolo Lorenzi,P Lorenzi v Donati,90,2016-06-12 15:17:42.940,1.33,2016-06-12 16:00:00,
1.125227173,2345099,Paolo Lorenzi,P Lorenzi v Donati,100,2016-06-12 15:45:25.513,1.4,2016-06-12 16:00:00,
1.125227173,8285864,Matteo Donati,P Lorenzi v Donati,0,2016-06-12 10:02:55.842,3.55,2016-06-12 16:00:00,
1.125227173,8285864,Matteo Donati,P Lorenzi v Donati,10,2016-06-12 10:20:48.295,3.75,2016-06-12 16:00:00,
1.125227173,8285864,Matteo Donati,P Lorenzi v Donati,20,2016-06-12 11:18:21.235,3.8,2016-06-12 16:00:00,
1.125227173,8285864,Matteo Donati,P Lorenzi v Donati,30,2016-06-12 14:00:32.598,3.85,2016-06-12 16:00:00,
1.125227173,8285864,Matteo Donati,P Lorenzi v Donati,40,2016-06-12 14:01:48.742,3.8,2016-06-12 16:00:00,
1.125227173,8285864,Matteo Donati,P Lorenzi v Donati,50,2016-06-12 14:13:48.976,3.6,2016-06-12 16:00:00,
1.125227173,8285864,Matteo Donati,P Lorenzi v Donati,60,2016-06-12 14:27:50.438,3.65,2016-06-12 16:00:00,
1.125227173,8285864,Matteo Donati,P Lorenzi v Donati,70,2016-06-12 14:29:47.718,3.6,2016-06-12 16:00:00,
1.125227173,8285864,Matteo Donati,P Lorenzi v Donati,80,2016-06-12 14:30:21.112,3.65,2016-06-12 16:00:00,
1.125227173,8285864,Matteo Donati,P Lorenzi v Donati,90,2016-06-12 15:02:48.912,3.9,2016-06-12 16:00:00,
1.125227173,8285864,Matteo Donati,P Lorenzi v Donati,100,2016-06-12 15:45:25.513,3.5,2016-06-12 16:00:00,
1.125227183,2248579,Gilles Muller,G Muller v Mahut,0,2016-06-11 19:08:44.414,2.34,2016-06-12 12:00:00,
1.125227183,2248579,Gilles Muller,G Muller v Mahut,10,2016-06-11 23:05:19.978,2.14,2016-06-12 12:00:00,
1.125227183,2248579,Gilles Muller,G Muller v Mahut,20,2016-06-12 08:16:05.134,2.16,2016-06-12 12:00:00,
1.125227183,2248579,Gilles Muller,G Muller v Mahut,30,2016-06-12 09:46:34.003,2.18,2016-06-12 12:00:00,
1.125227183,2248579,Gilles Muller,G Muller v Mahut,40,2016-06-12 11:08:35.389,2.16,2016-06-12 12:00:00,
1.125227183,2248579,Gilles Muller,G Muller v Mahut,50,2016-06-12 12:09:43.583,2.16,2016-06-12 12:15:00,
1.125227183,2248579,Gilles Muller,G Muller v Mahut,60,2016-06-12 13:06:27.158,2.12,2016-06-12 13:15:00,
1.125227183,2248579,Gilles Muller,G Muller v Mahut,70,2016-06-12 14:58:44.386,2.16,2016-06-12 15:00:00,
1.125227183,2248579,Gilles Muller,G Muller v Mahut,80,2016-06-12 19:14:31.442,4.3,2016-06-13 08:00:00,2016-06-12 15:15:34.679
1.125227183,2248579,Gilles Muller,G Muller v Mahut,90,2016-06-12 22:05:30.965,4.1,2016-06-13 08:00:00,2016-06-12 15:15:34.679
1.125227183,2248579,Gilles Muller,G Muller v Mahut,100,2016-06-13 08:07:18.493,4.2,2016-06-13 08:15:00,2016-06-12 15:15:34.679
1.125227183,2257317,Nicolas Mahut,G Muller v Mahut,0,2016-06-11 19:08:44.414,1.74,2016-06-12 12:00:00,
1.125227183,2257317,Nicolas Mahut,G Muller v Mahut,10,2016-06-12 00:48:34.023,1.86,2016-06-12 12:00:00,
1.125227183,2257317,Nicolas Mahut,G Muller v Mahut,20,2016-06-12 08:30:25.111,1.89,2016-06-12 12:00:00,
1.125227183,2257317,Nicolas Mahut,G Muller v Mahut,30,2016-06-12 10:03:44.165,1.85,2016-06-12 12:00:00,
1.125227183,2257317,Nicolas Mahut,G Muller v Mahut,40,2016-06-12 11:19:36.397,1.87,2016-06-12 12:00:00,
1.125227183,2257317,Nicolas Mahut,G Muller v Mahut,50,2016-06-12 12:34:34.773,1.89,2016-06-12 12:45:00,
1.125227183,2257317,Nicolas Mahut,G Muller v Mahut,60,2016-06-12 14:58:44.386,1.88,2016-06-12 15:00:00,
1.125227183,2257317,Nicolas Mahut,G Muller v Mahut,70,2016-06-12 19:30:58.911,1.3,2016-06-13 08:00:00,2016-06-12 15:15:34.679
1.125227183,2257317,Nicolas Mahut,G Muller v Mahut,80,2016-06-12 22:23:48.790,1.31,2016-06-13 08:00:00,2016-06-12 15:15:34.679
1.125227183,2257317,Nicolas Mahut,G Muller v Mahut,90,2016-06-13 04:30:27.743,1.32,2016-06-13 08:00:00,2016-06-12 15:15:34.679
1.125227183,2257317,Nicolas Mahut,G Muller v Mahut,100,2016-06-13 08:10:16.072,1.33,2016-06-13 08:15:00,2016-06-12 15:15:34.679
1.125227533,2257302,Philipp Kohlschreiber,D Thiem v Kohlschreiber,0,2016-06-11 18:53:31.975,2.12,2016-06-12 11:30:00,
1.125227533,2257302,Philipp Kohlschreiber,D Thiem v Kohlschreiber,10,2016-06-11 23:17:57.785,1.76,2016-06-12 11:30:00,
1.125227533,2257302,Philipp Kohlschreiber,D Thiem v Kohlschreiber,20,2016-06-12 05:53:40.176,1.75,2016-06-12 11:30:00,
1.125227533,2257302,Philipp Kohlschreiber,D Thiem v Kohlschreiber,30,2016-06-12 08:54:38.632,1.73,2016-06-12 11:30:00,
1.125227533,2257302,Philipp Kohlschreiber,D Thiem v Kohlschreiber,40,2016-06-12 10:28:18.473,1.68,2016-06-12 11:30:00,
1.125227533,2257302,Philipp Kohlschreiber,D Thiem v Kohlschreiber,50,2016-06-12 11:25:39.439,1.65,2016-06-12 11:30:00,
1.125227533,2257302,Philipp Kohlschreiber,D Thiem v Kohlschreiber,60,2016-06-12 19:19:04.225,1.54,2016-06-13 08:30:00,2016-06-12 12:32:41.004
1.125227533,2257302,Philipp Kohlschreiber,D Thiem v Kohlschreiber,70,2016-06-12 21:01:36.436,1.54,2016-06-13 08:30:00,2016-06-12 12:32:41.004
1.125227533,2257302,Philipp Kohlschreiber,D Thiem v Kohlschreiber,80,2016-06-13 02:47:02.212,1.57,2016-06-13 08:30:00,2016-06-12 12:32:41.004
1.125227533,2257302,Philipp Kohlschreiber,D Thiem v Kohlschreiber,90,2016-06-13 05:42:30.144,1.55,2016-06-13 08:30:00,2016-06-12 12:32:41.004
1.125227533,2257302,Philipp Kohlschreiber,D Thiem v Kohlschreiber,100,2016-06-13 08:24:33.692,1.55,2016-06-13 08:30:00,2016-06-12 12:32:41.004
1.125227533,5720747,Dominic Thiem,D Thiem v Kohlschreiber,0,2016-06-11 18:53:31.975,1.88,2016-06-12 11:30:00,
1.125227533,5720747,Dominic Thiem,D Thiem v Kohlschreiber,10,2016-06-11 23:21:32.352,2.34,2016-06-12 11:30:00,
1.125227533,5720747,Dominic Thiem,D Thiem v Kohlschreiber,20,2016-06-12 05:39:24.246,2.28,2016-06-12 11:30:00,
1.125227533,5720747,Dominic Thiem,D Thiem v Kohlschreiber,30,2016-06-12 09:03:39.156,2.42,2016-06-12 11:30:00,
1.125227533,5720747,Dominic Thiem,D Thiem v Kohlschreiber,40,2016-06-12 09:48:36.182,2.44,2016-06-12 11:30:00,
1.125227533,5720747,Dominic Thiem,D Thiem v Kohlschreiber,50,2016-06-12 11:09:40.392,2.46,2016-06-12 11:30:00,
1.125227533,5720747,Dominic Thiem,D Thiem v Kohlschreiber,60,2016-06-12 18:36:34.024,2.82,2016-06-13 08:30:00,2016-06-12 12:32:41.004
1.125227533,5720747,Dominic Thiem,D Thiem v Kohlschreiber,70,2016-06-12 19:42:33.741,2.86,2016-06-13 08:30:00,2016-06-12 12:32:41.004
1.125227533,5720747,Dominic Thiem,D Thiem v Kohlschreiber,80,2016-06-12 21:48:28.137,2.76,2016-06-13 08:30:00,2016-06-12 12:32:41.004
1.125227533,5720747,Dominic Thiem,D Thiem v Kohlschreiber,90,2016-06-13 04:34:27.220,2.72,2016-06-13 08:30:00,2016-06-12 12:32:41.004
1.125227533,5720747,Dominic Thiem,D Thiem v Kohlschreiber,100,2016-06-13 08:24:33.692,2.8,2016-06-13 08:30:00,2016-06-12 12:32:41.004
1.125228045,2609424,Mikhail Kukushkin,Kukushkin v S Diez,0,2016-06-12 09:38:27.471,1.31,2016-06-12 11:30:00,
1.125228045,2609424,Mikhail Kukushkin,Kukushkin v S Diez,10,2016-06-12 10:43:01.453,1.35,2016-06-12 11:30:00,
1.125228045,2609424,Mikhail Kukushkin,Kukushkin v S Diez,20,2016-06-12 11:21:17.279,1.22,2016-06-12 11:30:00,
1.125228045,2609424,Mikhail Kukushkin,Kukushkin v S Diez,30,2016-06-12 11:35:05.876,1.19,2016-06-12 11:45:00,
1.125228045,2609424,Mikhail Kukushkin,Kukushkin v S Diez,40,2016-06-12 11:46:22.592,1.2,2016-06-12 12:00:00,
1.125228045,2609424,Mikhail Kukushkin,Kukushkin v S Diez,50,2016-06-12 11:55:53.957,1.2,2016-06-12 12:00:00,
1.125228045,2609424,Mikhail Kukushkin,Kukushkin v S Diez,60,2016-06-12 12:25:12.341,1.27,2016-06-12 12:30:00,
1.125228045,2609424,Mikhail Kukushkin,Kukushkin v S Diez,70,2016-06-12 12:33:18.451,1.27,2016-06-12 12:45:00,
1.125228045,2609424,Mikhail Kukushkin,Kukushkin v S Diez,80,2016-06-12 12:45:21.858,1.21,2016-06-12 13:00:00,
1.125228045,2609424,Mikhail Kukushkin,Kukushkin v S Diez,90,2016-06-12 13:54:07.172,1.25,2016-06-12 14:00:00,
1.125228045,2609424,Mikhail Kukushkin,Kukushkin v S Diez,100,2016-06-12 14:13:24.253,1.3,2016-06-12 14:15:00,
1.125228045,4903593,Steven Diez,Kukushkin v S Diez,0,2016-06-12 09:19:41.755,3.65,2016-06-12 11:30:00,
1.125228045,4903593,Steven Diez,Kukushkin v S Diez,10,2016-06-12 09:32:26.295,3.7,2016-06-12 11:30:00,
1.125228045,4903593,Steven Diez,Kukushkin v S Diez,20,2016-06-12 10:43:01.453,3.85,2016-06-12 11:30:00,
1.125228045,4903593,Steven Diez,Kukushkin v S Diez,30,2016-06-12 11:03:32.988,4.2,2016-06-12 11:30:00,
1.125228045,4903593,Steven Diez,Kukushkin v S Diez,40,2016-06-12 11:30:23.418,5.5,2016-06-12 11:45:00,
1.125228045,4903593,Steven Diez,Kukushkin v S Diez,50,2016-06-12 11:42:25.615,5.5,2016-06-12 11:45:00,
1.125228045,4903593,Steven Diez,Kukushkin v S Diez,60,2016-06-12 11:48:08.315,6.0,2016-06-12 12:00:00,
1.125228045,4903593,Steven Diez,Kukushkin v S Diez,70,2016-06-12 12:23:26.152,5.0,2016-06-12 12:30:00,
1.125228045,4903593,Steven Diez,Kukushkin v S Diez,80,2016-06-12 12:30:19.104,5.0,2016-06-12 12:45:00,
1.125228045,4903593,Steven Diez,Kukushkin v S Diez,90,2016-06-12 13:31:24.148,4.5,2016-06-12 13:45:00,
1.125228045,4903593,Steven Diez,Kukushkin v S Diez,100,2016-06-12 14:13:24.253,4.3,2016-06-12 14:15:00,
1.125228083,2251579,Daniela Hantuchova,Hantuchova v Shvedova,0,2016-06-13 01:10:43.430,2.44,2016-06-13 16:00:00,
1.125228083,2251579,Daniela Hantuchova,Hantuchova v Shvedova,10,2016-06-13 02:43:10.735,2.22,2016-06-13 16:00:00,
1.125228083,2251579,Daniela Hantuchova,Hantuchova v Shvedova,20,2016-06-13 08:49:09.948,2.42,2016-06-13 16:00:00,
1.125228083,2251579,Daniela Hantuchova,Hantuchova v Shvedova,30,2016-06-13 12:06:10.043,2.26,2016-06-13 15:12:00,
1.125228083,2251579,Daniela Hantuchova,Hantuchova v Shvedova,40,2016-06-13 12:45:03.254,2.3,2016-06-13 15:12:00,
1.125228083,2251579,Daniela Hantuchova,Hantuchova v Shvedova,50,2016-06-13 13:19:59.990,2.28,2016-06-13 15:07:00,
1.125228083,2251579,Daniela Hantuchova,Hantuchova v Shvedova,60,2016-06-13 13:23:32.180,2.24,2016-06-13 15:07:00,
1.125228083,2251579,Daniela Hantuchova,Hantuchova v Shvedova,70,2016-06-13 13:43:02.409,2.3,2016-06-13 15:07:00,
1.125228083,2251579,Daniela Hantuchova,Hantuchova v Shvedova,80,2016-06-13 14:04:50.018,2.26,2016-06-13 15:07:00,
1.125228083,2251579,Daniela Hantuchova,Hantuchova v Shvedova,90,2016-06-13 14:20:09.804,2.24,2016-06-13 15:07:00,
1.125228083,2251579,Daniela Hantuchova,Hantuchova v Shvedova,100,2016-06-13 15:19:10.181,2.24,2016-06-13 15:22:00,
1.125228083,2263713,Yaroslava Shvedova,Hantuchova v Shvedova,0,2016-06-12 20:59:30.377,1.71,2016-06-13 16:00:00,
1.125228083,2263713,Yaroslava Shvedova,Hantuchova v Shvedova,10,2016-06-13 01:10:43.430,1.7,2016-06-13 16:00:00,
1.125228083,2263713,Yaroslava Shvedova,Hantuchova v Shvedova,20,2016-06-13 08:49:09.948,1.71,2016-06-13 16:00:00,
1.125228083,2263713,Yaroslava Shvedova,Hantuchova v Shvedova,30,2016-06-13 12:06:10.043,1.78,2016-06-13 15:12:00,
1.125228083,2263713,Yaroslava Shvedova,Hantuchova v Shvedova,40,2016-06-13 13:03:10.914,1.79,2016-06-13 15:12:00,
1.125228083,2263713,Yaroslava Shvedova,Hantuchova v Shvedova,50,2016-06-13 13:22:23.525,1.76,2016-06-13 15:07:00,
1.125228083,2263713,Yaroslava Shvedova,Hantuchova v Shvedova,60,2016-06-13 13:48:13.758,1.77,2016-06-13 15:07:00,
1.125228083,2263713,Yaroslava Shvedova,Hantuchova v Shvedova,70,2016-06-13 13:49:34.046,1.8,2016-06-13 15:07:00,
1.125228083,2263713,Yaroslava Shvedova,Hantuchova v Shvedova,80,2016-06-13 14:04:50.018,1.79,2016-06-13 15:07:00,
1.125228083,2263713,Yaroslava Shvedova,Hantuchova v Shvedova,90,2016-06-13 14:20:09.804,1.8,2016-06-13 15:07:00,
1.125228083,2263713,Yaroslava Shvedova,Hantuchova v Shvedova,100,2016-06-13 15:19:10.181,1.8,2016-06-13 15:22:00,
1.125228098,5704759,Eugenie Bouchard,Bouchard v Kovinic,0,2016-06-13 00:51:20.965,1.6,2016-06-14 12:00:00,
1.125228098,5704759,Eugenie Bouchard,Bouchard v Kovinic,10,2016-06-13 22:16:14.973,1.56,2016-06-14 09:00:00,
1.125228098,5704759,Eugenie Bouchard,Bouchard v Kovinic,20,2016-06-13 22:47:10.092,1.49,2016-06-14 09:00:00,
1.125228098,5704759,Eugenie Bouchard,Bouchard v Kovinic,30,2016-06-14 03:06:58.925,1.5,2016-06-14 09:00:00,
1.125228098,5704759,Eugenie Bouchard,Bouchard v Kovinic,40,2016-06-14 04:50:24.935,1.52,2016-06-14 09:00:00,
1.125228098,5704759,Eugenie Bouchard,Bouchard v Kovinic,50,2016-06-14 05:54:10.899,1.54,2016-06-14 09:00:00,
1.125228098,5704759,Eugenie Bouchard,Bouchard v Kovinic,60,2016-06-14 06:19:28.633,1.54,2016-06-14 09:00:00,
1.125228098,5704759,Eugenie Bouchard,Bouchard v Kovinic,70,2016-06-14 08:01:38.539,1.51,2016-06-14 09:00:00,
1.125228098,5704759,Eugenie Bouchard,Bouchard v Kovinic,80,2016-06-14 08:13:10.570,1.5,2016-06-14 09:00:00,
1.125228098,5704759,Eugenie Bouchard,Bouchard v Kovinic,90,2016-06-14 08:24:46.817,1.48,2016-06-14 09:00:00,
1.125228098,5704759,Eugenie Bouchard,Bouchard v Kovinic,100,2016-06-14 08:54:15.538,1.55,2016-06-14 09:00:00,
1.125228098,7414059,Danka Kovinic,Bouchard v Kovinic,0,2016-06-13 00:51:20.965,2.64,2016-06-14 12:00:00,
1.125228098,7414059,Danka Kovinic,Bouchard v Kovinic,10,2016-06-13 19:49:58.845,2.62,2016-06-14 09:00:00,
1.125228098,7414059,Danka Kovinic,Bouchard v Kovinic,20,2016-06-13 22:51:37.185,3.05,2016-06-14 09:00:00,
1.125228098,7414059,Danka Kovinic,Bouchard v Kovinic,30,2016-06-14 00:53:49.791,2.86,2016-06-14 09:00:00,
1.125228098,7414059,Danka Kovinic,Bouchard v Kovinic,40,2016-06-14 05:07:49.985,2.86,2016-06-14 09:00:00,
1.125228098,7414059,Danka Kovinic,Bouchard v Kovinic,50,2016-06-14 07:15:05.052,2.86,2016-06-14 09:00:00,
1.125228098,7414059,Danka Kovinic,Bouchard v Kovinic,60,2016-06-14 07:38:00.737,2.98,2016-06-14 09:00:00,
1.125228098,7414059,Danka Kovinic,Bouchard v Kovinic,70,2016-06-14 08:24:15.283,3.1,2016-06-14 09:00:00,
1.125228098,7414059,Danka Kovinic,Bouchard v Kovinic,80,2016-06-14 08:34:15.377,3.1,2016-06-14 09:00:00,
1.125228098,7414059,Danka Kovinic,Bouchard v Kovinic,90,2016-06-14 08:43:16.449,2.86,2016-06-14 09:00:00,
1.125228098,7414059,Danka Kovinic,Bouchard v Kovinic,100,2016-06-14 08:54:15.538,2.8,2016-06-14 09:00:00,
1.125228104,2252607,Jelena Jankovic,Ana Konjuh v J Jankovic,0,2016-06-13 21:14:28.684,1.83,2016-06-14 11:00:00,
1.125228104,2252607,Jelena Jankovic,Ana Konjuh v J Jankovic,10,2016-06-13 22:44:15.138,1.8,2016-06-14 11:00:00,
1.125228104,2252607,Jelena Jankovic,Ana Konjuh v J Jankovic,20,2016-06-14 04:14:13.538,1.74,2016-06-14 11:00:00,
1.125228104,2252607,Jelena Jankovic,Ana Konjuh v J Jankovic,30,2016-06-14 04:43:35.336,1.72,2016-06-14 11:00:00,
1.125228104,2252607,Jelena Jankovic,Ana Konjuh v J Jankovic,40,2016-06-14 04:51:39.063,1.75,2016-06-14 11:00:00,
1.125228104,2252607,Jelena Jankovic,Ana Konjuh v J Jankovic,50,2016-06-14 06:55:16.251,1.77,2016-06-14 11:00:00,
1.125228104,2252607,Jelena Jankovic,Ana Konjuh v J Jankovic,60,2016-06-14 07:18:13.271,1.81,2016-06-14 11:00:00,
1.125228104,2252607,Jelena Jankovic,Ana Konjuh v J Jankovic,70,2016-06-14 07:46:50.003,1.69,2016-06-14 11:00:00,
1.125228104,2252607,Jelena Jankovic,Ana Konjuh v J Jankovic,80,2016-06-14 08:09:09.132,1.7,2016-06-14 11:00:00,
1.125228104,2252607,Jelena Jankovic,Ana Konjuh v J Jankovic,90,2016-06-14 10:03:09.929,1.77,2016-06-14 10:53:00,
1.125228104,2252607,Jelena Jankovic,Ana Konjuh v J Jankovic,100,2016-06-14 10:35:54.018,1.76,2016-06-14 10:38:00,
1.125228104,8173632,Ana Konjuh,Ana Konjuh v J Jankovic,0,2016-06-13 04:14:41.733,2.04,2016-06-14 12:00:00,
1.125228104,8173632,Ana Konjuh,Ana Konjuh v J Jankovic,10,2016-06-13 21:23:00.308,2.08,2016-06-14 11:00:00,
1.125228104,8173632,Ana Konjuh,Ana Konjuh v J Jankovic,20,2016-06-13 22:43:16.425,2.18,2016-06-14 11:00:00,
1.125228104,8173632,Ana Konjuh,Ana Konjuh v J Jankovic,30,2016-06-13 23:46:50.073,2.2,2016-06-14 11:00:00,
1.125228104,8173632,Ana Konjuh,Ana Konjuh v J Jankovic,40,2016-06-14 04:14:13.538,2.34,2016-06-14 11:00:00,
1.125228104,8173632,Ana Konjuh,Ana Konjuh v J Jankovic,50,2016-06-14 05:32:03.854,2.22,2016-06-14 11:00:00,
1.125228104,8173632,Ana Konjuh,Ana Konjuh v J Jankovic,60,2016-06-14 06:55:16.251,2.3,2016-06-14 11:00:00,
1.125228104,8173632,Ana Konjuh,Ana Konjuh v J Jankovic,70,2016-06-14 07:18:13.271,2.22,2016-06-14 11:00:00,
1.125228104,8173632,Ana Konjuh,Ana Konjuh v J Jankovic,80,2016-06-14 07:46:17.446,2.32,2016-06-14 11:00:00,
1.125228104,8173632,Ana Konjuh,Ana Konjuh v J Jankovic,90,2016-06-14 08:10:20.162,2.3,2016-06-14 11:00:00,
1.125228104,8173632,Ana Konjuh,Ana Konjuh v J Jankovic,100,2016-06-14 10:35:54.018,2.28,2016-06-14 10:38:00,
1.125228245,5374368,Monica Puig,Goerges v Puig,0,2016-06-13 13:36:50.830,1.71,2016-06-14 12:00:00,
1.125228245,5374368,Monica Puig,Goerges v Puig,10,2016-06-14 03:37:18.748,1.75,2016-06-14 09:00:00,
1.125228245,5374368,Monica Puig,Goerges v Puig,20,2016-06-14 03:39:26.454,1.7,2016-06-14 09:00:00,
1.125228245,5374368,Monica Puig,Goerges v Puig,30,2016-06-14 03:40:16.675,1.68,2016-06-14 09:00:00,
1.125228245,5374368,Monica Puig,Goerges v Puig,40,2016-06-14 04:12:13.465,1.68,2016-06-14 09:00:00,
1.125228245,5374368,Monica Puig,Goerges v Puig,50,2016-06-14 04:35:15.676,1.69,2016-06-14 09:00:00,
1.125228245,5374368,Monica Puig,Goerges v Puig,60,2016-06-14 04:46:13.518,1.68,2016-06-14 09:00:00,
1.125228245,5374368,Monica Puig,Goerges v Puig,70,2016-06-14 06:53:32.451,1.76,2016-06-14 09:00:00,
1.125228245,5374368,Monica Puig,Goerges v Puig,80,2016-06-14 08:09:20.837,1.68,2016-06-14 09:00:00,
1.125228245,5374368,Monica Puig,Goerges v Puig,90,2016-06-14 08:37:25.616,1.7,2016-06-14 09:00:00,
1.125228245,5374368,Monica Puig,Goerges v Puig,100,2016-06-14 08:41:17.487,1.68,2016-06-14 09:00:00,
1.12522826,2264530,Kirsten Flipkens,Muguruza v Flipkens,0,2016-06-13 13:13:08.433,6.0,2016-06-14 12:00:00,
1.12522826,2264530,Kirsten Flipkens,Muguruza v Flipkens,10,2016-06-13 19:22:51.955,6.8,2016-06-14 15:00:00,
1.12522826,2264530,Kirsten Flipkens,Muguruza v Flipkens,20,2016-06-13 21:30:00.071,6.8,2016-06-14 15:00:00,
1.12522826,2264530,Kirsten Flipkens,Muguruza v Flipkens,30,2016-06-13 23:50:47.202,7.0,2016-06-14 15:00:00,
1.12522826,2264530,Kirsten Flipkens,Muguruza v Flipkens,40,2016-06-14 05:35:55.112,6.2,2016-06-14 15:00:00,
1.12522826,2264530,Kirsten Flipkens,Muguruza v Flipkens,50,2016-06-14 07:34:27.041,5.3,2016-06-14 15:00:00,
1.12522826,2264530,Kirsten Flipkens,Muguruza v Flipkens,60,2016-06-14 08:13:23.405,5.5,2016-06-14 15:00:00,
1.12522826,2264530,Kirsten Flipkens,Muguruza v Flipkens,70,2016-06-14 09:39:55.802,5.7,2016-06-14 14:53:00,
1.12522826,2264530,Kirsten Flipkens,Muguruza v Flipkens,80,2016-06-14 10:34:50.029,5.8,2016-06-14 14:38:00,
1.12522826,2264530,Kirsten Flipkens,Muguruza v Flipkens,90,2016-06-14 13:26:01.845,5.8,2016-06-14 14:07:00,
1.12522826,2264530,Kirsten Flipkens,Muguruza v Flipkens,100,2016-06-14 13:34:17.941,5.8,2016-06-14 14:07:00,
1.12522826,8735952,Garbiñe Muguruza,Muguruza v Flipkens,0,2016-06-12 14:14:36.279,1.16,2016-06-13 12:00:00,
1.12522826,8735952,Garbiñe Muguruza,Muguruza v Flipkens,10,2016-06-13 17:16:29.051,1.15,2016-06-14 15:00:00,
1.12522826,8735952,Garbiñe Muguruza,Muguruza v Flipkens,20,2016-06-13 20:07:24.554,1.17,2016-06-14 15:00:00,
1.12522826,8735952,Garbiñe Muguruza,Muguruza v Flipkens,30,2016-06-13 21:22:55.067,1.17,2016-06-14 15:00:00,
1.12522826,8735952,Garbiñe Muguruza,Muguruza v Flipkens,40,2016-06-14 05:05:25.743,1.18,2016-06-14 15:00:00,
1.12522826,8735952,Garbiñe Muguruza,Muguruza v Flipkens,50,2016-06-14 05:18:14.135,1.16,2016-06-14 15:00:00,
1.12522826,8735952,Garbiñe Muguruza,Muguruza v Flipkens,60,2016-06-14 08:20:02.378,1.23,2016-06-14 15:00:00,
1.12522826,8735952,Garbiñe Muguruza,Muguruza v Flipkens,70,2016-06-14 09:02:57.564,1.21,2016-06-14 14:53:00,
1.12522826,8735952,Garbiñe Muguruza,Muguruza v Flipkens,80,2016-06-14 10:43:45.150,1.22,2016-06-14 14:36:00,
1.12522826,8735952,Garbiñe Muguruza,Muguruza v Flipkens,90,2016-06-14 13:32:24.424,1.2,2016-06-14 14:07:00,
1.12522826,8735952,Garbiñe Muguruza,Muguruza v Flipkens,100,2016-06-14 13:52:23.781,1.21,2016-06-14 13:53:00,
1.125228407,5248977,Caroline Garcia,C Witthoeft v Caro Garcia,0,2016-06-12 14:16:20.352,1.28,2016-06-13 12:00:00,
1.125228407,5248977,Caroline Garcia,C Witthoeft v Caro Garcia,10,2016-06-13 02:57:23.149,1.31,2016-06-13 17:00:00,
1.125228407,5248977,Caroline Garcia,C Witthoeft v Caro Garcia,20,2016-06-13 05:15:28.949,1.32,2016-06-13 17:00:00,
1.125228407,5248977,Caroline Garcia,C Witthoeft v Caro Garcia,30,2016-06-13 09:55:44.297,1.32,2016-06-13 17:00:00,
1.125228407,5248977,Caroline Garcia,C Witthoeft v Caro Garcia,40,2016-06-13 10:13:54.894,1.31,2016-06-13 17:00:00,
1.125228407,5248977,Caroline Garcia,C Witthoeft v Caro Garcia,50,2016-06-13 10:52:07.709,1.31,2016-06-13 17:00:00,
1.125228407,5248977,Caroline Garcia,C Witthoeft v Caro Garcia,60,2016-06-13 15:12:13.212,1.29,2016-06-13 17:00:00,
1.125228407,5248977,Caroline Garcia,C Witthoeft v Caro Garcia,70,2016-06-13 16:25:49.948,1.31,2016-06-13 17:00:00,
1.125228407,5248977,Caroline Garcia,C Witthoeft v Caro Garcia,80,2016-06-13 16:53:24.989,1.31,2016-06-13 17:00:00,
1.125228407,5248977,Caroline Garcia,C Witthoeft v Caro Garcia,90,2016-06-13 16:54:54.897,1.3,2016-06-13 17:00:00,
1.125228407,5248977,Caroline Garcia,C Witthoeft v Caro Garcia,100,2016-06-13 16:58:56.527,1.3,2016-06-13 17:00:00,
1.125228422,4829328,Laura Siegemund,Hibino v Siegemund,0,2016-06-12 21:42:06.664,1.6,2016-06-13 12:00:00,
1.125228422,4829328,Laura Siegemund,Hibino v Siegemund,10,2016-06-14 03:37:55.067,1.69,2016-06-14 09:00:00,
1.125228422,4829328,Laura Siegemund,Hibino v Siegemund,20,2016-06-14 04:35:15.677,1.66,2016-06-14 09:00:00,
1.125228422,4829328,Laura Siegemund,Hibino v Siegemund,30,2016-06-14 05:29:42.614,1.66,2016-06-14 09:00:00,
1.125228422,4829328,Laura Siegemund,Hibino v Siegemund,40,2016-06-14 07:46:11.190,1.6,2016-06-14 09:00:00,
1.125228422,4829328,Laura Siegemund,Hibino v Siegemund,50,2016-06-14 08:02:55.207,1.64,2016-06-14 09:00:00,
1.125228422,4829328,Laura Siegemund,Hibino v Siegemund,60,2016-06-14 08:09:47.851,1.64,2016-06-14 09:00:00,
1.125228422,4829328,Laura Siegemund,Hibino v Siegemund,70,2016-06-14 08:40:31.818,1.58,2016-06-14 09:00:00,
1.125228422,4829328,Laura Siegemund,Hibino v Siegemund,80,2016-06-14 08:50:29.738,1.62,2016-06-14 09:00:00,
1.125228422,4829328,Laura Siegemund,Hibino v Siegemund,90,2016-06-14 08:52:08.413,1.6,2016-06-14 09:00:00,
1.125228422,4829328,Laura Siegemund,Hibino v Siegemund,100,2016-06-14 08:57:29.240,1.57,2016-06-14 09:00:00,
1.125228422,7683152,Nao Hibino,Hibino v Siegemund,0,2016-06-13 19:18:55.693,2.4,2016-06-14 09:00:00,
1.125228422,7683152,Nao Hibino,Hibino v Siegemund,10,2016-06-13 21:22:55.326,2.42,2016-06-14 09:00:00,
1.125228422,7683152,Nao Hibino,Hibino v Siegemund,20,2016-06-14 00:25:20.234,2.44,2016-06-14 09:00:00,
1.125228422,7683152,Nao Hibino,Hibino v Siegemund,30,2016-06-14 02:09:21.359,2.68,2016-06-14 09:00:00,
1.125228422,7683152,Nao Hibino,Hibino v Siegemund,40,2016-06-14 03:37:55.067,2.44,2016-06-14 09:00:00,
1.125228422,7683152,Nao Hibino,Hibino v Siegemund,50,2016-06-14 04:35:15.677,2.5,2016-06-14 09:00:00,
1.125228422,7683152,Nao Hibino,Hibino v Siegemund,60,2016-06-14 08:02:30.703,2.62,2016-06-14 09:00:00,
1.125228422,7683152,Nao Hibino,Hibino v Siegemund,70,2016-06-14 08:02:55.207,2.52,2016-06-14 09:00:00,
1.125228422,7683152,Nao Hibino,Hibino v Siegemund,80,2016-06-14 08:09:47.851,2.56,2016-06-14 09:00:00,
1.125228422,7683152,Nao Hibino,Hibino v Siegemund,90,2016-06-14 08:49:17.613,2.58,2016-06-14 09:00:00,
1.125228422,7683152,Nao Hibino,Hibino v Siegemund,100,2016-06-14 08:58:19.989,2.74,2016-06-14 09:00:00,
1.125228515,2249841,Ana Ivanovic,A Ivanovic v Parmentier,0,2016-06-12 14:15:07.861,1.2,2016-06-13 12:00:00,
1.125228515,2249841,Ana Ivanovic,A Ivanovic v Parmentier,10,2016-06-12 21:52:43.353,1.21,2016-06-13 12:00:00,
1.125228515,2249841,Ana Ivanovic,A Ivanovic v Parmentier,20,2016-06-14 08:09:07.318,1.21,2016-06-14 17:00:00,
1.125228515,2249841,Ana Ivanovic,A Ivanovic v Parmentier,30,2016-06-14 09:34:22.675,1.25,2016-06-14 17:00:00,
1.125228515,2249841,Ana Ivanovic,A Ivanovic v Parmentier,40,2016-06-14 12:00:57.108,1.24,2016-06-14 17:00:00,
1.125228515,2249841,Ana Ivanovic,A Ivanovic v Parmentier,50,2016-06-14 13:03:38.574,1.22,2016-06-14 17:00:00,
1.125228515,2249841,Ana Ivanovic,A Ivanovic v Parmentier,60,2016-06-14 14:02:14.995,1.22,2016-06-14 17:00:00,
1.125228515,2249841,Ana Ivanovic,A Ivanovic v Parmentier,70,2016-06-14 14:54:32.699,1.22,2016-06-14 17:00:00,
1.125228515,2249841,Ana Ivanovic,A Ivanovic v Parmentier,80,2016-06-14 15:26:32.267,1.23,2016-06-14 17:00:00,
1.125228515,2249841,Ana Ivanovic,A Ivanovic v Parmentier,90,2016-06-14 15:57:13.637,1.23,2016-06-14 17:00:00,
1.125228515,2249841,Ana Ivanovic,A Ivanovic v Parmentier,100,2016-06-14 16:52:38.401,1.23,2016-06-14 17:00:00,
1.125228623,5548385,Alison Van Uytvanck,Van Uytvanck v Duque-MariÑo,0,2016-06-12 23:07:58.382,1.86,2016-06-13 16:00:00,
1.125228623,5548385,Alison Van Uytvanck,Van Uytvanck v Duque-MariÑo,10,2016-06-13 01:14:39.353,1.77,2016-06-13 16:00:00,
1.125228623,5548385,Alison Van Uytvanck,Van Uytvanck v Duque-MariÑo,20,2016-06-13 08:09:08.419,1.77,2016-06-13 16:00:00,
1.125228623,5548385,Alison Van Uytvanck,Van Uytvanck v Duque-MariÑo,30,2016-06-13 10:13:40.087,1.8,2016-06-13 16:00:00,
1.125228623,5548385,Alison Van Uytvanck,Van Uytvanck v Duque-MariÑo,40,2016-06-13 11:08:33.762,1.83,2016-06-13 16:00:00,
1.125228623,5548385,Alison Van Uytvanck,Van Uytvanck v Duque-MariÑo,50,2016-06-13 11:31:51.603,1.84,2016-06-13 16:00:00,
1.125228623,5548385,Alison Van Uytvanck,Van Uytvanck v Duque-MariÑo,60,2016-06-13 11:37:48.355,1.86,2016-06-13 16:00:00,
1.125228623,5548385,Alison Van Uytvanck,Van Uytvanck v Duque-MariÑo,70,2016-06-13 11:59:28.564,1.87,2016-06-13 16:00:00,
1.125228623,5548385,Alison Van Uytvanck,Van Uytvanck v Duque-MariÑo,80,2016-06-13 13:45:31.496,1.85,2016-06-13 16:00:00,
1.125228623,5548385,Alison Van Uytvanck,Van Uytvanck v Duque-MariÑo,90,2016-06-13 13:59:41.891,1.85,2016-06-13 16:00:00,
1.125228623,5548385,Alison Van Uytvanck,Van Uytvanck v Duque-MariÑo,100,2016-06-13 15:47:56.675,1.85,2016-06-13 16:00:00,
1.125228639,2403862,Sabine Lisicki,Lisicki v K Mladenovic,0,2016-06-12 19:11:58.657,1.87,2016-06-13 12:00:00,
1.125228639,2403862,Sabine Lisicki,Lisicki v K Mladenovic,10,2016-06-13 10:23:42.849,1.9,2016-06-14 12:00:00,
1.125228639,2403862,Sabine Lisicki,Lisicki v K Mladenovic,20,2016-06-14 08:09:09.553,1.9,2016-06-14 13:00:00,
1.125228639,2403862,Sabine Lisicki,Lisicki v K Mladenovic,30,2016-06-14 10:02:08.933,1.92,2016-06-14 12:53:00,
1.125228639,2403862,Sabine Lisicki,Lisicki v K Mladenovic,40,2016-06-14 10:26:11.056,1.92,2016-06-14 12:53:00,
1.125228639,2403862,Sabine Lisicki,Lisicki v K Mladenovic,50,2016-06-14 10:50:22.997,1.91,2016-06-14 12:36:00,
1.125228639,2403862,Sabine Lisicki,Lisicki v K Mladenovic,60,2016-06-14 10:56:40.647,1.92,2016-06-14 12:36:00,
1.125228639,2403862,Sabine Lisicki,Lisicki v K Mladenovic,70,2016-06-14 11:09:30.191,1.94,2016-06-14 12:36:00,
1.125228639,2403862,Sabine Lisicki,Lisicki v K Mladenovic,80,2016-06-14 11:27:42.066,2.0,2016-06-14 12:36:00,
1.125228639,2403862,Sabine Lisicki,Lisicki v K Mladenovic,90,2016-06-14 11:29:34.057,2.0,2016-06-14 12:36:00,
1.125228639,2403862,Sabine Lisicki,Lisicki v K Mladenovic,100,2016-06-14 11:56:30.590,2.08,2016-06-14 12:36:00,
1.125228639,3622052,Kristina Mladenovic,Lisicki v K Mladenovic,0,2016-06-12 19:11:58.657,2.14,2016-06-13 12:00:00,
1.125228639,3622052,Kristina Mladenovic,Lisicki v K Mladenovic,10,2016-06-13 10:24:36.284,2.06,2016-06-14 12:00:00,
1.125228639,3622052,Kristina Mladenovic,Lisicki v K Mladenovic,20,2016-06-13 17:16:46.698,2.14,2016-06-14 13:00:00,
1.125228639,3622052,Kristina Mladenovic,Lisicki v K Mladenovic,30,2016-06-14 06:57:13.265,2.08,2016-06-14 13:00:00,
1.125228639,3622052,Kristina Mladenovic,Lisicki v K Mladenovic,40,2016-06-14 09:59:45.645,1.96,2016-06-14 12:53:00,
1.125228639,3622052,Kristina Mladenovic,Lisicki v K Mladenovic,50,2016-06-14 10:56:40.647,2.08,2016-06-14 12:36:00,
1.125228639,3622052,Kristina Mladenovic,Lisicki v K Mladenovic,60,2016-06-14 11:04:17.927,1.96,2016-06-14 12:36:00,
1.125228639,3622052,Kristina Mladenovic,Lisicki v K Mladenovic,70,2016-06-14 11:39:15.498,1.93,2016-06-14 12:36:00,
1.125228639,3622052,Kristina Mladenovic,Lisicki v K Mladenovic,80,2016-06-14 11:42:45.563,1.9,2016-06-14 12:36:00,
1.125228639,3622052,Kristina Mladenovic,Lisicki v K Mladenovic,90,2016-06-14 11:56:30.590,1.92,2016-06-14 12:36:00,
1.125228639,3622052,Kristina Mladenovic,Lisicki v K Mladenovic,100,2016-06-14 12:03:35.480,1.93,2016-06-14 12:36:00,
1.125229994,10685000,Brunstrom/Siljestrom,Daniell/Novikov v Brunstrom/Siljestrom,0,2016-06-14 13:48:33.812,1.58,2016-06-14 16:00:00,
1.125229994,10685000,Brunstrom/Siljestrom,Daniell/Novikov v Brunstrom/Siljestrom,10,2016-06-16 04:14:00.477,1.32,2016-06-16 15:00:00,2016-06-15 18:56:02.948
1.125229994,10685000,Brunstrom/Siljestrom,Daniell/Novikov v Brunstrom/Siljestrom,20,2016-06-16 04:40:29.337,1.26,2016-06-16 15:00:00,2016-06-15 18:56:02.948
1.125229994,10685000,Brunstrom/Siljestrom,Daniell/Novikov v Brunstrom/Siljestrom,30,2016-06-16 06:03:54.294,1.31,2016-06-16 15:00:00,2016-06-15 18:56:02.948
1.125229994,10685000,Brunstrom/Siljestrom,Daniell/Novikov v Brunstrom/Siljestrom,40,2016-06-16 06:33:02.344,1.34,2016-06-16 15:00:00,2016-06-15 18:56:02.948
1.125229994,10685000,Brunstrom/Siljestrom,Daniell/Novikov v Brunstrom/Siljestrom,50,2016-06-16 07:47:46.647,1.35,2016-06-16 15:00:00,2016-06-15 18:56:02.948
1.125229994,10685000,Brunstrom/Siljestrom,Daniell/Novikov v Brunstrom/Siljestrom,60,2016-06-16 09:46:58.988,1.35,2016-06-16 15:00:00,2016-06-15 18:56:02.948
1.125229994,10685000,Brunstrom/Siljestrom,Daniell/Novikov v Brunstrom/Siljestrom,70,2016-06-16 11:14:30.833,1.35,2016-06-16 15:00:00,2016-06-15 18:56:02.948
1.125229994,10685000,Brunstrom/Siljestrom,Daniell/Novikov v Brunstrom/Siljestrom,80,2016-06-16 14:30:03.958,1.37,2016-06-16 16:45:00,2016-06-15 18:56:02.948
1.125229994,10685000,Brunstrom/Siljestrom,Daniell/Novikov v Brunstrom/Siljestrom,90,2016-06-16 15:25:03.538,1.33,2016-06-16 17:02:00,2016-06-15 18:56:02.948
1.125229994,10685000,Brunstrom/Siljestrom,Daniell/Novikov v Brunstrom/Siljestrom,100,2016-06-16 15:48:30.323,1.33,2016-06-16 17:02:00,2016-06-15 18:56:02.948
1.125229994,11292722,Daniell/Novikov,Daniell/Novikov v Brunstrom/Siljestrom,0,2016-06-14 13:48:33.812,2.7,2016-06-14 16:00:00,
1.125229994,11292722,Daniell/Novikov,Daniell/Novikov v Brunstrom/Siljestrom,10,2016-06-16 04:35:04.034,5.0,2016-06-16 15:00:00,2016-06-15 18:56:02.948
1.125229994,11292722,Daniell/Novikov,Daniell/Novikov v Brunstrom/Siljestrom,20,2016-06-16 05:13:46.873,4.4,2016-06-16 15:00:00,2016-06-15 18:56:02.948
1.125229994,11292722,Daniell/Novikov,Daniell/Novikov v Brunstrom/Siljestrom,30,2016-06-16 06:03:54.294,4.2,2016-06-16 15:00:00,2016-06-15 18:56:02.948
1.125229994,11292722,Daniell/Novikov,Daniell/Novikov v Brunstrom/Siljestrom,40,2016-06-16 06:05:52.234,4.0,2016-06-16 15:00:00,2016-06-15 18:56:02.948
1.125229994,11292722,Daniell/Novikov,Daniell/Novikov v Brunstrom/Siljestrom,50,2016-06-16 07:44:02.952,3.8,2016-06-16 15:00:00,2016-06-15 18:56:02.948
1.125229994,11292722,Daniell/Novikov,Daniell/Novikov v Brunstrom/Siljestrom,60,2016-06-16 09:27:51.850,3.9,2016-06-16 15:00:00,2016-06-15 18:56:02.948
1.125229994,11292722,Daniell/Novikov,Daniell/Novikov v Brunstrom/Siljestrom,70,2016-06-16 09:44:03.537,3.85,2016-06-16 15:00:00,2016-06-15 18:56:02.948
1.125229994,11292722,Daniell/Novikov,Daniell/Novikov v Brunstrom/Siljestrom,80,2016-06-16 14:30:03.958,3.65,2016-06-16 16:45:00,2016-06-15 18:56:02.948
1.125229994,11292722,Daniell/Novikov,Daniell/Novikov v Brunstrom/Siljestrom,90,2016-06-16 15:25:03.538,4.0,2016-06-16 17:02:00,2016-06-15 18:56:02.948
1.125229994,11292722,Daniell/Novikov,Daniell/Novikov v Brunstrom/Siljestrom,100,2016-06-16 17:08:00.060,3.75,2016-06-16 17:17:00,2016-06-15 18:56:02.948
1.125230202,7185192,Roberto Carballes Baena,Mager v Carballes Baena,0,2016-06-13 17:52:28.726,1.32,2016-06-14 15:00:00,
1.125230202,7185192,Roberto Carballes Baena,Mager v Carballes Baena,10,2016-06-14 06:20:50.314,1.33,2016-06-14 15:00:00,
1.125230202,7185192,Roberto Carballes Baena,Mager v Carballes Baena,20,2016-06-14 07:38:17.792,1.33,2016-06-14 15:00:00,
1.125230202,7185192,Roberto Carballes Baena,Mager v Carballes Baena,30,2016-06-14 08:31:06.358,1.4,2016-06-14 15:00:00,
1.125230202,7185192,Roberto Carballes Baena,Mager v Carballes Baena,40,2016-06-15 08:34:03.700,1.4,2016-06-15 11:00:00,
1.125230202,7185192,Roberto Carballes Baena,Mager v Carballes Baena,50,2016-06-15 09:19:04.629,1.42,2016-06-15 10:51:00,
1.125230202,7185192,Roberto Carballes Baena,Mager v Carballes Baena,60,2016-06-15 09:45:06.382,1.42,2016-06-15 10:51:00,
1.125230202,7185192,Roberto Carballes Baena,Mager v Carballes Baena,70,2016-06-15 09:46:00.874,1.43,2016-06-15 10:51:00,
1.125230202,7185192,Roberto Carballes Baena,Mager v Carballes Baena,80,2016-06-15 09:54:02.539,1.41,2016-06-15 10:51:00,
1.125230202,7185192,Roberto Carballes Baena,Mager v Carballes Baena,90,2016-06-15 09:59:53.272,1.43,2016-06-15 10:51:00,
1.125230202,7185192,Roberto Carballes Baena,Mager v Carballes Baena,100,2016-06-15 10:08:57.810,1.41,2016-06-15 10:51:00,
1.125231476,9002334,Elise Mertens,E Mertens v Hozumi,0,2016-06-13 03:15:29.316,1.58,2016-06-13 10:00:00,
1.125231476,9002334,Elise Mertens,E Mertens v Hozumi,10,2016-06-13 05:53:14.334,1.59,2016-06-13 10:00:00,
1.125231476,9002334,Elise Mertens,E Mertens v Hozumi,20,2016-06-13 06:08:41.833,1.56,2016-06-13 10:00:00,
1.125231476,9002334,Elise Mertens,E Mertens v Hozumi,30,2016-06-13 07:24:43.901,1.56,2016-06-13 10:00:00,
1.125231476,9002334,Elise Mertens,E Mertens v Hozumi,40,2016-06-13 08:23:31.532,1.55,2016-06-13 10:00:00,
1.125231476,9002334,Elise Mertens,E Mertens v Hozumi,50,2016-06-13 08:54:24.074,1.52,2016-06-13 10:00:00,
1.125231476,9002334,Elise Mertens,E Mertens v Hozumi,60,2016-06-13 09:08:43.721,1.63,2016-06-13 10:00:00,
1.125231476,9002334,Elise Mertens,E Mertens v Hozumi,70,2016-06-13 09:09:28.698,1.64,2016-06-13 10:00:00,
1.125231476,9002334,Elise Mertens,E Mertens v Hozumi,80,2016-06-13 09:25:37.433,1.63,2016-06-13 10:00:00,
1.125231476,9002334,Elise Mertens,E Mertens v Hozumi,90,2016-06-13 09:35:38.108,1.56,2016-06-13 10:00:00,
1.125231476,9002334,Elise Mertens,E Mertens v Hozumi,100,2016-06-13 09:45:29.513,1.56,2016-06-13 10:00:00,
1.125231518,2284304,Sergiy Stakhovsky,Kudla v Stakhovsky,0,2016-06-13 02:12:37.620,1.9,2016-06-13 12:00:00,
1.125231518,2284304,Sergiy Stakhovsky,Kudla v Stakhovsky,10,2016-06-13 07:05:48.211,1.88,2016-06-13 12:00:00,
1.125231518,2284304,Sergiy Stakhovsky,Kudla v Stakhovsky,20,2016-06-13 09:03:00.263,1.95,2016-06-13 12:00:00,
1.125231518,2284304,Sergiy Stakhovsky,Kudla v Stakhovsky,30,2016-06-13 09:28:53.618,1.93,2016-06-13 12:00:00,
1.125231518,2284304,Sergiy Stakhovsky,Kudla v Stakhovsky,40,2016-06-13 09:39:33.352,1.92,2016-06-13 12:00:00,
1.125231518,2284304,Sergiy Stakhovsky,Kudla v Stakhovsky,50,2016-06-13 10:15:03.055,1.9,2016-06-13 11:00:00,
1.125231518,2284304,Sergiy Stakhovsky,Kudla v Stakhovsky,60,2016-06-13 10:22:50.696,1.95,2016-06-13 11:00:00,
1.125231518,2284304,Sergiy Stakhovsky,Kudla v Stakhovsky,70,2016-06-13 10:42:55.726,1.94,2016-06-13 11:00:00,
1.125231518,2284304,Sergiy Stakhovsky,Kudla v Stakhovsky,80,2016-06-13 10:54:03.007,1.91,2016-06-13 11:00:00,
1.125231518,2284304,Sergiy Stakhovsky,Kudla v Stakhovsky,90,2016-06-13 11:09:01.785,1.89,2016-06-13 11:30:00,
1.125231518,2284304,Sergiy Stakhovsky,Kudla v Stakhovsky,100,2016-06-13 11:20:02.246,1.87,2016-06-13 11:30:00,
1.125231518,4829260,Denis Kudla,Kudla v Stakhovsky,0,2016-06-12 20:28:23.031,2.12,2016-06-13 12:00:00,
1.125231518,4829260,Denis Kudla,Kudla v Stakhovsky,10,2016-06-13 06:44:46.902,2.12,2016-06-13 12:00:00,
1.125231518,4829260,Denis Kudla,Kudla v Stakhovsky,20,2016-06-13 07:27:56.548,2.06,2016-06-13 12:00:00,
1.125231518,4829260,Denis Kudla,Kudla v Stakhovsky,30,2016-06-13 09:03:00.263,2.04,2016-06-13 12:00:00,
1.125231518,4829260,Denis Kudla,Kudla v Stakhovsky,40,2016-06-13 09:53:01.470,2.12,2016-06-13 12:00:00,
1.125231518,4829260,Denis Kudla,Kudla v Stakhovsky,50,2016-06-13 10:06:19.676,2.1,2016-06-13 11:00:00,
1.125231518,4829260,Denis Kudla,Kudla v Stakhovsky,60,2016-06-13 10:24:50.826,2.0,2016-06-13 11:00:00,
1.125231518,4829260,Denis Kudla,Kudla v Stakhovsky,70,2016-06-13 10:42:55.726,2.06,2016-06-13 11:00:00,
1.125231518,4829260,Denis Kudla,Kudla v Stakhovsky,80,2016-06-13 11:07:10.351,2.08,2016-06-13 11:30:00,
1.125231518,4829260,Denis Kudla,Kudla v Stakhovsky,90,2016-06-13 11:12:49.520,2.08,2016-06-13 11:30:00,
1.125231518,4829260,Denis Kudla,Kudla v Stakhovsky,100,2016-06-13 11:18:56.364,2.1,2016-06-13 11:30:00,
1.125231533,3374117,Yuichi Sugita,Sugita v Fritz,0,2016-06-12 17:27:15.684,2.6,2016-06-13 14:00:00,
1.125231533,3374117,Yuichi Sugita,Sugita v Fritz,10,2016-06-13 11:07:46.925,2.66,2016-06-13 13:30:00,
1.125231533,3374117,Yuichi Sugita,Sugita v Fritz,20,2016-06-13 18:14:55.617,1.78,2016-06-14 10:00:00,2016-06-13 16:12:03.245
1.125231533,3374117,Yuichi Sugita,Sugita v Fritz,30,2016-06-13 19:06:55.608,1.75,2016-06-14 10:00:00,2016-06-13 16:12:03.245
1.125231533,3374117,Yuichi Sugita,Sugita v Fritz,40,2016-06-13 21:05:56.259,1.8,2016-06-14 10:00:00,2016-06-13 16:12:03.245
1.125231533,3374117,Yuichi Sugita,Sugita v Fritz,50,2016-06-13 23:38:18.740,1.86,2016-06-14 10:00:00,2016-06-13 16:12:03.245
1.125231533,3374117,Yuichi Sugita,Sugita v Fritz,60,2016-06-14 04:09:31.697,1.83,2016-06-14 10:00:00,2016-06-13 16:12:03.245
1.125231533,3374117,Yuichi Sugita,Sugita v Fritz,70,2016-06-14 06:23:19.443,1.83,2016-06-14 10:00:00,2016-06-13 16:12:03.245
1.125231533,3374117,Yuichi Sugita,Sugita v Fritz,80,2016-06-14 07:55:18.056,1.84,2016-06-14 10:00:00,2016-06-13 16:12:03.245
1.125231533,3374117,Yuichi Sugita,Sugita v Fritz,90,2016-06-14 09:01:58.880,1.86,2016-06-14 10:00:00,2016-06-13 16:12:03.245
1.125231533,3374117,Yuichi Sugita,Sugita v Fritz,100,2016-06-14 10:42:48.385,1.93,2016-06-14 10:45:00,2016-06-13 16:12:03.245
1.125231533,10279360,Taylor Fritz,Sugita v Fritz,0,2016-06-12 17:23:54.720,1.63,2016-06-13 14:00:00,
1.125231533,10279360,Taylor Fritz,Sugita v Fritz,10,2016-06-13 06:08:28.488,1.6,2016-06-13 14:00:00,
1.125231533,10279360,Taylor Fritz,Sugita v Fritz,20,2016-06-13 08:39:16.929,1.55,2016-06-13 14:00:00,
1.125231533,10279360,Taylor Fritz,Sugita v Fritz,30,2016-06-13 10:08:42.270,1.56,2016-06-13 13:00:00,
1.125231533,10279360,Taylor Fritz,Sugita v Fritz,40,2016-06-13 12:55:42.806,1.57,2016-06-13 13:21:00,
1.125231533,10279360,Taylor Fritz,Sugita v Fritz,50,2016-06-13 18:34:37.669,2.42,2016-06-14 10:00:00,2016-06-13 16:12:03.245
1.125231533,10279360,Taylor Fritz,Sugita v Fritz,60,2016-06-13 20:55:02.917,2.28,2016-06-14 10:00:00,2016-06-13 16:12:03.245
1.125231533,10279360,Taylor Fritz,Sugita v Fritz,70,2016-06-13 22:19:00.826,2.16,2016-06-14 10:00:00,2016-06-13 16:12:03.245
1.125231533,10279360,Taylor Fritz,Sugita v Fritz,80,2016-06-14 03:20:43.349,2.16,2016-06-14 10:00:00,2016-06-13 16:12:03.245
1.125231533,10279360,Taylor Fritz,Sugita v Fritz,90,2016-06-14 06:53:52.470,2.22,2016-06-14 10:00:00,2016-06-13 16:12:03.245
1.125231533,10279360,Taylor Fritz,Sugita v Fritz,100,2016-06-14 10:43:30.135,2.0,2016-06-14 10:45:00,2016-06-13 16:12:03.245
1.125231626,2249398,Benjamin Becker,Gulbis v B Becker,0,2016-06-12 20:59:10.268,2.14,2016-06-13 14:00:00,
1.125231626,2249398,Benjamin Becker,Gulbis v B Becker,10,2016-06-13 06:57:56.381,1.99,2016-06-13 14:00:00,
1.125231626,2249398,Benjamin Becker,Gulbis v B Becker,20,2016-06-13 08:43:17.294,1.95,2016-06-13 14:00:00,
1.125231626,2249398,Benjamin Becker,Gulbis v B Becker,30,2016-06-13 09:45:06.823,1.9,2016-06-13 14:00:00,
1.125231626,2249398,Benjamin Becker,Gulbis v B Becker,40,2016-06-13 10:39:08.804,1.95,2016-06-13 13:52:00,
1.125231626,2249398,Benjamin Becker,Gulbis v B Becker,50,2016-06-13 12:09:02.919,1.97,2016-06-13 14:07:00,
1.125231626,2249398,Benjamin Becker,Gulbis v B Becker,60,2016-06-13 12:50:16.849,1.94,2016-06-13 14:48:00,
1.125231626,2249398,Benjamin Becker,Gulbis v B Becker,70,2016-06-13 13:32:14.324,2.02,2016-06-13 14:48:00,
1.125231626,2249398,Benjamin Becker,Gulbis v B Becker,80,2016-06-13 14:32:12.669,1.99,2016-06-13 14:48:00,
1.125231626,2249398,Benjamin Becker,Gulbis v B Becker,90,2016-06-13 15:21:46.545,2.02,2016-06-13 15:33:00,
1.125231626,2249398,Benjamin Becker,Gulbis v B Becker,100,2016-06-13 15:53:46.666,1.99,2016-06-13 16:03:00,
1.125231626,2257536,Ernests Gulbis,Gulbis v B Becker,0,2016-06-12 19:49:11.914,1.74,2016-06-13 14:00:00,
1.125231626,2257536,Ernests Gulbis,Gulbis v B Becker,10,2016-06-12 21:45:03.565,1.8,2016-06-13 14:00:00,
1.125231626,2257536,Ernests Gulbis,Gulbis v B Becker,20,2016-06-13 07:01:04.396,1.97,2016-06-13 14:00:00,
1.125231626,2257536,Ernests Gulbis,Gulbis v B Becker,30,2016-06-13 08:39:13.164,2.02,2016-06-13 14:00:00,
1.125231626,2257536,Ernests Gulbis,Gulbis v B Becker,40,2016-06-13 09:53:01.053,2.0,2016-06-13 14:00:00,
1.125231626,2257536,Ernests Gulbis,Gulbis v B Becker,50,2016-06-13 10:48:11.522,2.1,2016-06-13 13:52:00,
1.125231626,2257536,Ernests Gulbis,Gulbis v B Becker,60,2016-06-13 12:07:16.241,2.06,2016-06-13 14:07:00,
1.125231626,2257536,Ernests Gulbis,Gulbis v B Becker,70,2016-06-13 13:41:10.560,1.98,2016-06-13 14:48:00,
1.125231626,2257536,Ernests Gulbis,Gulbis v B Becker,80,2016-06-13 14:25:18.312,2.0,2016-06-13 14:48:00,
1.125231626,2257536,Ernests Gulbis,Gulbis v B Becker,90,2016-06-13 15:31:03.405,2.02,2016-06-13 15:33:00,
1.125231626,2257536,Ernests Gulbis,Gulbis v B Becker,100,2016-06-13 16:00:18.465,2.0,2016-06-13 16:01:00,
1.12523176,7216447,Matthew Barton,Escobedo v Barton,0,2016-06-13 18:16:43.091,1.73,2016-06-14 09:00:00,2016-06-13 13:57:34.598
1.12523176,7216447,Matthew Barton,Escobedo v Barton,10,2016-06-13 18:42:51.855,1.78,2016-06-14 09:00:00,2016-06-13 13:57:34.598
1.12523176,7216447,Matthew Barton,Escobedo v Barton,20,2016-06-13 19:19:30.498,1.7,2016-06-14 09:00:00,2016-06-13 13:57:34.598
1.12523176,7216447,Matthew Barton,Escobedo v Barton,30,2016-06-13 20:47:25.187,1.68,2016-06-14 09:00:00,2016-06-13 13:57:34.598
1.12523176,7216447,Matthew Barton,Escobedo v Barton,40,2016-06-13 21:52:31.435,1.68,2016-06-14 09:00:00,2016-06-13 13:57:34.598
1.12523176,7216447,Matthew Barton,Escobedo v Barton,50,2016-06-14 00:00:56.949,1.68,2016-06-14 09:00:00,2016-06-13 13:57:34.598
1.12523176,7216447,Matthew Barton,Escobedo v Barton,60,2016-06-14 03:52:50.342,1.64,2016-06-14 09:00:00,2016-06-13 13:57:34.598
1.12523176,7216447,Matthew Barton,Escobedo v Barton,70,2016-06-14 05:10:52.639,1.62,2016-06-14 09:00:00,2016-06-13 13:57:34.598
1.12523176,7216447,Matthew Barton,Escobedo v Barton,80,2016-06-14 06:21:36.454,1.69,2016-06-14 09:00:00,2016-06-13 13:57:34.598
1.12523176,7216447,Matthew Barton,Escobedo v Barton,90,2016-06-14 07:25:39.796,1.75,2016-06-14 09:00:00,2016-06-13 13:57:34.598
1.12523176,7216447,Matthew Barton,Escobedo v Barton,100,2016-06-14 09:01:45.813,1.6,2016-06-14 09:15:00,2016-06-13 13:57:34.598
1.12523176,8700174,Ernesto Escobedo,Escobedo v Barton,0,2016-06-13 18:16:43.091,2.36,2016-06-14 09:00:00,2016-06-13 13:57:34.598
1.12523176,8700174,Ernesto Escobedo,Escobedo v Barton,10,2016-06-13 18:47:42.427,2.32,2016-06-14 09:00:00,2016-06-13 13:57:34.598
1.12523176,8700174,Ernesto Escobedo,Escobedo v Barton,20,2016-06-13 19:37:52.899,2.46,2016-06-14 09:00:00,2016-06-13 13:57:34.598
1.12523176,8700174,Ernesto Escobedo,Escobedo v Barton,30,2016-06-13 21:58:50.697,2.52,2016-06-14 09:00:00,2016-06-13 13:57:34.598
1.12523176,8700174,Ernesto Escobedo,Escobedo v Barton,40,2016-06-14 00:01:46.386,2.42,2016-06-14 09:00:00,2016-06-13 13:57:34.598
1.12523176,8700174,Ernesto Escobedo,Escobedo v Barton,50,2016-06-14 03:49:54.543,2.52,2016-06-14 09:00:00,2016-06-13 13:57:34.598
1.12523176,8700174,Ernesto Escobedo,Escobedo v Barton,60,2016-06-14 04:26:55.963,2.66,2016-06-14 09:00:00,2016-06-13 13:57:34.598
1.12523176,8700174,Ernesto Escobedo,Escobedo v Barton,70,2016-06-14 05:12:55.143,2.62,2016-06-14 09:00:00,2016-06-13 13:57:34.598
1.12523176,8700174,Ernesto Escobedo,Escobedo v Barton,80,2016-06-14 06:27:38.844,2.54,2016-06-14 09:00:00,2016-06-13 13:57:34.598
1.12523176,8700174,Ernesto Escobedo,Escobedo v Barton,90,2016-06-14 07:25:39.796,2.4,2016-06-14 09:00:00,2016-06-13 13:57:34.598
1.12523176,8700174,Ernesto Escobedo,Escobedo v Barton,100,2016-06-14 09:01:45.813,2.64,2016-06-14 09:15:00,2016-06-13 13:57:34.598
1.125231788,7083215,Magda Linette,Mchale v Linette,0,2016-06-13 01:26:14.668,2.54,2016-06-13 10:00:00,
1.125231788,7083215,Magda Linette,Mchale v Linette,10,2016-06-13 08:21:50.668,3.25,2016-06-13 10:00:00,
1.125231788,7083215,Magda Linette,Mchale v Linette,20,2016-06-13 08:29:49.211,3.5,2016-06-13 10:00:00,
1.125231788,7083215,Magda Linette,Mchale v Linette,30,2016-06-13 09:21:41.435,3.3,2016-06-13 10:00:00,
1.125231788,7083215,Magda Linette,Mchale v Linette,40,2016-06-13 09:43:51.739,3.25,2016-06-13 10:00:00,
1.125231788,7083215,Magda Linette,Mchale v Linette,50,2016-06-13 10:05:36.747,3.25,2016-06-13 10:15:00,
1.125231788,7083215,Magda Linette,Mchale v Linette,60,2016-06-13 10:14:37.293,3.2,2016-06-13 10:30:00,
1.125231788,7083215,Magda Linette,Mchale v Linette,70,2016-06-13 10:17:52.028,3.2,2016-06-13 10:30:00,
1.125231788,7083215,Magda Linette,Mchale v Linette,80,2016-06-13 10:57:54.764,3.25,2016-06-13 11:00:00,
1.125231788,7083215,Magda Linette,Mchale v Linette,90,2016-06-13 12:00:53.058,3.3,2016-06-13 12:15:00,
1.125231788,7083215,Magda Linette,Mchale v Linette,100,2016-06-13 12:50:52.830,3.3,2016-06-13 13:00:00,
1.125231788,10904456,Christina McHale,Mchale v Linette,0,2016-06-13 02:12:12.667,1.47,2016-06-13 10:00:00,
1.125231788,10904456,Christina McHale,Mchale v Linette,10,2016-06-13 06:09:05.117,1.47,2016-06-13 10:00:00,
1.125231788,10904456,Christina McHale,Mchale v Linette,20,2016-06-13 08:19:30.662,1.45,2016-06-13 10:00:00,
1.125231788,10904456,Christina McHale,Mchale v Linette,30,2016-06-13 08:27:46.727,1.35,2016-06-13 10:00:00,
1.125231788,10904456,Christina McHale,Mchale v Linette,40,2016-06-13 09:01:35.350,1.44,2016-06-13 10:00:00,
1.125231788,10904456,Christina McHale,Mchale v Linette,50,2016-06-13 09:44:51.798,1.43,2016-06-13 10:00:00,
1.125231788,10904456,Christina McHale,Mchale v Linette,60,2016-06-13 10:06:50.135,1.47,2016-06-13 10:15:00,
1.125231788,10904456,Christina McHale,Mchale v Linette,70,2016-06-13 10:15:30.796,1.44,2016-06-13 10:30:00,
1.125231788,10904456,Christina McHale,Mchale v Linette,80,2016-06-13 11:24:54.616,1.44,2016-06-13 12:00:00,
1.125231788,10904456,Christina McHale,Mchale v Linette,90,2016-06-13 12:19:38.929,1.42,2016-06-13 12:30:00,
1.125231788,10904456,Christina McHale,Mchale v Linette,100,2016-06-13 12:52:01.207,1.44,2016-06-13 13:00:00,
1.125231978,2263606,Tsvetana Pironkova,K Bondarenko v Pironkova,0,2016-06-13 05:22:41.364,1.6,2016-06-13 12:00:00,
1.125231978,2263606,Tsvetana Pironkova,K Bondarenko v Pironkova,10,2016-06-13 09:22:32.682,1.48,2016-06-13 12:00:00,
1.125231978,2263606,Tsvetana Pironkova,K Bondarenko v Pironkova,20,2016-06-13 10:10:29.283,1.45,2016-06-13 12:00:00,
1.125231978,2263606,Tsvetana Pironkova,K Bondarenko v Pironkova,30,2016-06-13 10:29:39.775,1.53,2016-06-13 12:00:00,
1.125231978,2263606,Tsvetana Pironkova,K Bondarenko v Pironkova,40,2016-06-13 10:36:25.941,1.55,2016-06-13 12:00:00,
1.125231978,2263606,Tsvetana Pironkova,K Bondarenko v Pironkova,50,2016-06-13 10:50:38.882,1.42,2016-06-13 12:00:00,
1.125231978,2263606,Tsvetana Pironkova,K Bondarenko v Pironkova,60,2016-06-13 10:53:41.357,1.42,2016-06-13 12:00:00,
1.125231978,2263606,Tsvetana Pironkova,K Bondarenko v Pironkova,70,2016-06-13 11:42:08.953,1.53,2016-06-13 12:00:00,
1.125231978,2263606,Tsvetana Pironkova,K Bondarenko v Pironkova,80,2016-06-13 12:07:35.716,1.47,2016-06-13 12:15:00,
1.125231978,2263606,Tsvetana Pironkova,K Bondarenko v Pironkova,90,2016-06-13 12:23:05.816,1.45,2016-06-13 12:30:00,
1.125231978,2263606,Tsvetana Pironkova,K Bondarenko v Pironkova,100,2016-06-13 12:57:29.173,1.48,2016-06-13 13:00:00,
1.125231978,2291864,Kateryna Bondarenko,K Bondarenko v Pironkova,0,2016-06-13 08:23:41.706,3.15,2016-06-13 12:00:00,
1.125231978,2291864,Kateryna Bondarenko,K Bondarenko v Pironkova,10,2016-06-13 09:22:32.682,3.1,2016-06-13 12:00:00,
1.125231978,2291864,Kateryna Bondarenko,K Bondarenko v Pironkova,20,2016-06-13 10:10:29.283,3.2,2016-06-13 12:00:00,
1.125231978,2291864,Kateryna Bondarenko,K Bondarenko v Pironkova,30,2016-06-13 10:14:28.363,3.7,2016-06-13 12:00:00,
1.125231978,2291864,Kateryna Bondarenko,K Bondarenko v Pironkova,40,2016-06-13 10:29:39.775,3.15,2016-06-13 12:00:00,
1.125231978,2291864,Kateryna Bondarenko,K Bondarenko v Pironkova,50,2016-06-13 10:35:38.987,2.84,2016-06-13 12:00:00,
1.125231978,2291864,Kateryna Bondarenko,K Bondarenko v Pironkova,60,2016-06-13 10:52:40.765,2.84,2016-06-13 12:00:00,
1.125231978,2291864,Kateryna Bondarenko,K Bondarenko v Pironkova,70,2016-06-13 10:53:41.357,3.3,2016-06-13 12:00:00,
1.125231978,2291864,Kateryna Bondarenko,K Bondarenko v Pironkova,80,2016-06-13 11:25:02.515,3.3,2016-06-13 12:00:00,
1.125231978,2291864,Kateryna Bondarenko,K Bondarenko v Pironkova,90,2016-06-13 12:38:39.009,2.98,2016-06-13 12:45:00,
1.125231978,2291864,Kateryna Bondarenko,K Bondarenko v Pironkova,100,2016-06-13 12:57:29.173,3.05,2016-06-13 13:00:00,
1.125232407,2256462,Lucie Safarova,L Safarova v Kvitova,0,2016-06-13 18:17:45.373,3.4,2016-06-14 10:00:00,
1.125232407,2256462,Lucie Safarova,L Safarova v Kvitova,10,2016-06-13 19:12:24.046,3.6,2016-06-14 10:00:00,
1.125232407,2256462,Lucie Safarova,L Safarova v Kvitova,20,2016-06-14 05:19:15.357,3.85,2016-06-14 10:00:00,
1.125232407,2256462,Lucie Safarova,L Safarova v Kvitova,30,2016-06-14 05:23:07.582,3.75,2016-06-14 10:00:00,
1.125232407,2256462,Lucie Safarova,L Safarova v Kvitova,40,2016-06-14 06:46:47.745,3.75,2016-06-14 10:00:00,
1.125232407,2256462,Lucie Safarova,L Safarova v Kvitova,50,2016-06-14 07:34:58.921,3.6,2016-06-14 10:00:00,
1.125232407,2256462,Lucie Safarova,L Safarova v Kvitova,60,2016-06-14 07:56:55.058,3.5,2016-06-14 10:00:00,
1.125232407,2256462,Lucie Safarova,L Safarova v Kvitova,70,2016-06-14 09:11:43.767,3.45,2016-06-14 10:00:00,
1.125232407,2256462,Lucie Safarova,L Safarova v Kvitova,80,2016-06-14 09:21:33.701,3.4,2016-06-14 10:00:00,
1.125232407,2256462,Lucie Safarova,L Safarova v Kvitova,90,2016-06-14 09:29:51.881,3.25,2016-06-14 10:00:00,
1.125232407,2256462,Lucie Safarova,L Safarova v Kvitova,100,2016-06-14 09:48:47.149,3.05,2016-06-14 10:00:00,
1.125232407,2497008,Petra Kvitova,L Safarova v Kvitova,0,2016-06-13 09:40:05.951,1.41,2016-06-14 12:00:00,
1.125232407,2497008,Petra Kvitova,L Safarova v Kvitova,10,2016-06-13 19:12:24.046,1.38,2016-06-14 10:00:00,
1.125232407,2497008,Petra Kvitova,L Safarova v Kvitova,20,2016-06-14 04:40:26.860,1.35,2016-06-14 10:00:00,
1.125232407,2497008,Petra Kvitova,L Safarova v Kvitova,30,2016-06-14 06:45:33.306,1.37,2016-06-14 10:00:00,
1.125232407,2497008,Petra Kvitova,L Safarova v Kvitova,40,2016-06-14 07:24:50.216,1.37,2016-06-14 10:00:00,
1.125232407,2497008,Petra Kvitova,L Safarova v Kvitova,50,2016-06-14 08:05:52.929,1.38,2016-06-14 10:00:00,
1.125232407,2497008,Petra Kvitova,L Safarova v Kvitova,60,2016-06-14 08:54:11.614,1.39,2016-06-14 10:00:00,
1.125232407,2497008,Petra Kvitova,L Safarova v Kvitova,70,2016-06-14 09:11:43.767,1.41,2016-06-14 10:00:00,
1.125232407,2497008,Petra Kvitova,L Safarova v Kvitova,80,2016-06-14 09:21:33.701,1.42,2016-06-14 10:00:00,
1.125232407,2497008,Petra Kvitova,L Safarova v Kvitova,90,2016-06-14 09:31:50.861,1.44,2016-06-14 10:00:00,
1.125232407,2497008,Petra Kvitova,L Safarova v Kvitova,100,2016-06-14 09:48:47.149,1.46,2016-06-14 10:00:00,
1.125232422,4729711,Misaki Doi,Doi v Konta,0,2016-06-13 16:44:47.787,3.7,2016-06-14 16:00:00,
1.125232422,4729711,Misaki Doi,Doi v Konta,10,2016-06-14 11:00:51.107,3.55,2016-06-14 15:47:00,
1.125232422,4729711,Misaki Doi,Doi v Konta,20,2016-06-14 19:44:56.780,3.7,2016-06-15 14:00:00,
1.125232422,4729711,Misaki Doi,Doi v Konta,30,2016-06-15 08:17:12.329,3.4,2016-06-15 14:00:00,
1.125232422,4729711,Misaki Doi,Doi v Konta,40,2016-06-15 15:14:54.943,3.4,2016-06-15 17:04:00,
1.125232422,4729711,Misaki Doi,Doi v Konta,50,2016-06-15 17:01:19.367,3.25,2016-06-15 17:04:00,
1.125232422,4729711,Misaki Doi,Doi v Konta,60,2016-06-15 17:42:41.984,3.25,2016-06-15 17:49:00,
1.125232422,4729711,Misaki Doi,Doi v Konta,70,2016-06-15 19:26:33.619,3.4,2016-06-16 12:30:00,2016-06-15 18:06:21.661
1.125232422,4729711,Misaki Doi,Doi v Konta,80,2016-06-15 21:07:38.762,3.3,2016-06-16 12:30:00,2016-06-15 18:06:21.661
1.125232422,4729711,Misaki Doi,Doi v Konta,90,2016-06-16 07:13:21.526,3.35,2016-06-16 12:30:00,2016-06-15 18:06:21.661
1.125232422,4729711,Misaki Doi,Doi v Konta,100,2016-06-16 12:19:05.780,3.2,2016-06-16 12:27:00,2016-06-15 18:06:21.661
1.125232422,5596561,Johanna Konta,Doi v Konta,0,2016-06-13 09:27:51.415,1.4,2016-06-14 12:00:00,
1.125232422,5596561,Johanna Konta,Doi v Konta,10,2016-06-14 12:55:49.733,1.39,2016-06-14 15:19:00,
1.125232422,5596561,Johanna Konta,Doi v Konta,20,2016-06-15 10:16:07.759,1.39,2016-06-15 14:30:00,
1.125232422,5596561,Johanna Konta,Doi v Konta,30,2016-06-15 15:35:57.487,1.43,2016-06-15 17:04:00,
1.125232422,5596561,Johanna Konta,Doi v Konta,40,2016-06-15 17:45:51.869,1.43,2016-06-15 17:49:00,
1.125232422,5596561,Johanna Konta,Doi v Konta,50,2016-06-15 19:09:58.079,1.43,2016-06-16 12:30:00,2016-06-15 18:06:21.661
1.125232422,5596561,Johanna Konta,Doi v Konta,60,2016-06-15 20:51:17.229,1.42,2016-06-16 12:30:00,2016-06-15 18:06:21.661
1.125232422,5596561,Johanna Konta,Doi v Konta,70,2016-06-16 04:26:38.779,1.42,2016-06-16 12:30:00,2016-06-15 18:06:21.661
1.125232422,5596561,Johanna Konta,Doi v Konta,80,2016-06-16 08:04:44.544,1.42,2016-06-16 12:30:00,2016-06-15 18:06:21.661
1.125232422,5596561,Johanna Konta,Doi v Konta,90,2016-06-16 11:23:06.257,1.42,2016-06-16 12:27:00,2016-06-15 18:06:21.661
1.125232422,5596561,Johanna Konta,Doi v Konta,100,2016-06-16 13:32:47.493,1.42,2016-06-16 13:42:00,2016-06-15 18:06:21.661
1.125235373,2387871,Sorana Cirstea,Putintseva v Cirstea,0,2016-06-14 05:07:46.693,1.92,2016-06-14 11:00:00,
1.125235373,2387871,Sorana Cirstea,Putintseva v Cirstea,10,2016-06-14 07:52:05.928,2.04,2016-06-14 11:00:00,
1.125235373,2387871,Sorana Cirstea,Putintseva v Cirstea,20,2016-06-14 08:23:50.010,1.94,2016-06-14 11:00:00,
1.125235373,2387871,Sorana Cirstea,Putintseva v Cirstea,30,2016-06-14 08:30:57.277,1.92,2016-06-14 11:00:00,
1.125235373,2387871,Sorana Cirstea,Putintseva v Cirstea,40,2016-06-14 09:02:52.460,1.93,2016-06-14 10:56:00,
1.125235373,2387871,Sorana Cirstea,Putintseva v Cirstea,50,2016-06-14 09:18:53.067,1.94,2016-06-14 10:56:00,
1.125235373,2387871,Sorana Cirstea,Putintseva v Cirstea,60,2016-06-14 09:26:57.296,1.92,2016-06-14 10:56:00,
1.125235373,2387871,Sorana Cirstea,Putintseva v Cirstea,70,2016-06-14 09:48:24.042,2.0,2016-06-14 10:56:00,
1.125235373,2387871,Sorana Cirstea,Putintseva v Cirstea,80,2016-06-14 10:02:41.144,2.0,2016-06-14 10:56:00,
1.125235373,2387871,Sorana Cirstea,Putintseva v Cirstea,90,2016-06-14 10:33:07.439,1.94,2016-06-14 10:56:00,
1.125235373,2387871,Sorana Cirstea,Putintseva v Cirstea,100,2016-06-14 10:49:00.112,2.0,2016-06-14 10:56:00,
1.125235373,4259580,Yulia Putintseva,Putintseva v Cirstea,0,2016-06-14 04:25:30.370,1.92,2016-06-14 11:00:00,
1.125235373,4259580,Yulia Putintseva,Putintseva v Cirstea,10,2016-06-14 04:43:55.107,1.93,2016-06-14 11:00:00,
1.125235373,4259580,Yulia Putintseva,Putintseva v Cirstea,20,2016-06-14 07:52:05.928,1.96,2016-06-14 11:00:00,
1.125235373,4259580,Yulia Putintseva,Putintseva v Cirstea,30,2016-06-14 08:13:23.408,2.04,2016-06-14 11:00:00,
1.125235373,4259580,Yulia Putintseva,Putintseva v Cirstea,40,2016-06-14 08:30:57.277,2.08,2016-06-14 11:00:00,
1.125235373,4259580,Yulia Putintseva,Putintseva v Cirstea,50,2016-06-14 09:18:53.067,2.06,2016-06-14 10:56:00,
1.125235373,4259580,Yulia Putintseva,Putintseva v Cirstea,60,2016-06-14 09:48:24.042,2.0,2016-06-14 10:56:00,
1.125235373,4259580,Yulia Putintseva,Putintseva v Cirstea,70,2016-06-14 10:28:59.243,2.02,2016-06-14 10:56:00,
1.125235373,4259580,Yulia Putintseva,Putintseva v Cirstea,80,2016-06-14 10:30:50.283,2.0,2016-06-14 10:56:00,
1.125235373,4259580,Yulia Putintseva,Putintseva v Cirstea,90,2016-06-14 10:50:55.701,1.98,2016-06-14 10:56:00,
1.125235373,4259580,Yulia Putintseva,Putintseva v Cirstea,100,2016-06-14 10:57:44.111,1.96,2016-06-14 11:11:00,
1.125235427,3875013,Ana Bogdan,A Bogdan v Friedsam,0,2016-06-13 23:52:58.791,2.4,2016-06-14 13:00:00,
1.125235427,3875013,Ana Bogdan,A Bogdan v Friedsam,10,2016-06-14 09:21:58.428,2.46,2016-06-14 12:52:00,
1.125235427,3875013,Ana Bogdan,A Bogdan v Friedsam,20,2016-06-14 10:36:51.584,2.44,2016-06-14 12:52:00,
1.125235427,3875013,Ana Bogdan,A Bogdan v Friedsam,30,2016-06-14 11:03:52.513,2.56,2016-06-14 12:48:00,
1.125235427,3875013,Ana Bogdan,A Bogdan v Friedsam,40,2016-06-14 11:11:08.233,2.44,2016-06-14 12:48:00,
1.125235427,3875013,Ana Bogdan,A Bogdan v Friedsam,50,2016-06-14 11:42:04.438,2.36,2016-06-14 12:48:00,
1.125235427,3875013,Ana Bogdan,A Bogdan v Friedsam,60,2016-06-14 11:54:24.266,2.38,2016-06-14 12:48:00,
1.125235427,3875013,Ana Bogdan,A Bogdan v Friedsam,70,2016-06-14 12:02:04.102,2.34,2016-06-14 12:48:00,
1.125235427,3875013,Ana Bogdan,A Bogdan v Friedsam,80,2016-06-14 12:05:03.898,2.38,2016-06-14 12:48:00,
1.125235427,3875013,Ana Bogdan,A Bogdan v Friedsam,90,2016-06-14 12:08:00.764,2.36,2016-06-14 12:48:00,
1.125235427,3875013,Ana Bogdan,A Bogdan v Friedsam,100,2016-06-14 12:24:07.080,2.38,2016-06-14 12:48:00,
1.125235487,9002334,Elise Mertens,Schiavone v E Mertens,0,2016-06-13 18:38:17.059,1.7,2016-06-14 15:00:00,
1.125235487,9002334,Elise Mertens,Schiavone v E Mertens,10,2016-06-13 18:39:09.296,1.56,2016-06-14 15:00:00,
1.125235487,9002334,Elise Mertens,Schiavone v E Mertens,20,2016-06-13 18:45:19.472,1.54,2016-06-14 15:00:00,
1.125235487,9002334,Elise Mertens,Schiavone v E Mertens,30,2016-06-13 20:15:10.705,1.55,2016-06-14 15:00:00,
1.125235487,9002334,Elise Mertens,Schiavone v E Mertens,40,2016-06-14 05:38:59.676,1.51,2016-06-14 15:00:00,
1.125235487,9002334,Elise Mertens,Schiavone v E Mertens,50,2016-06-14 08:09:06.904,1.5,2016-06-14 15:00:00,
1.125235487,9002334,Elise Mertens,Schiavone v E Mertens,60,2016-06-14 09:12:22.131,1.47,2016-06-14 14:52:00,
1.125235487,9002334,Elise Mertens,Schiavone v E Mertens,70,2016-06-14 09:37:33.728,1.48,2016-06-14 14:52:00,
1.125235487,9002334,Elise Mertens,Schiavone v E Mertens,80,2016-06-14 11:32:50.129,1.47,2016-06-14 14:48:00,
1.125235487,9002334,Elise Mertens,Schiavone v E Mertens,90,2016-06-14 12:27:19.914,1.46,2016-06-14 14:22:00,
1.125235487,9002334,Elise Mertens,Schiavone v E Mertens,100,2016-06-14 13:41:07.764,1.5,2016-06-14 14:22:00,
1.125237197,2404122,Andrea Petkovic,Petkovic v Linette,0,2016-06-14 01:04:36.696,1.44,2016-06-14 12:00:00,
1.125237197,2404122,Andrea Petkovic,Petkovic v Linette,10,2016-06-14 04:02:44.111,1.48,2016-06-14 12:00:00,
1.125237197,2404122,Andrea Petkovic,Petkovic v Linette,20,2016-06-14 05:47:29.018,1.5,2016-06-14 12:00:00,
1.125237197,2404122,Andrea Petkovic,Petkovic v Linette,30,2016-06-14 05:49:24.168,1.49,2016-06-14 12:00:00,
1.125237197,2404122,Andrea Petkovic,Petkovic v Linette,40,2016-06-14 06:53:49.646,1.5,2016-06-14 12:00:00,
1.125237197,2404122,Andrea Petkovic,Petkovic v Linette,50,2016-06-14 09:31:51.708,1.5,2016-06-14 12:00:00,
1.125237197,2404122,Andrea Petkovic,Petkovic v Linette,60,2016-06-14 09:53:53.622,1.55,2016-06-14 12:00:00,
1.125237197,2404122,Andrea Petkovic,Petkovic v Linette,70,2016-06-14 09:59:34.990,1.54,2016-06-14 11:49:00,
1.125237197,2404122,Andrea Petkovic,Petkovic v Linette,80,2016-06-14 10:12:21.304,1.55,2016-06-14 11:49:00,
1.125237197,2404122,Andrea Petkovic,Petkovic v Linette,90,2016-06-14 10:21:56.029,1.53,2016-06-14 11:49:00,
1.125237197,2404122,Andrea Petkovic,Petkovic v Linette,100,2016-06-14 11:12:51.610,1.52,2016-06-14 11:49:00,
1.125237212,2263606,Tsvetana Pironkova,Pironkova v Tsurenko,0,2016-06-13 20:05:51.884,1.35,2016-06-14 10:00:00,
1.125237212,2263606,Tsvetana Pironkova,Pironkova v Tsurenko,10,2016-06-13 21:30:19.050,1.34,2016-06-14 10:00:00,
1.125237212,2263606,Tsvetana Pironkova,Pironkova v Tsurenko,20,2016-06-14 04:40:48.007,1.33,2016-06-14 10:00:00,
1.125237212,2263606,Tsvetana Pironkova,Pironkova v Tsurenko,30,2016-06-14 07:07:12.805,1.33,2016-06-14 10:00:00,
1.125237212,2263606,Tsvetana Pironkova,Pironkova v Tsurenko,40,2016-06-14 07:52:47.663,1.29,2016-06-14 10:00:00,
1.125237212,2263606,Tsvetana Pironkova,Pironkova v Tsurenko,50,2016-06-14 08:40:20.592,1.29,2016-06-14 10:00:00,
1.125237212,2263606,Tsvetana Pironkova,Pironkova v Tsurenko,60,2016-06-14 09:02:56.680,1.28,2016-06-14 10:00:00,
1.125237212,2263606,Tsvetana Pironkova,Pironkova v Tsurenko,70,2016-06-14 09:33:56.508,1.27,2016-06-14 10:00:00,
1.125237212,2263606,Tsvetana Pironkova,Pironkova v Tsurenko,80,2016-06-14 09:41:56.709,1.24,2016-06-14 10:00:00,
1.125237212,2263606,Tsvetana Pironkova,Pironkova v Tsurenko,90,2016-06-14 09:43:59.010,1.26,2016-06-14 10:00:00,
1.125237212,2263606,Tsvetana Pironkova,Pironkova v Tsurenko,100,2016-06-14 09:52:58.661,1.27,2016-06-14 10:00:00,
1.125237212,5300861,Lesia Tsurenko,Pironkova v Tsurenko,0,2016-06-13 19:34:53.893,3.35,2016-06-14 10:00:00,
1.125237212,5300861,Lesia Tsurenko,Pironkova v Tsurenko,10,2016-06-13 20:14:50.426,3.75,2016-06-14 10:00:00,
1.125237212,5300861,Lesia Tsurenko,Pironkova v Tsurenko,20,2016-06-14 04:20:08.300,4.0,2016-06-14 10:00:00,
1.125237212,5300861,Lesia Tsurenko,Pironkova v Tsurenko,30,2016-06-14 06:06:31.468,3.85,2016-06-14 10:00:00,
1.125237212,5300861,Lesia Tsurenko,Pironkova v Tsurenko,40,2016-06-14 07:41:58.189,4.3,2016-06-14 10:00:00,
1.125237212,5300861,Lesia Tsurenko,Pironkova v Tsurenko,50,2016-06-14 08:49:40.639,4.5,2016-06-14 10:00:00,
1.125237212,5300861,Lesia Tsurenko,Pironkova v Tsurenko,60,2016-06-14 09:34:42.931,4.7,2016-06-14 10:00:00,
1.125237212,5300861,Lesia Tsurenko,Pironkova v Tsurenko,70,2016-06-14 09:39:58.576,5.8,2016-06-14 10:00:00,
1.125237212,5300861,Lesia Tsurenko,Pironkova v Tsurenko,80,2016-06-14 09:42:58.058,5.0,2016-06-14 10:00:00,
1.125237212,5300861,Lesia Tsurenko,Pironkova v Tsurenko,90,2016-06-14 09:43:59.010,4.9,2016-06-14 10:00:00,
1.125237212,5300861,Lesia Tsurenko,Pironkova v Tsurenko,100,2016-06-14 09:48:59.051,4.8,2016-06-14 10:00:00,
1.125237305,7137442,Katerina Siniakova,Mchale v Siniakova,0,2016-06-13 21:22:54.223,1.91,2016-06-14 14:00:00,
1.125237305,7137442,Katerina Siniakova,Mchale v Siniakova,10,2016-06-14 10:05:01.780,1.79,2016-06-14 13:49:00,
1.125237305,7137442,Katerina Siniakova,Mchale v Siniakova,20,2016-06-14 12:03:02.961,1.87,2016-06-14 13:18:00,
1.125237305,7137442,Katerina Siniakova,Mchale v Siniakova,30,2016-06-14 13:54:16.351,1.83,2016-06-14 14:03:00,
1.125237305,7137442,Katerina Siniakova,Mchale v Siniakova,40,2016-06-14 18:35:57.622,1.63,2016-06-15 10:00:00,2016-06-14 17:04:59.228
1.125237305,7137442,Katerina Siniakova,Mchale v Siniakova,50,2016-06-15 00:00:53.188,1.57,2016-06-15 10:00:00,2016-06-14 17:04:59.228
1.125237305,7137442,Katerina Siniakova,Mchale v Siniakova,60,2016-06-15 02:36:57.980,1.54,2016-06-15 10:00:00,2016-06-14 17:04:59.228
1.125237305,7137442,Katerina Siniakova,Mchale v Siniakova,70,2016-06-15 08:03:56.159,1.6,2016-06-15 10:00:00,2016-06-14 17:04:59.228
1.125237305,7137442,Katerina Siniakova,Mchale v Siniakova,80,2016-06-15 08:59:03.672,1.58,2016-06-15 10:00:00,2016-06-14 17:04:59.228
1.125237305,7137442,Katerina Siniakova,Mchale v Siniakova,90,2016-06-15 10:36:25.728,1.6,2016-06-15 10:45:00,2016-06-14 17:04:59.228
1.125237305,7137442,Katerina Siniakova,Mchale v Siniakova,100,2016-06-15 12:30:29.764,1.58,2016-06-15 12:45:00,2016-06-14 17:04:59.228
1.125237305,10904456,Christina McHale,Mchale v Siniakova,0,2016-06-14 07:50:05.446,2.12,2016-06-14 14:00:00,
1.125237305,10904456,Christina McHale,Mchale v Siniakova,10,2016-06-14 11:03:49.974,2.18,2016-06-14 13:49:00,
1.125237305,10904456,Christina McHale,Mchale v Siniakova,20,2016-06-14 13:27:43.109,2.2,2016-06-14 13:33:00,
1.125237305,10904456,Christina McHale,Mchale v Siniakova,30,2016-06-14 16:02:54.672,2.08,2016-06-14 16:03:00,
1.125237305,10904456,Christina McHale,Mchale v Siniakova,40,2016-06-14 18:30:56.061,2.6,2016-06-15 10:00:00,2016-06-14 17:04:59.228
1.125237305,10904456,Christina McHale,Mchale v Siniakova,50,2016-06-15 00:09:05.343,2.8,2016-06-15 10:00:00,2016-06-14 17:04:59.228
1.125237305,10904456,Christina McHale,Mchale v Siniakova,60,2016-06-15 02:03:00.764,2.72,2016-06-15 10:00:00,2016-06-14 17:04:59.228
1.125237305,10904456,Christina McHale,Mchale v Siniakova,70,2016-06-15 07:57:23.046,2.74,2016-06-15 10:00:00,2016-06-14 17:04:59.228
1.125237305,10904456,Christina McHale,Mchale v Siniakova,80,2016-06-15 08:59:03.672,2.72,2016-06-15 10:00:00,2016-06-14 17:04:59.228
1.125237305,10904456,Christina McHale,Mchale v Siniakova,90,2016-06-15 10:19:36.863,2.62,2016-06-15 10:30:00,2016-06-14 17:04:59.228
1.125237305,10904456,Christina McHale,Mchale v Siniakova,100,2016-06-15 12:29:40.719,2.8,2016-06-15 12:45:00,2016-06-14 17:04:59.228
1.125237359,2263715,Tamira Paszek,Paszek v T Moore,0,2016-06-13 22:57:44.394,1.51,2016-06-14 11:30:00,
1.125237359,2263715,Tamira Paszek,Paszek v T Moore,10,2016-06-14 08:12:03.780,1.52,2016-06-14 11:30:00,
1.125237359,2263715,Tamira Paszek,Paszek v T Moore,20,2016-06-14 11:20:21.655,1.52,2016-06-14 11:30:00,
1.125237359,2263715,Tamira Paszek,Paszek v T Moore,30,2016-06-14 19:13:54.416,2.22,2016-06-15 10:00:00,2016-06-14 11:42:21.476
1.125237359,2263715,Tamira Paszek,Paszek v T Moore,40,2016-06-14 20:45:50.723,2.28,2016-06-15 10:00:00,2016-06-14 11:42:21.476
1.125237359,2263715,Tamira Paszek,Paszek v T Moore,50,2016-06-15 00:16:16.558,2.38,2016-06-15 10:00:00,2016-06-14 11:42:21.476
1.125237359,2263715,Tamira Paszek,Paszek v T Moore,60,2016-06-15 04:39:55.087,2.28,2016-06-15 10:00:00,2016-06-14 11:42:21.476
1.125237359,2263715,Tamira Paszek,Paszek v T Moore,70,2016-06-15 06:45:18.693,2.38,2016-06-15 10:00:00,2016-06-14 11:42:21.476
1.125237359,2263715,Tamira Paszek,Paszek v T Moore,80,2016-06-15 10:41:11.346,2.38,2016-06-15 10:45:00,2016-06-14 11:42:21.476
1.125237359,2263715,Tamira Paszek,Paszek v T Moore,90,2016-06-15 12:24:11.621,2.32,2016-06-15 12:30:00,2016-06-14 11:42:21.476
1.125237359,2263715,Tamira Paszek,Paszek v T Moore,100,2016-06-15 13:19:56.388,2.3,2016-06-15 13:30:00,2016-06-14 11:42:21.476
1.125237359,4822914,Tara Moore,Paszek v T Moore,0,2016-06-13 21:06:23.452,2.5,2016-06-14 11:30:00,
1.125237359,4822914,Tara Moore,Paszek v T Moore,10,2016-06-14 18:35:23.036,1.85,2016-06-15 10:00:00,2016-06-14 11:42:21.476
1.125237359,4822914,Tara Moore,Paszek v T Moore,20,2016-06-14 19:13:54.416,1.82,2016-06-15 10:00:00,2016-06-14 11:42:21.476
1.125237359,4822914,Tara Moore,Paszek v T Moore,30,2016-06-14 20:38:06.966,1.76,2016-06-15 10:00:00,2016-06-14 11:42:21.476
1.125237359,4822914,Tara Moore,Paszek v T Moore,40,2016-06-14 21:56:21.579,1.77,2016-06-15 10:00:00,2016-06-14 11:42:21.476
1.125237359,4822914,Tara Moore,Paszek v T Moore,50,2016-06-15 02:29:17.357,1.76,2016-06-15 10:00:00,2016-06-14 11:42:21.476
1.125237359,4822914,Tara Moore,Paszek v T Moore,60,2016-06-15 05:17:55.674,1.77,2016-06-15 10:00:00,2016-06-14 11:42:21.476
1.125237359,4822914,Tara Moore,Paszek v T Moore,70,2016-06-15 08:00:11.992,1.74,2016-06-15 10:00:00,2016-06-14 11:42:21.476
1.125237359,4822914,Tara Moore,Paszek v T Moore,80,2016-06-15 09:54:19.608,1.74,2016-06-15 10:00:00,2016-06-14 11:42:21.476
1.125237359,4822914,Tara Moore,Paszek v T Moore,90,2016-06-15 12:17:40.236,1.74,2016-06-15 12:30:00,2016-06-14 11:42:21.476
1.125237359,4822914,Tara Moore,Paszek v T Moore,100,2016-06-15 13:19:56.388,1.76,2016-06-15 13:30:00,2016-06-14 11:42:21.476
1.125237559,2284304,Sergiy Stakhovsky,Stakhovsky v Goffin,0,2016-06-14 18:07:54.321,3.55,2016-06-15 12:00:00,
1.125237559,2284304,Sergiy Stakhovsky,Stakhovsky v Goffin,10,2016-06-15 09:14:50.042,3.75,2016-06-16 12:00:00,
1.125237559,2284304,Sergiy Stakhovsky,Stakhovsky v Goffin,20,2016-06-15 21:09:32.378,4.1,2016-06-16 12:00:00,
1.125237559,2284304,Sergiy Stakhovsky,Stakhovsky v Goffin,30,2016-06-15 22:15:33.455,3.9,2016-06-16 12:00:00,
1.125237559,2284304,Sergiy Stakhovsky,Stakhovsky v Goffin,40,2016-06-16 04:18:19.585,4.1,2016-06-16 12:00:00,
1.125237559,2284304,Sergiy Stakhovsky,Stakhovsky v Goffin,50,2016-06-16 07:33:06.627,3.95,2016-06-16 12:00:00,
1.125237559,2284304,Sergiy Stakhovsky,Stakhovsky v Goffin,60,2016-06-16 08:47:32.760,3.95,2016-06-16 12:00:00,
1.125237559,2284304,Sergiy Stakhovsky,Stakhovsky v Goffin,70,2016-06-16 09:12:37.090,3.9,2016-06-16 12:00:00,
1.125237559,2284304,Sergiy Stakhovsky,Stakhovsky v Goffin,80,2016-06-16 10:09:38.970,3.85,2016-06-16 11:49:00,
1.125237559,2284304,Sergiy Stakhovsky,Stakhovsky v Goffin,90,2016-06-16 11:23:48.524,3.95,2016-06-16 11:49:00,
1.125237559,2284304,Sergiy Stakhovsky,Stakhovsky v Goffin,100,2016-06-16 12:30:35.168,3.8,2016-06-16 12:46:00,
1.125237559,5224084,David Goffin,Stakhovsky v Goffin,0,2016-06-13 21:13:04.290,1.15,2016-06-14 12:00:00,
1.125237559,5224084,David Goffin,Stakhovsky v Goffin,10,2016-06-14 21:17:31.440,1.31,2016-06-15 12:00:00,
1.125237559,5224084,David Goffin,Stakhovsky v Goffin,20,2016-06-15 16:41:24.828,1.36,2016-06-16 12:00:00,
1.125237559,5224084,David Goffin,Stakhovsky v Goffin,30,2016-06-15 22:16:21.724,1.35,2016-06-16 12:00:00,
1.125237559,5224084,David Goffin,Stakhovsky v Goffin,40,2016-06-16 04:19:37.672,1.31,2016-06-16 12:00:00,
1.125237559,5224084,David Goffin,Stakhovsky v Goffin,50,2016-06-16 07:09:24.099,1.32,2016-06-16 12:00:00,
1.125237559,5224084,David Goffin,Stakhovsky v Goffin,60,2016-06-16 08:35:14.540,1.35,2016-06-16 12:00:00,
1.125237559,5224084,David Goffin,Stakhovsky v Goffin,70,2016-06-16 09:34:39.044,1.37,2016-06-16 12:00:00,
1.125237559,5224084,David Goffin,Stakhovsky v Goffin,80,2016-06-16 11:02:38.765,1.34,2016-06-16 11:49:00,
1.125237559,5224084,David Goffin,Stakhovsky v Goffin,90,2016-06-16 11:37:15.447,1.35,2016-06-16 11:49:00,
1.125237559,5224084,David Goffin,Stakhovsky v Goffin,100,2016-06-16 12:31:37.200,1.35,2016-06-16 12:46:00,
1.12523904,2519549,Kevin Anderson,B Tomic v K Anderson,0,2016-06-13 22:01:27.812,1.83,2016-06-14 12:30:00,
1.12523904,2519549,Kevin Anderson,B Tomic v K Anderson,10,2016-06-14 00:57:10.859,1.86,2016-06-14 12:30:00,
1.12523904,2519549,Kevin Anderson,B Tomic v K Anderson,20,2016-06-14 07:05:12.336,1.78,2016-06-14 12:30:00,
1.12523904,2519549,Kevin Anderson,B Tomic v K Anderson,30,2016-06-14 08:38:56.382,1.89,2016-06-14 12:30:00,
1.12523904,2519549,Kevin Anderson,B Tomic v K Anderson,40,2016-06-14 09:30:03.509,1.79,2016-06-14 12:30:00,
1.12523904,2519549,Kevin Anderson,B Tomic v K Anderson,50,2016-06-14 10:48:12.851,1.81,2016-06-14 13:00:00,
1.12523904,2519549,Kevin Anderson,B Tomic v K Anderson,60,2016-06-14 11:29:34.694,1.8,2016-06-14 14:00:00,
1.12523904,2519549,Kevin Anderson,B Tomic v K Anderson,70,2016-06-14 13:40:13.652,1.79,2016-06-14 14:25:00,
1.12523904,2519549,Kevin Anderson,B Tomic v K Anderson,80,2016-06-14 14:19:13.611,1.78,2016-06-14 14:25:00,
1.12523904,2519549,Kevin Anderson,B Tomic v K Anderson,90,2016-06-14 15:25:09.000,1.79,2016-06-14 15:40:00,
1.12523904,2519549,Kevin Anderson,B Tomic v K Anderson,100,2016-06-14 16:41:20.220,1.8,2016-06-14 16:55:00,
1.12523904,3588868,Bernard Tomic,B Tomic v K Anderson,0,2016-06-13 22:01:27.812,2.2,2016-06-14 12:30:00,
1.12523904,3588868,Bernard Tomic,B Tomic v K Anderson,10,2016-06-13 22:53:18.400,2.18,2016-06-14 12:30:00,
1.12523904,3588868,Bernard Tomic,B Tomic v K Anderson,20,2016-06-14 05:20:17.153,2.2,2016-06-14 12:30:00,
1.12523904,3588868,Bernard Tomic,B Tomic v K Anderson,30,2016-06-14 07:05:12.336,2.28,2016-06-14 12:30:00,
1.12523904,3588868,Bernard Tomic,B Tomic v K Anderson,40,2016-06-14 08:59:09.697,2.18,2016-06-14 12:30:00,
1.12523904,3588868,Bernard Tomic,B Tomic v K Anderson,50,2016-06-14 09:30:03.509,2.26,2016-06-14 12:30:00,
1.12523904,3588868,Bernard Tomic,B Tomic v K Anderson,60,2016-06-14 11:26:23.111,2.24,2016-06-14 14:00:00,
1.12523904,3588868,Bernard Tomic,B Tomic v K Anderson,70,2016-06-14 12:09:26.809,2.26,2016-06-14 14:15:00,
1.12523904,3588868,Bernard Tomic,B Tomic v K Anderson,80,2016-06-14 13:46:25.958,2.26,2016-06-14 14:25:00,
1.12523904,3588868,Bernard Tomic,B Tomic v K Anderson,90,2016-06-14 14:49:26.700,2.28,2016-06-14 14:55:00,
1.12523904,3588868,Bernard Tomic,B Tomic v K Anderson,100,2016-06-14 16:14:41.604,2.22,2016-06-14 16:25:00,
1.125239094,2304933,Jeremy Chardy,Vesely v Chardy,0,2016-06-14 05:29:46.576,1.71,2016-06-14 14:30:00,
1.125239094,2304933,Jeremy Chardy,Vesely v Chardy,10,2016-06-14 05:30:18.133,1.7,2016-06-14 14:30:00,
1.125239094,2304933,Jeremy Chardy,Vesely v Chardy,20,2016-06-14 06:39:59.685,1.7,2016-06-14 14:30:00,
1.125239094,2304933,Jeremy Chardy,Vesely v Chardy,30,2016-06-14 06:49:45.667,1.73,2016-06-14 14:30:00,
1.125239094,2304933,Jeremy Chardy,Vesely v Chardy,40,2016-06-14 10:38:53.044,1.72,2016-06-14 14:45:00,
1.125239094,2304933,Jeremy Chardy,Vesely v Chardy,50,2016-06-14 12:24:24.039,1.68,2016-06-14 16:30:00,
1.125239094,2304933,Jeremy Chardy,Vesely v Chardy,60,2016-06-14 12:48:57.051,1.66,2016-06-14 16:25:00,
1.125239094,2304933,Jeremy Chardy,Vesely v Chardy,70,2016-06-14 12:55:14.732,1.73,2016-06-14 16:25:00,
1.125239094,2304933,Jeremy Chardy,Vesely v Chardy,80,2016-06-14 13:57:01.426,1.7,2016-06-14 16:25:00,
1.125239094,2304933,Jeremy Chardy,Vesely v Chardy,90,2016-06-14 14:29:31.001,1.7,2016-06-14 16:40:00,
1.125239094,2304933,Jeremy Chardy,Vesely v Chardy,100,2016-06-14 16:12:31.992,1.72,2016-06-14 16:18:00,
1.125239148,4903598,Vasek Pospisil,D Young v V Pospisil,0,2016-06-13 21:30:04.338,1.76,2016-06-14 12:30:00,
1.125239148,4903598,Vasek Pospisil,D Young v V Pospisil,10,2016-06-13 21:33:09.288,1.78,2016-06-14 12:30:00,
1.125239148,4903598,Vasek Pospisil,D Young v V Pospisil,20,2016-06-14 04:23:29.173,1.71,2016-06-14 12:30:00,
1.125239148,4903598,Vasek Pospisil,D Young v V Pospisil,30,2016-06-14 05:45:20.798,1.67,2016-06-14 12:30:00,
1.125239148,4903598,Vasek Pospisil,D Young v V Pospisil,40,2016-06-14 08:02:47.130,1.7,2016-06-14 12:30:00,
1.125239148,4903598,Vasek Pospisil,D Young v V Pospisil,50,2016-06-14 11:19:08.852,1.61,2016-06-14 12:00:00,
1.125239148,4903598,Vasek Pospisil,D Young v V Pospisil,60,2016-06-14 11:19:46.280,1.6,2016-06-14 12:00:00,
1.125239148,4903598,Vasek Pospisil,D Young v V Pospisil,70,2016-06-14 11:59:45.903,1.69,2016-06-14 12:00:00,
1.125239148,4903598,Vasek Pospisil,D Young v V Pospisil,80,2016-06-14 12:11:00.801,1.68,2016-06-14 12:15:00,
1.125239148,4903598,Vasek Pospisil,D Young v V Pospisil,90,2016-06-14 12:21:01.485,1.59,2016-06-14 12:30:00,
1.125239148,4903598,Vasek Pospisil,D Young v V Pospisil,100,2016-06-14 12:31:06.747,1.68,2016-06-14 12:45:00,
1.125239202,3066621,Adrian Mannarino,Garcia-Lopez v A Mannarino,0,2016-06-14 04:30:00.817,1.57,2016-06-14 10:30:00,
1.125239202,3066621,Adrian Mannarino,Garcia-Lopez v A Mannarino,10,2016-06-14 05:24:02.965,1.54,2016-06-14 10:30:00,
1.125239202,3066621,Adrian Mannarino,Garcia-Lopez v A Mannarino,20,2016-06-14 07:32:26.170,1.55,2016-06-14 10:30:00,
1.125239202,3066621,Adrian Mannarino,Garcia-Lopez v A Mannarino,30,2016-06-14 08:09:08.821,1.58,2016-06-14 10:30:00,
1.125239202,3066621,Adrian Mannarino,Garcia-Lopez v A Mannarino,40,2016-06-14 08:37:32.945,1.6,2016-06-14 10:30:00,
1.125239202,3066621,Adrian Mannarino,Garcia-Lopez v A Mannarino,50,2016-06-14 09:27:29.471,1.61,2016-06-14 10:30:00,
1.125239202,3066621,Adrian Mannarino,Garcia-Lopez v A Mannarino,60,2016-06-14 09:50:26.463,1.63,2016-06-14 10:30:00,
1.125239202,3066621,Adrian Mannarino,Garcia-Lopez v A Mannarino,70,2016-06-14 10:07:31.575,1.56,2016-06-14 10:30:00,
1.125239202,3066621,Adrian Mannarino,Garcia-Lopez v A Mannarino,80,2016-06-14 10:24:26.525,1.54,2016-06-14 10:30:00,
1.125239202,3066621,Adrian Mannarino,Garcia-Lopez v A Mannarino,90,2016-06-14 10:49:26.703,1.58,2016-06-14 11:00:00,
1.125239202,3066621,Adrian Mannarino,Garcia-Lopez v A Mannarino,100,2016-06-14 12:19:29.947,1.57,2016-06-14 12:30:00,
1.125239202,8260126,Guillermo Garcia-Lopez,Garcia-Lopez v A Mannarino,0,2016-06-14 03:18:00.675,2.5,2016-06-14 10:30:00,
1.125239202,8260126,Guillermo Garcia-Lopez,Garcia-Lopez v A Mannarino,10,2016-06-14 06:48:57.233,2.74,2016-06-14 10:30:00,
1.125239202,8260126,Guillermo Garcia-Lopez,Garcia-Lopez v A Mannarino,20,2016-06-14 08:10:32.396,2.56,2016-06-14 10:30:00,
1.125239202,8260126,Guillermo Garcia-Lopez,Garcia-Lopez v A Mannarino,30,2016-06-14 08:37:32.945,2.66,2016-06-14 10:30:00,
1.125239202,8260126,Guillermo Garcia-Lopez,Garcia-Lopez v A Mannarino,40,2016-06-14 09:40:33.471,2.66,2016-06-14 10:30:00,
1.125239202,8260126,Guillermo Garcia-Lopez,Garcia-Lopez v A Mannarino,50,2016-06-14 09:50:26.463,2.64,2016-06-14 10:30:00,
1.125239202,8260126,Guillermo Garcia-Lopez,Garcia-Lopez v A Mannarino,60,2016-06-14 10:07:31.575,2.8,2016-06-14 10:30:00,
1.125239202,8260126,Guillermo Garcia-Lopez,Garcia-Lopez v A Mannarino,70,2016-06-14 10:16:21.348,2.8,2016-06-14 10:30:00,
1.125239202,8260126,Guillermo Garcia-Lopez,Garcia-Lopez v A Mannarino,80,2016-06-14 10:30:50.230,2.8,2016-06-14 10:45:00,
1.125239202,8260126,Guillermo Garcia-Lopez,Garcia-Lopez v A Mannarino,90,2016-06-14 10:40:09.822,2.8,2016-06-14 10:45:00,
1.125239202,8260126,Guillermo Garcia-Lopez,Garcia-Lopez v A Mannarino,100,2016-06-14 12:22:15.336,2.76,2016-06-14 12:30:00,
1.125240288,2863465,Blaz Kavcic,Kudryavtsev v Kavcic,0,2016-06-14 22:01:01.209,2.06,2016-06-15 06:30:00,
1.125240288,2863465,Blaz Kavcic,Kudryavtsev v Kavcic,10,2016-06-15 04:09:35.406,1.98,2016-06-15 06:30:00,
1.125240288,2863465,Blaz Kavcic,Kudryavtsev v Kavcic,20,2016-06-15 05:20:15.568,2.08,2016-06-15 06:30:00,
1.125240288,2863465,Blaz Kavcic,Kudryavtsev v Kavcic,30,2016-06-15 05:41:32.174,1.99,2016-06-15 06:30:00,
1.125240288,2863465,Blaz Kavcic,Kudryavtsev v Kavcic,40,2016-06-15 05:45:35.590,1.96,2016-06-15 06:30:00,
1.125240288,2863465,Blaz Kavcic,Kudryavtsev v Kavcic,50,2016-06-15 06:12:28.061,1.84,2016-06-15 06:30:00,
1.125240288,2863465,Blaz Kavcic,Kudryavtsev v Kavcic,60,2016-06-15 06:17:53.068,1.83,2016-06-15 06:30:00,
1.125240288,2863465,Blaz Kavcic,Kudryavtsev v Kavcic,70,2016-06-15 06:20:18.112,2.06,2016-06-15 06:30:00,
1.125240288,2863465,Blaz Kavcic,Kudryavtsev v Kavcic,80,2016-06-15 06:23:49.522,1.83,2016-06-15 06:30:00,
1.125240288,2863465,Blaz Kavcic,Kudryavtsev v Kavcic,90,2016-06-15 06:31:35.502,1.82,2016-06-15 06:45:00,
1.125240288,2863465,Blaz Kavcic,Kudryavtsev v Kavcic,100,2016-06-15 06:36:24.353,1.82,2016-06-15 06:45:00,
1.125240288,5908538,Alexander Kudryavtsev,Kudryavtsev v Kavcic,0,2016-06-14 20:16:36.696,1.85,2016-06-15 06:30:00,
1.125240288,5908538,Alexander Kudryavtsev,Kudryavtsev v Kavcic,10,2016-06-14 21:44:35.719,1.81,2016-06-15 06:30:00,
1.125240288,5908538,Alexander Kudryavtsev,Kudryavtsev v Kavcic,20,2016-06-14 21:56:44.296,1.8,2016-06-15 06:30:00,
1.125240288,5908538,Alexander Kudryavtsev,Kudryavtsev v Kavcic,30,2016-06-14 22:01:01.209,1.95,2016-06-15 06:30:00,
1.125240288,5908538,Alexander Kudryavtsev,Kudryavtsev v Kavcic,40,2016-06-14 23:09:47.729,1.84,2016-06-15 06:30:00,
1.125240288,5908538,Alexander Kudryavtsev,Kudryavtsev v Kavcic,50,2016-06-15 03:26:39.847,1.8,2016-06-15 06:30:00,
1.125240288,5908538,Alexander Kudryavtsev,Kudryavtsev v Kavcic,60,2016-06-15 05:20:15.568,1.92,2016-06-15 06:30:00,
1.125240288,5908538,Alexander Kudryavtsev,Kudryavtsev v Kavcic,70,2016-06-15 05:41:32.174,2.0,2016-06-15 06:30:00,
1.125240288,5908538,Alexander Kudryavtsev,Kudryavtsev v Kavcic,80,2016-06-15 05:46:27.659,1.94,2016-06-15 06:30:00,
1.125240288,5908538,Alexander Kudryavtsev,Kudryavtsev v Kavcic,90,2016-06-15 06:20:18.112,1.94,2016-06-15 06:30:00,
1.125240288,5908538,Alexander Kudryavtsev,Kudryavtsev v Kavcic,100,2016-06-15 06:38:17.370,2.08,2016-06-15 06:45:00,
1.125240309,8304047,Ilya Ivashka,M Jankovic v Ivashka,0,2016-06-14 12:28:24.593,1.54,2016-06-15 12:00:00,
1.125240309,8304047,Ilya Ivashka,M Jankovic v Ivashka,10,2016-06-14 21:43:04.905,1.46,2016-06-15 12:00:00,
1.125240309,8304047,Ilya Ivashka,M Jankovic v Ivashka,20,2016-06-15 22:31:30.768,1.5,2016-06-16 06:30:00,
1.125240309,8304047,Ilya Ivashka,M Jankovic v Ivashka,30,2016-06-15 23:51:26.007,1.47,2016-06-16 06:30:00,
1.125240309,8304047,Ilya Ivashka,M Jankovic v Ivashka,40,2016-06-15 23:53:55.803,1.56,2016-06-16 06:30:00,
1.125240309,8304047,Ilya Ivashka,M Jankovic v Ivashka,50,2016-06-16 05:22:36.333,1.46,2016-06-16 06:30:00,
1.125240309,8304047,Ilya Ivashka,M Jankovic v Ivashka,60,2016-06-16 05:28:36.169,1.45,2016-06-16 06:30:00,
1.125240309,8304047,Ilya Ivashka,M Jankovic v Ivashka,70,2016-06-16 05:53:37.928,1.51,2016-06-16 06:30:00,
1.125240309,8304047,Ilya Ivashka,M Jankovic v Ivashka,80,2016-06-16 06:14:30.750,1.52,2016-06-16 06:30:00,
1.125240309,8304047,Ilya Ivashka,M Jankovic v Ivashka,90,2016-06-16 06:27:36.569,1.5,2016-06-16 06:30:00,
1.125240309,8304047,Ilya Ivashka,M Jankovic v Ivashka,100,2016-06-16 06:36:32.550,1.47,2016-06-16 06:45:00,
1.125240487,2422070,Anastasija Sevastova,Bouchard v Sevastova,0,2016-06-15 00:54:35.222,3.2,2016-06-15 14:00:00,
1.125240487,2422070,Anastasija Sevastova,Bouchard v Sevastova,10,2016-06-15 08:20:08.959,3.1,2016-06-15 14:00:00,
1.125240487,2422070,Anastasija Sevastova,Bouchard v Sevastova,20,2016-06-15 12:45:12.632,3.05,2016-06-15 13:28:00,
1.125240487,2422070,Anastasija Sevastova,Bouchard v Sevastova,30,2016-06-15 12:46:04.555,3.0,2016-06-15 13:28:00,
1.125240487,2422070,Anastasija Sevastova,Bouchard v Sevastova,40,2016-06-15 12:47:08.319,2.98,2016-06-15 13:28:00,
1.125240487,2422070,Anastasija Sevastova,Bouchard v Sevastova,50,2016-06-15 12:49:08.776,3.0,2016-06-15 13:28:00,
1.125240487,2422070,Anastasija Sevastova,Bouchard v Sevastova,60,2016-06-15 12:58:14.047,2.92,2016-06-15 13:28:00,
1.125240487,2422070,Anastasija Sevastova,Bouchard v Sevastova,70,2016-06-15 13:09:11.646,2.88,2016-06-15 13:28:00,
1.125240487,2422070,Anastasija Sevastova,Bouchard v Sevastova,80,2016-06-15 13:14:52.229,2.84,2016-06-15 13:28:00,
1.125240487,2422070,Anastasija Sevastova,Bouchard v Sevastova,90,2016-06-15 13:39:12.747,2.78,2016-06-15 13:43:00,
1.125240487,2422070,Anastasija Sevastova,Bouchard v Sevastova,100,2016-06-15 13:57:12.355,2.74,2016-06-15 13:58:00,
1.125240487,5704759,Eugenie Bouchard,Bouchard v Sevastova,0,2016-06-14 16:07:48.995,1.4,2016-06-15 14:00:00,
1.125240487,5704759,Eugenie Bouchard,Bouchard v Sevastova,10,2016-06-14 23:40:01.375,1.48,2016-06-15 14:00:00,
1.125240487,5704759,Eugenie Bouchard,Bouchard v Sevastova,20,2016-06-15 06:49:04.957,1.46,2016-06-15 14:00:00,
1.125240487,5704759,Eugenie Bouchard,Bouchard v Sevastova,30,2016-06-15 08:54:41.868,1.46,2016-06-15 14:00:00,
1.125240487,5704759,Eugenie Bouchard,Bouchard v Sevastova,40,2016-06-15 11:51:01.961,1.47,2016-06-15 13:28:00,
1.125240487,5704759,Eugenie Bouchard,Bouchard v Sevastova,50,2016-06-15 12:40:06.610,1.47,2016-06-15 13:28:00,
1.125240487,5704759,Eugenie Bouchard,Bouchard v Sevastova,60,2016-06-15 12:46:04.555,1.49,2016-06-15 13:28:00,
1.125240487,5704759,Eugenie Bouchard,Bouchard v Sevastova,70,2016-06-15 12:50:10.959,1.52,2016-06-15 13:28:00,
1.125240487,5704759,Eugenie Bouchard,Bouchard v Sevastova,80,2016-06-15 13:14:52.229,1.55,2016-06-15 13:28:00,
1.125240487,5704759,Eugenie Bouchard,Bouchard v Sevastova,90,2016-06-15 13:48:03.987,1.55,2016-06-15 13:58:00,
1.125240487,5704759,Eugenie Bouchard,Bouchard v Sevastova,100,2016-06-15 13:57:12.355,1.57,2016-06-15 13:58:00,
1.125240557,5011822,Konstantin Kravchuk,Kravchuk v Dubail,0,2016-06-14 13:10:57.415,2.66,2016-06-15 12:00:00,
1.125240557,5011822,Konstantin Kravchuk,Kravchuk v Dubail,10,2016-06-14 15:08:34.859,1.16,2016-06-15 12:00:00,
1.125240557,5011822,Konstantin Kravchuk,Kravchuk v Dubail,20,2016-06-16 03:08:26.808,1.1,2016-06-16 10:30:00,
1.125240557,5011822,Konstantin Kravchuk,Kravchuk v Dubail,30,2016-06-16 03:21:34.444,1.12,2016-06-16 10:30:00,
1.125240557,5011822,Konstantin Kravchuk,Kravchuk v Dubail,40,2016-06-16 04:47:41.879,1.11,2016-06-16 10:30:00,
1.125240557,5011822,Konstantin Kravchuk,Kravchuk v Dubail,50,2016-06-16 06:26:06.397,1.12,2016-06-16 10:30:00,
1.125240557,5011822,Konstantin Kravchuk,Kravchuk v Dubail,60,2016-06-16 06:30:10.537,1.16,2016-06-16 10:45:00,
1.125240557,5011822,Konstantin Kravchuk,Kravchuk v Dubail,70,2016-06-16 06:34:12.771,1.17,2016-06-16 10:45:00,
1.125240557,5011822,Konstantin Kravchuk,Kravchuk v Dubail,80,2016-06-16 07:17:51.901,1.12,2016-06-16 10:35:00,
1.125240557,5011822,Konstantin Kravchuk,Kravchuk v Dubail,90,2016-06-16 07:32:36.575,1.16,2016-06-16 10:35:00,
1.125240557,5011822,Konstantin Kravchuk,Kravchuk v Dubail,100,2016-06-16 08:59:42.861,1.12,2016-06-16 10:39:00,
1.125240645,8494652,Adam Pavlasek,Stanek v Pavlasek,0,2016-06-14 22:48:30.424,1.3,2016-06-15 09:00:00,
1.125240645,8494652,Adam Pavlasek,Stanek v Pavlasek,10,2016-06-15 03:04:56.692,1.24,2016-06-15 09:00:00,
1.125240645,8494652,Adam Pavlasek,Stanek v Pavlasek,20,2016-06-15 05:51:06.308,1.22,2016-06-15 09:00:00,
1.125240645,8494652,Adam Pavlasek,Stanek v Pavlasek,30,2016-06-15 06:47:46.228,1.21,2016-06-15 09:00:00,
1.125240645,8494652,Adam Pavlasek,Stanek v Pavlasek,40,2016-06-15 07:24:04.495,1.22,2016-06-15 09:00:00,
1.125240645,8494652,Adam Pavlasek,Stanek v Pavlasek,50,2016-06-15 07:42:34.279,1.23,2016-06-15 09:00:00,
1.125240645,8494652,Adam Pavlasek,Stanek v Pavlasek,60,2016-06-15 08:32:25.167,1.21,2016-06-15 09:00:00,
1.125240645,8494652,Adam Pavlasek,Stanek v Pavlasek,70,2016-06-15 08:47:33.766,1.22,2016-06-15 09:00:00,
1.125240645,8494652,Adam Pavlasek,Stanek v Pavlasek,80,2016-06-15 08:48:12.881,1.21,2016-06-15 09:00:00,
1.125240645,8494652,Adam Pavlasek,Stanek v Pavlasek,90,2016-06-15 08:49:34.010,1.19,2016-06-15 09:00:00,
1.125240645,8494652,Adam Pavlasek,Stanek v Pavlasek,100,2016-06-15 09:00:06.417,1.21,2016-06-15 09:15:00,
1.125240683,2497008,Petra Kvitova,Ostapenko v Kvitova,0,2016-06-14 16:05:53.811,1.31,2016-06-15 12:00:00,
1.125240683,2497008,Petra Kvitova,Ostapenko v Kvitova,10,2016-06-15 10:47:31.855,1.28,2016-06-16 12:00:00,
1.125240683,2497008,Petra Kvitova,Ostapenko v Kvitova,20,2016-06-16 02:41:11.585,1.3,2016-06-16 10:30:00,
1.125240683,2497008,Petra Kvitova,Ostapenko v Kvitova,30,2016-06-16 04:49:55.973,1.34,2016-06-16 10:30:00,
1.125240683,2497008,Petra Kvitova,Ostapenko v Kvitova,40,2016-06-16 06:50:58.329,1.29,2016-06-16 10:30:00,
1.125240683,2497008,Petra Kvitova,Ostapenko v Kvitova,50,2016-06-16 08:08:58.403,1.31,2016-06-16 10:30:00,
1.125240683,2497008,Petra Kvitova,Ostapenko v Kvitova,60,2016-06-16 08:53:55.402,1.32,2016-06-16 10:30:00,
1.125240683,2497008,Petra Kvitova,Ostapenko v Kvitova,70,2016-06-16 09:39:56.543,1.29,2016-06-16 10:30:00,
1.125240683,2497008,Petra Kvitova,Ostapenko v Kvitova,80,2016-06-16 10:00:27.757,1.3,2016-06-16 10:30:00,
1.125240683,2497008,Petra Kvitova,Ostapenko v Kvitova,90,2016-06-16 10:17:47.121,1.29,2016-06-16 10:30:00,
1.125240683,2497008,Petra Kvitova,Ostapenko v Kvitova,100,2016-06-16 10:26:46.141,1.3,2016-06-16 10:30:00,
1.125240683,8827537,Jelena Ostapenko,Ostapenko v Kvitova,0,2016-06-15 05:49:17.083,4.1,2016-06-16 12:00:00,
1.125240683,8827537,Jelena Ostapenko,Ostapenko v Kvitova,10,2016-06-15 13:36:06.636,4.5,2016-06-16 12:00:00,
1.125240683,8827537,Jelena Ostapenko,Ostapenko v Kvitova,20,2016-06-16 02:47:32.665,4.4,2016-06-16 10:30:00,
1.125240683,8827537,Jelena Ostapenko,Ostapenko v Kvitova,30,2016-06-16 04:45:27.285,4.2,2016-06-16 10:30:00,
1.125240683,8827537,Jelena Ostapenko,Ostapenko v Kvitova,40,2016-06-16 04:47:58.478,4.0,2016-06-16 10:30:00,
1.125240683,8827537,Jelena Ostapenko,Ostapenko v Kvitova,50,2016-06-16 06:14:12.053,4.2,2016-06-16 10:30:00,
1.125240683,8827537,Jelena Ostapenko,Ostapenko v Kvitova,60,2016-06-16 06:50:58.329,4.4,2016-06-16 10:30:00,
1.125240683,8827537,Jelena Ostapenko,Ostapenko v Kvitova,70,2016-06-16 08:51:58.457,4.1,2016-06-16 10:30:00,
1.125240683,8827537,Jelena Ostapenko,Ostapenko v Kvitova,80,2016-06-16 09:04:49.069,4.2,2016-06-16 10:30:00,
1.125240683,8827537,Jelena Ostapenko,Ostapenko v Kvitova,90,2016-06-16 09:25:48.002,4.3,2016-06-16 10:30:00,
1.125240683,8827537,Jelena Ostapenko,Ostapenko v Kvitova,100,2016-06-16 09:59:32.885,4.3,2016-06-16 10:30:00,
1.12524106,8257797,Alessandro Bega,Du Lee v Bega,0,2016-06-16 05:40:30.834,2.96,2016-06-16 06:30:00,
1.12524106,8257797,Alessandro Bega,Du Lee v Bega,10,2016-06-16 05:44:33.132,3.0,2016-06-16 06:30:00,
1.12524106,8257797,Alessandro Bega,Du Lee v Bega,20,2016-06-16 05:55:31.878,2.98,2016-06-16 06:30:00,
1.12524106,8257797,Alessandro Bega,Du Lee v Bega,30,2016-06-16 06:27:32.608,2.88,2016-06-16 06:30:00,
1.12524106,8257797,Alessandro Bega,Du Lee v Bega,40,2016-06-16 06:44:26.993,2.9,2016-06-16 07:00:00,
1.12524106,8257797,Alessandro Bega,Du Lee v Bega,50,2016-06-16 06:46:27.053,2.86,2016-06-16 07:00:00,
1.12524106,8257797,Alessandro Bega,Du Lee v Bega,60,2016-06-16 06:49:13.098,2.9,2016-06-16 07:00:00,
1.12524106,8257797,Alessandro Bega,Du Lee v Bega,70,2016-06-16 06:58:30.102,2.76,2016-06-16 07:00:00,
1.12524106,8257797,Alessandro Bega,Du Lee v Bega,80,2016-06-16 07:07:27.840,2.6,2016-06-16 07:15:00,
1.12524106,8257797,Alessandro Bega,Du Lee v Bega,90,2016-06-16 07:08:33.126,2.76,2016-06-16 07:15:00,
1.12524106,8257797,Alessandro Bega,Du Lee v Bega,100,2016-06-16 07:12:02.125,2.58,2016-06-16 07:15:00,
1.12524106,8505197,Duckhee Lee,Du Lee v Bega,0,2016-06-15 19:25:15.193,1.46,2016-06-16 06:30:00,
1.12524106,8505197,Duckhee Lee,Du Lee v Bega,10,2016-06-16 05:22:32.639,1.47,2016-06-16 06:30:00,
1.12524106,8505197,Duckhee Lee,Du Lee v Bega,20,2016-06-16 05:40:30.834,1.51,2016-06-16 06:30:00,
1.12524106,8505197,Duckhee Lee,Du Lee v Bega,30,2016-06-16 05:45:22.861,1.51,2016-06-16 06:30:00,
1.12524106,8505197,Duckhee Lee,Du Lee v Bega,40,2016-06-16 06:06:20.612,1.51,2016-06-16 06:30:00,
1.12524106,8505197,Duckhee Lee,Du Lee v Bega,50,2016-06-16 06:30:19.928,1.52,2016-06-16 06:45:00,
1.12524106,8505197,Duckhee Lee,Du Lee v Bega,60,2016-06-16 06:41:54.283,1.52,2016-06-16 06:45:00,
1.12524106,8505197,Duckhee Lee,Du Lee v Bega,70,2016-06-16 06:55:22.817,1.56,2016-06-16 07:00:00,
1.12524106,8505197,Duckhee Lee,Du Lee v Bega,80,2016-06-16 07:07:27.840,1.63,2016-06-16 07:15:00,
1.12524106,8505197,Duckhee Lee,Du Lee v Bega,90,2016-06-16 07:09:27.987,1.63,2016-06-16 07:15:00,
1.12524106,8505197,Duckhee Lee,Du Lee v Bega,100,2016-06-16 07:32:23.839,1.52,2016-06-16 07:45:00,
1.125241065,2249400,Florian Mayer,F Mayer v Nishikori,0,2016-06-14 14:52:32.451,4.9,2016-06-15 12:00:00,
1.125241065,2249400,Florian Mayer,F Mayer v Nishikori,10,2016-06-14 21:43:43.134,6.0,2016-06-15 12:00:00,
1.125241065,2249400,Florian Mayer,F Mayer v Nishikori,20,2016-06-14 22:05:58.831,5.3,2016-06-15 12:00:00,
1.125241065,2249400,Florian Mayer,F Mayer v Nishikori,30,2016-06-15 04:24:39.195,5.1,2016-06-15 12:00:00,
1.125241065,2249400,Florian Mayer,F Mayer v Nishikori,40,2016-06-15 07:31:36.181,5.3,2016-06-15 12:00:00,
1.125241065,2249400,Florian Mayer,F Mayer v Nishikori,50,2016-06-15 07:35:40.904,5.7,2016-06-15 12:00:00,
1.125241065,2249400,Florian Mayer,F Mayer v Nishikori,60,2016-06-15 07:38:43.441,5.6,2016-06-15 12:00:00,
1.125241065,2249400,Florian Mayer,F Mayer v Nishikori,70,2016-06-15 08:23:31.131,5.5,2016-06-15 12:00:00,
1.125241065,2249400,Florian Mayer,F Mayer v Nishikori,80,2016-06-15 09:05:42.704,5.6,2016-06-15 12:00:00,
1.125241065,2249400,Florian Mayer,F Mayer v Nishikori,90,2016-06-15 09:44:38.631,5.6,2016-06-15 12:00:00,
1.125241065,2249400,Florian Mayer,F Mayer v Nishikori,100,2016-06-15 10:01:33.457,5.6,2016-06-15 11:47:00,
1.125241065,2483001,Kei Nishikori,F Mayer v Nishikori,0,2016-06-14 12:27:35.005,1.08,2016-06-15 12:00:00,
1.125241065,2483001,Kei Nishikori,F Mayer v Nishikori,10,2016-06-14 16:58:05.728,1.22,2016-06-15 12:00:00,
1.125241065,2483001,Kei Nishikori,F Mayer v Nishikori,20,2016-06-14 21:12:33.871,1.22,2016-06-15 12:00:00,
1.125241065,2483001,Kei Nishikori,F Mayer v Nishikori,30,2016-06-14 21:43:43.134,1.22,2016-06-15 12:00:00,
1.125241065,2483001,Kei Nishikori,F Mayer v Nishikori,40,2016-06-15 05:58:14.154,1.23,2016-06-15 12:00:00,
1.125241065,2483001,Kei Nishikori,F Mayer v Nishikori,50,2016-06-15 06:58:28.702,1.24,2016-06-15 12:00:00,
1.125241065,2483001,Kei Nishikori,F Mayer v Nishikori,60,2016-06-15 07:31:36.181,1.23,2016-06-15 12:00:00,
1.125241065,2483001,Kei Nishikori,F Mayer v Nishikori,70,2016-06-15 07:38:43.441,1.22,2016-06-15 12:00:00,
1.125241065,2483001,Kei Nishikori,F Mayer v Nishikori,80,2016-06-15 08:15:58.750,1.21,2016-06-15 12:00:00,
1.125241065,2483001,Kei Nishikori,F Mayer v Nishikori,90,2016-06-15 08:58:12.051,1.22,2016-06-15 12:00:00,
1.125241065,2483001,Kei Nishikori,F Mayer v Nishikori,100,2016-06-15 09:57:05.303,1.21,2016-06-15 11:47:00,
1.125241134,5223695,Jurgen Zopp,Zopp v D Medvedev,0,2016-06-15 07:41:02.085,2.7,2016-06-15 12:45:00,
1.125241134,5223695,Jurgen Zopp,Zopp v D Medvedev,10,2016-06-15 08:09:32.274,2.68,2016-06-15 12:45:00,
1.125241134,5223695,Jurgen Zopp,Zopp v D Medvedev,20,2016-06-15 09:54:56.989,3.0,2016-06-15 12:45:00,
1.125241134,5223695,Jurgen Zopp,Zopp v D Medvedev,30,2016-06-15 10:46:04.809,2.78,2016-06-15 12:45:00,
1.125241134,5223695,Jurgen Zopp,Zopp v D Medvedev,40,2016-06-15 11:30:03.978,3.3,2016-06-15 12:45:00,
1.125241134,5223695,Jurgen Zopp,Zopp v D Medvedev,50,2016-06-15 11:48:43.891,3.05,2016-06-15 12:45:00,
1.125241134,5223695,Jurgen Zopp,Zopp v D Medvedev,60,2016-06-15 12:13:05.132,2.9,2016-06-15 12:45:00,
1.125241134,5223695,Jurgen Zopp,Zopp v D Medvedev,70,2016-06-15 12:16:59.371,3.05,2016-06-15 12:45:00,
1.125241134,5223695,Jurgen Zopp,Zopp v D Medvedev,80,2016-06-15 12:18:56.429,3.4,2016-06-15 12:45:00,
1.125241134,5223695,Jurgen Zopp,Zopp v D Medvedev,90,2016-06-15 13:33:33.522,3.45,2016-06-15 13:45:00,
1.125241134,5223695,Jurgen Zopp,Zopp v D Medvedev,100,2016-06-15 14:10:12.473,3.5,2016-06-15 14:15:00,
1.125241134,7797742,Daniil Medvedev,Zopp v D Medvedev,0,2016-06-15 02:59:29.833,1.45,2016-06-15 12:45:00,
1.125241134,7797742,Daniil Medvedev,Zopp v D Medvedev,10,2016-06-15 09:12:44.862,1.46,2016-06-15 12:45:00,
1.125241134,7797742,Daniil Medvedev,Zopp v D Medvedev,20,2016-06-15 09:54:56.989,1.5,2016-06-15 12:45:00,
1.125241134,7797742,Daniil Medvedev,Zopp v D Medvedev,30,2016-06-15 10:53:00.844,1.46,2016-06-15 12:45:00,
1.125241134,7797742,Daniil Medvedev,Zopp v D Medvedev,40,2016-06-15 11:30:03.978,1.45,2016-06-15 12:45:00,
1.125241134,7797742,Daniil Medvedev,Zopp v D Medvedev,50,2016-06-15 12:13:05.132,1.52,2016-06-15 12:45:00,
1.125241134,7797742,Daniil Medvedev,Zopp v D Medvedev,60,2016-06-15 12:16:59.371,1.46,2016-06-15 12:45:00,
1.125241134,7797742,Daniil Medvedev,Zopp v D Medvedev,70,2016-06-15 12:17:53.505,1.45,2016-06-15 12:45:00,
1.125241134,7797742,Daniil Medvedev,Zopp v D Medvedev,80,2016-06-15 13:36:51.587,1.4,2016-06-15 13:45:00,
1.125241134,7797742,Daniil Medvedev,Zopp v D Medvedev,90,2016-06-15 13:47:39.033,1.38,2016-06-15 14:00:00,
1.125241134,7797742,Daniil Medvedev,Zopp v D Medvedev,100,2016-06-15 14:13:58.433,1.42,2016-06-15 14:15:00,
1.125241295,2251579,Daniela Hantuchova,Cirstea v Hantuchova,0,2016-06-14 21:19:13.360,2.74,2016-06-15 10:00:00,
1.125241295,2251579,Daniela Hantuchova,Cirstea v Hantuchova,10,2016-06-15 02:48:52.799,2.98,2016-06-15 10:00:00,
1.125241295,2251579,Daniela Hantuchova,Cirstea v Hantuchova,20,2016-06-15 07:06:42.292,2.98,2016-06-15 10:00:00,
1.125241295,2251579,Daniela Hantuchova,Cirstea v Hantuchova,30,2016-06-15 07:54:42.393,2.84,2016-06-15 10:00:00,
1.125241295,2251579,Daniela Hantuchova,Cirstea v Hantuchova,40,2016-06-15 08:23:06.648,2.84,2016-06-15 10:00:00,
1.125241295,2251579,Daniela Hantuchova,Cirstea v Hantuchova,50,2016-06-15 08:33:12.830,2.88,2016-06-15 10:00:00,
1.125241295,2251579,Daniela Hantuchova,Cirstea v Hantuchova,60,2016-06-15 08:56:11.066,2.92,2016-06-15 10:00:00,
1.125241295,2251579,Daniela Hantuchova,Cirstea v Hantuchova,70,2016-06-15 09:06:04.092,2.88,2016-06-15 10:00:00,
1.125241295,2251579,Daniela Hantuchova,Cirstea v Hantuchova,80,2016-06-15 09:37:48.789,2.96,2016-06-15 10:00:00,
1.125241295,2251579,Daniela Hantuchova,Cirstea v Hantuchova,90,2016-06-15 09:46:13.299,2.96,2016-06-15 10:00:00,
1.125241295,2251579,Daniela Hantuchova,Cirstea v Hantuchova,100,2016-06-15 09:54:01.338,2.92,2016-06-15 10:00:00,
1.125241295,2387871,Sorana Cirstea,Cirstea v Hantuchova,0,2016-06-14 20:21:13.366,1.59,2016-06-15 10:00:00,
1.125241295,2387871,Sorana Cirstea,Cirstea v Hantuchova,10,2016-06-14 21:19:13.360,1.56,2016-06-15 10:00:00,
1.125241295,2387871,Sorana Cirstea,Cirstea v Hantuchova,20,2016-06-15 02:31:29.402,1.56,2016-06-15 10:00:00,
1.125241295,2387871,Sorana Cirstea,Cirstea v Hantuchova,30,2016-06-15 05:09:22.269,1.51,2016-06-15 10:00:00,
1.125241295,2387871,Sorana Cirstea,Cirstea v Hantuchova,40,2016-06-15 05:49:31.421,1.49,2016-06-15 10:00:00,
1.125241295,2387871,Sorana Cirstea,Cirstea v Hantuchova,50,2016-06-15 06:19:06.921,1.5,2016-06-15 10:00:00,
1.125241295,2387871,Sorana Cirstea,Cirstea v Hantuchova,60,2016-06-15 07:54:42.393,1.53,2016-06-15 10:00:00,
1.125241295,2387871,Sorana Cirstea,Cirstea v Hantuchova,70,2016-06-15 08:48:51.525,1.5,2016-06-15 10:00:00,
1.125241295,2387871,Sorana Cirstea,Cirstea v Hantuchova,80,2016-06-15 09:06:04.092,1.53,2016-06-15 10:00:00,
1.125241295,2387871,Sorana Cirstea,Cirstea v Hantuchova,90,2016-06-15 09:37:48.789,1.51,2016-06-15 10:00:00,
1.125241295,2387871,Sorana Cirstea,Cirstea v Hantuchova,100,2016-06-15 09:47:07.232,1.51,2016-06-15 10:00:00,
1.12524131,4829328,Laura Siegemund,Cepede Royg v Siegemund,0,2016-06-14 22:26:44.257,1.58,2016-06-15 12:00:00,
1.12524131,4829328,Laura Siegemund,Cepede Royg v Siegemund,10,2016-06-15 09:28:11.112,1.66,2016-06-16 12:00:00,
1.12524131,4829328,Laura Siegemund,Cepede Royg v Siegemund,20,2016-06-15 12:20:51.138,1.65,2016-06-16 12:00:00,
1.12524131,4829328,Laura Siegemund,Cepede Royg v Siegemund,30,2016-06-15 21:10:54.473,1.62,2016-06-16 12:00:00,
1.12524131,4829328,Laura Siegemund,Cepede Royg v Siegemund,40,2016-06-16 06:23:03.208,1.72,2016-06-16 12:00:00,
1.12524131,4829328,Laura Siegemund,Cepede Royg v Siegemund,50,2016-06-16 08:44:12.314,1.69,2016-06-16 12:00:00,
1.12524131,4829328,Laura Siegemund,Cepede Royg v Siegemund,60,2016-06-16 09:07:43.614,1.72,2016-06-16 12:00:00,
1.12524131,4829328,Laura Siegemund,Cepede Royg v Siegemund,70,2016-06-16 10:51:17.196,1.7,2016-06-16 12:00:00,
1.12524131,4829328,Laura Siegemund,Cepede Royg v Siegemund,80,2016-06-16 11:35:03.506,1.67,2016-06-16 12:00:00,
1.12524131,4829328,Laura Siegemund,Cepede Royg v Siegemund,90,2016-06-16 11:47:09.106,1.66,2016-06-16 12:00:00,
1.12524131,4829328,Laura Siegemund,Cepede Royg v Siegemund,100,2016-06-16 11:54:16.467,1.65,2016-06-16 12:00:00,
1.12524131,6400531,Veronica Cepede Royg,Cepede Royg v Siegemund,0,2016-06-14 22:26:44.257,2.7,2016-06-15 12:00:00,
1.12524131,6400531,Veronica Cepede Royg,Cepede Royg v Siegemund,10,2016-06-15 05:45:17.384,2.54,2016-06-16 12:00:00,
1.12524131,6400531,Veronica Cepede Royg,Cepede Royg v Siegemund,20,2016-06-15 08:54:17.257,2.48,2016-06-16 12:00:00,
1.12524131,6400531,Veronica Cepede Royg,Cepede Royg v Siegemund,30,2016-06-15 11:53:59.462,2.46,2016-06-16 12:00:00,
1.12524131,6400531,Veronica Cepede Royg,Cepede Royg v Siegemund,40,2016-06-15 22:18:56.785,2.6,2016-06-16 12:00:00,
1.12524131,6400531,Veronica Cepede Royg,Cepede Royg v Siegemund,50,2016-06-16 03:33:17.346,2.48,2016-06-16 12:00:00,
1.12524131,6400531,Veronica Cepede Royg,Cepede Royg v Siegemund,60,2016-06-16 06:23:03.208,2.4,2016-06-16 12:00:00,
1.12524131,6400531,Veronica Cepede Royg,Cepede Royg v Siegemund,70,2016-06-16 09:12:02.958,2.4,2016-06-16 12:00:00,
1.12524131,6400531,Veronica Cepede Royg,Cepede Royg v Siegemund,80,2016-06-16 10:51:17.196,2.42,2016-06-16 12:00:00,
1.12524131,6400531,Veronica Cepede Royg,Cepede Royg v Siegemund,90,2016-06-16 11:42:43.280,2.48,2016-06-16 12:00:00,
1.12524131,6400531,Veronica Cepede Royg,Cepede Royg v Siegemund,100,2016-06-16 11:52:02.699,2.5,2016-06-16 12:00:00,
1.125242445,2257535,Andreas Seppi,Seppi v Sugita,0,2016-06-14 16:15:35.579,1.31,2016-06-15 12:00:00,
1.125242445,2257535,Andreas Seppi,Seppi v Sugita,10,2016-06-14 17:55:23.447,1.3,2016-06-15 10:00:00,
1.125242445,2257535,Andreas Seppi,Seppi v Sugita,20,2016-06-14 21:05:15.297,1.29,2016-06-15 10:00:00,
1.125242445,2257535,Andreas Seppi,Seppi v Sugita,30,2016-06-14 23:55:36.274,1.29,2016-06-15 10:00:00,
1.125242445,2257535,Andreas Seppi,Seppi v Sugita,40,2016-06-15 05:53:08.220,1.28,2016-06-15 10:00:00,
1.125242445,2257535,Andreas Seppi,Seppi v Sugita,50,2016-06-15 06:40:42.639,1.29,2016-06-15 10:00:00,
1.125242445,2257535,Andreas Seppi,Seppi v Sugita,60,2016-06-15 07:28:50.166,1.28,2016-06-15 10:00:00,
1.125242445,2257535,Andreas Seppi,Seppi v Sugita,70,2016-06-15 08:00:41.262,1.29,2016-06-15 10:00:00,
1.125242445,2257535,Andreas Seppi,Seppi v Sugita,80,2016-06-15 08:23:21.830,1.28,2016-06-15 10:00:00,
1.125242445,2257535,Andreas Seppi,Seppi v Sugita,90,2016-06-15 08:48:46.765,1.29,2016-06-15 10:00:00,
1.125242445,2257535,Andreas Seppi,Seppi v Sugita,100,2016-06-15 09:41:44.986,1.27,2016-06-15 10:00:00,
1.125242538,2249398,Benjamin Becker,B Becker v A Zverev,0,2016-06-14 15:46:37.434,3.4,2016-06-15 12:00:00,
1.125242538,2249398,Benjamin Becker,B Becker v A Zverev,10,2016-06-14 15:58:39.865,2.84,2016-06-15 12:00:00,
1.125242538,2249398,Benjamin Becker,B Becker v A Zverev,20,2016-06-14 20:27:19.836,3.15,2016-06-15 11:30:00,
1.125242538,2249398,Benjamin Becker,B Becker v A Zverev,30,2016-06-15 03:20:39.900,3.0,2016-06-15 11:30:00,
1.125242538,2249398,Benjamin Becker,B Becker v A Zverev,40,2016-06-15 04:41:35.182,3.15,2016-06-15 11:30:00,
1.125242538,2249398,Benjamin Becker,B Becker v A Zverev,50,2016-06-15 07:17:25.753,3.0,2016-06-15 11:30:00,
1.125242538,2249398,Benjamin Becker,B Becker v A Zverev,60,2016-06-15 07:39:36.199,2.98,2016-06-15 11:30:00,
1.125242538,2249398,Benjamin Becker,B Becker v A Zverev,70,2016-06-15 08:00:50.008,3.05,2016-06-15 11:30:00,
1.125242538,2249398,Benjamin Becker,B Becker v A Zverev,80,2016-06-15 09:00:25.963,3.05,2016-06-15 11:30:00,
1.125242538,2249398,Benjamin Becker,B Becker v A Zverev,90,2016-06-15 10:44:36.092,3.1,2016-06-15 11:30:00,
1.125242538,2249398,Benjamin Becker,B Becker v A Zverev,100,2016-06-15 11:41:10.446,3.15,2016-06-15 11:45:00,
1.125242538,7430944,Alexander Zverev,B Becker v A Zverev,0,2016-06-14 15:45:39.858,1.34,2016-06-15 12:00:00,
1.125242538,7430944,Alexander Zverev,B Becker v A Zverev,10,2016-06-14 16:08:27.891,1.53,2016-06-15 12:00:00,
1.125242538,7430944,Alexander Zverev,B Becker v A Zverev,20,2016-06-14 20:51:56.442,1.44,2016-06-15 11:30:00,
1.125242538,7430944,Alexander Zverev,B Becker v A Zverev,30,2016-06-14 23:07:20.734,1.43,2016-06-15 11:30:00,
1.125242538,7430944,Alexander Zverev,B Becker v A Zverev,40,2016-06-15 03:14:33.301,1.41,2016-06-15 11:30:00,
1.125242538,7430944,Alexander Zverev,B Becker v A Zverev,50,2016-06-15 05:33:05.496,1.47,2016-06-15 11:30:00,
1.125242538,7430944,Alexander Zverev,B Becker v A Zverev,60,2016-06-15 07:20:30.108,1.48,2016-06-15 11:30:00,
1.125242538,7430944,Alexander Zverev,B Becker v A Zverev,70,2016-06-15 07:57:12.841,1.49,2016-06-15 11:30:00,
1.125242538,7430944,Alexander Zverev,B Becker v A Zverev,80,2016-06-15 09:40:40.000,1.48,2016-06-15 11:30:00,
1.125242538,7430944,Alexander Zverev,B Becker v A Zverev,90,2016-06-15 11:31:14.233,1.48,2016-06-15 11:45:00,
1.125242538,7430944,Alexander Zverev,B Becker v A Zverev,100,2016-06-15 11:52:31.277,1.46,2016-06-15 12:00:00,
1.125243708,2403862,Sabine Lisicki,Duque-MariÑo v Lisicki,0,2016-06-15 01:38:03.733,1.32,2016-06-15 17:00:00,
1.125243708,2403862,Sabine Lisicki,Duque-MariÑo v Lisicki,10,2016-06-15 07:35:05.860,1.33,2016-06-15 17:00:00,
1.125243708,2403862,Sabine Lisicki,Duque-MariÑo v Lisicki,20,2016-06-15 09:02:47.618,1.3,2016-06-15 17:00:00,
1.125243708,2403862,Sabine Lisicki,Duque-MariÑo v Lisicki,30,2016-06-15 14:43:13.238,1.35,2016-06-15 17:00:00,
1.125243708,2403862,Sabine Lisicki,Duque-MariÑo v Lisicki,40,2016-06-15 14:57:09.103,1.35,2016-06-15 17:00:00,
1.125243708,2403862,Sabine Lisicki,Duque-MariÑo v Lisicki,50,2016-06-15 15:11:11.891,1.34,2016-06-15 17:00:00,
1.125243708,2403862,Sabine Lisicki,Duque-MariÑo v Lisicki,60,2016-06-15 15:37:09.882,1.35,2016-06-15 17:00:00,
1.125243708,2403862,Sabine Lisicki,Duque-MariÑo v Lisicki,70,2016-06-15 16:05:43.091,1.33,2016-06-15 17:00:00,
1.125243708,2403862,Sabine Lisicki,Duque-MariÑo v Lisicki,80,2016-06-15 16:22:11.599,1.33,2016-06-15 17:00:00,
1.125243708,2403862,Sabine Lisicki,Duque-MariÑo v Lisicki,90,2016-06-15 16:27:12.300,1.33,2016-06-15 17:00:00,
1.125243708,2403862,Sabine Lisicki,Duque-MariÑo v Lisicki,100,2016-06-15 16:50:11.459,1.34,2016-06-15 17:00:00,
1.125243708,9138301,Mariana Duque-MariÑo,Duque-MariÑo v Lisicki,0,2016-06-15 01:38:03.733,4.1,2016-06-15 17:00:00,
1.125243708,9138301,Mariana Duque-MariÑo,Duque-MariÑo v Lisicki,10,2016-06-15 01:39:00.146,3.9,2016-06-15 17:00:00,
1.125243708,9138301,Mariana Duque-MariÑo,Duque-MariÑo v Lisicki,20,2016-06-15 08:20:54.875,4.0,2016-06-15 17:00:00,
1.125243708,9138301,Mariana Duque-MariÑo,Duque-MariÑo v Lisicki,30,2016-06-15 14:35:17.182,4.2,2016-06-15 17:00:00,
1.125243708,9138301,Mariana Duque-MariÑo,Duque-MariÑo v Lisicki,40,2016-06-15 14:57:09.103,3.85,2016-06-15 17:00:00,
1.125243708,9138301,Mariana Duque-MariÑo,Duque-MariÑo v Lisicki,50,2016-06-15 15:43:04.491,3.85,2016-06-15 17:00:00,
1.125243708,9138301,Mariana Duque-MariÑo,Duque-MariÑo v Lisicki,60,2016-06-15 15:48:45.088,3.9,2016-06-15 17:00:00,
1.125243708,9138301,Mariana Duque-MariÑo,Duque-MariÑo v Lisicki,70,2016-06-15 15:50:12.112,3.95,2016-06-15 17:00:00,
1.125243708,9138301,Mariana Duque-MariÑo,Duque-MariÑo v Lisicki,80,2016-06-15 16:23:09.644,3.9,2016-06-15 17:00:00,
1.125243708,9138301,Mariana Duque-MariÑo,Duque-MariÑo v Lisicki,90,2016-06-15 16:27:12.300,3.95,2016-06-15 17:00:00,
1.125243708,9138301,Mariana Duque-MariÑo,Duque-MariÑo v Lisicki,100,2016-06-15 16:51:49.951,3.95,2016-06-15 17:00:00,
1.125243723,5248977,Caroline Garcia,Friedsam v Caro Garcia,0,2016-06-14 18:00:08.879,2.68,2016-06-15 12:00:00,
1.125243723,5248977,Caroline Garcia,Friedsam v Caro Garcia,10,2016-06-15 19:23:05.844,1.51,2016-06-16 14:00:00,
1.125243723,5248977,Caroline Garcia,Friedsam v Caro Garcia,20,2016-06-16 07:26:28.218,1.58,2016-06-16 14:00:00,
1.125243723,5248977,Caroline Garcia,Friedsam v Caro Garcia,30,2016-06-16 08:23:41.329,1.66,2016-06-16 14:00:00,
1.125243723,5248977,Caroline Garcia,Friedsam v Caro Garcia,40,2016-06-16 09:24:12.453,1.66,2016-06-16 14:00:00,
1.125243723,5248977,Caroline Garcia,Friedsam v Caro Garcia,50,2016-06-16 12:21:07.262,1.71,2016-06-16 13:49:00,
1.125243723,5248977,Caroline Garcia,Friedsam v Caro Garcia,60,2016-06-16 13:00:16.013,1.71,2016-06-16 13:49:00,
1.125243723,5248977,Caroline Garcia,Friedsam v Caro Garcia,70,2016-06-16 13:46:04.178,1.73,2016-06-16 13:49:00,
1.125243723,5248977,Caroline Garcia,Friedsam v Caro Garcia,80,2016-06-16 13:57:04.017,1.73,2016-06-16 14:04:00,
1.125243723,5248977,Caroline Garcia,Friedsam v Caro Garcia,90,2016-06-16 14:33:09.691,1.72,2016-06-16 14:34:00,
1.125243723,5248977,Caroline Garcia,Friedsam v Caro Garcia,100,2016-06-16 14:57:11.551,1.71,2016-06-16 14:59:00,
1.125243723,7593369,Anna-Lena Friedsam,Friedsam v Caro Garcia,0,2016-06-14 18:43:13.127,2.64,2016-06-15 12:00:00,
1.125243723,7593369,Anna-Lena Friedsam,Friedsam v Caro Garcia,10,2016-06-15 23:09:57.329,2.74,2016-06-16 14:00:00,
1.125243723,7593369,Anna-Lena Friedsam,Friedsam v Caro Garcia,20,2016-06-16 06:24:15.772,2.54,2016-06-16 14:00:00,
1.125243723,7593369,Anna-Lena Friedsam,Friedsam v Caro Garcia,30,2016-06-16 07:38:52.019,2.52,2016-06-16 14:00:00,
1.125243723,7593369,Anna-Lena Friedsam,Friedsam v Caro Garcia,40,2016-06-16 11:12:12.213,2.5,2016-06-16 14:00:00,
1.125243723,7593369,Anna-Lena Friedsam,Friedsam v Caro Garcia,50,2016-06-16 12:28:14.015,2.38,2016-06-16 13:49:00,
1.125243723,7593369,Anna-Lena Friedsam,Friedsam v Caro Garcia,60,2016-06-16 12:39:36.953,2.4,2016-06-16 13:49:00,
1.125243723,7593369,Anna-Lena Friedsam,Friedsam v Caro Garcia,70,2016-06-16 12:58:16.277,2.52,2016-06-16 13:49:00,
1.125243723,7593369,Anna-Lena Friedsam,Friedsam v Caro Garcia,80,2016-06-16 13:41:12.441,2.38,2016-06-16 13:49:00,
1.125243723,7593369,Anna-Lena Friedsam,Friedsam v Caro Garcia,90,2016-06-16 13:50:14.335,2.44,2016-06-16 14:04:00,
1.125243723,7593369,Anna-Lena Friedsam,Friedsam v Caro Garcia,100,2016-06-16 14:55:32.381,2.38,2016-06-16 14:59:00,
1.125245032,4275820,Vincent Millot,Millot v D Novikov,0,2016-06-15 19:14:46.502,2.42,2016-06-16 12:00:00,
1.125245032,4275820,Vincent Millot,Millot v D Novikov,10,2016-06-15 19:36:29.015,2.54,2016-06-16 11:30:00,
1.125245032,4275820,Vincent Millot,Millot v D Novikov,20,2016-06-16 06:30:30.654,2.58,2016-06-16 11:30:00,
1.125245032,4275820,Vincent Millot,Millot v D Novikov,30,2016-06-16 07:40:03.848,2.6,2016-06-16 11:30:00,
1.125245032,4275820,Vincent Millot,Millot v D Novikov,40,2016-06-16 08:00:52.165,2.38,2016-06-16 11:30:00,
1.125245032,4275820,Vincent Millot,Millot v D Novikov,50,2016-06-16 08:04:12.775,2.24,2016-06-16 11:30:00,
1.125245032,4275820,Vincent Millot,Millot v D Novikov,60,2016-06-16 08:23:38.401,2.5,2016-06-16 11:30:00,
1.125245032,4275820,Vincent Millot,Millot v D Novikov,70,2016-06-16 08:47:37.436,2.6,2016-06-16 11:30:00,
1.125245032,4275820,Vincent Millot,Millot v D Novikov,80,2016-06-16 09:33:54.848,2.4,2016-06-16 11:30:00,
1.125245032,4275820,Vincent Millot,Millot v D Novikov,90,2016-06-16 09:34:42.809,2.38,2016-06-16 11:30:00,
1.125245032,4275820,Vincent Millot,Millot v D Novikov,100,2016-06-16 13:16:06.477,2.48,2016-06-16 13:30:00,
1.125245032,6217982,Dennis Novikov,Millot v D Novikov,0,2016-06-15 19:12:50.987,1.73,2016-06-16 12:00:00,
1.125245032,6217982,Dennis Novikov,Millot v D Novikov,10,2016-06-15 19:14:46.502,1.71,2016-06-16 12:00:00,
1.125245032,6217982,Dennis Novikov,Millot v D Novikov,20,2016-06-15 19:36:29.015,1.65,2016-06-16 11:30:00,
1.125245032,6217982,Dennis Novikov,Millot v D Novikov,30,2016-06-16 01:25:42.485,1.57,2016-06-16 11:30:00,
1.125245032,6217982,Dennis Novikov,Millot v D Novikov,40,2016-06-16 03:54:02.996,1.56,2016-06-16 11:30:00,
1.125245032,6217982,Dennis Novikov,Millot v D Novikov,50,2016-06-16 08:00:52.165,1.64,2016-06-16 11:30:00,
1.125245032,6217982,Dennis Novikov,Millot v D Novikov,60,2016-06-16 08:44:33.868,1.67,2016-06-16 11:30:00,
1.125245032,6217982,Dennis Novikov,Millot v D Novikov,70,2016-06-16 08:47:37.436,1.62,2016-06-16 11:30:00,
1.125245032,6217982,Dennis Novikov,Millot v D Novikov,80,2016-06-16 09:33:54.848,1.72,2016-06-16 11:30:00,
1.125245032,6217982,Dennis Novikov,Millot v D Novikov,90,2016-06-16 09:59:02.509,1.58,2016-06-16 11:30:00,
1.125245032,6217982,Dennis Novikov,Millot v D Novikov,100,2016-06-16 13:16:06.477,1.68,2016-06-16 13:30:00,
1.125245037,2264530,Kirsten Flipkens,Flipkens v Puig,0,2016-06-15 04:11:13.484,2.38,2016-06-16 12:00:00,
1.125245037,2264530,Kirsten Flipkens,Flipkens v Puig,10,2016-06-15 08:55:07.964,2.28,2016-06-16 12:00:00,
1.125245037,2264530,Kirsten Flipkens,Flipkens v Puig,20,2016-06-15 21:25:29.646,2.22,2016-06-16 16:00:00,
1.125245037,2264530,Kirsten Flipkens,Flipkens v Puig,30,2016-06-16 04:18:07.413,2.34,2016-06-16 16:00:00,
1.125245037,2264530,Kirsten Flipkens,Flipkens v Puig,40,2016-06-16 07:38:42.144,2.3,2016-06-16 16:00:00,
1.125245037,2264530,Kirsten Flipkens,Flipkens v Puig,50,2016-06-16 08:45:51.878,2.2,2016-06-16 16:00:00,
1.125245037,2264530,Kirsten Flipkens,Flipkens v Puig,60,2016-06-16 10:56:01.121,2.28,2016-06-16 16:00:00,
1.125245037,2264530,Kirsten Flipkens,Flipkens v Puig,70,2016-06-16 11:44:12.480,2.34,2016-06-16 16:00:00,
1.125245037,2264530,Kirsten Flipkens,Flipkens v Puig,80,2016-06-16 13:14:53.778,2.34,2016-06-16 15:49:00,
1.125245037,2264530,Kirsten Flipkens,Flipkens v Puig,90,2016-06-16 14:35:13.253,2.42,2016-06-16 16:49:00,
1.125245037,2264530,Kirsten Flipkens,Flipkens v Puig,100,2016-06-16 15:23:13.066,2.4,2016-06-16 16:56:00,
1.125245037,5374368,Monica Puig,Flipkens v Puig,0,2016-06-14 22:59:53.490,1.59,2016-06-15 12:00:00,
1.125245037,5374368,Monica Puig,Flipkens v Puig,10,2016-06-15 19:09:12.675,1.7,2016-06-16 16:00:00,
1.125245037,5374368,Monica Puig,Flipkens v Puig,20,2016-06-15 22:09:04.812,1.72,2016-06-16 16:00:00,
1.125245037,5374368,Monica Puig,Flipkens v Puig,30,2016-06-16 07:02:12.214,1.75,2016-06-16 16:00:00,
1.125245037,5374368,Monica Puig,Flipkens v Puig,40,2016-06-16 08:28:27.331,1.84,2016-06-16 16:00:00,
1.125245037,5374368,Monica Puig,Flipkens v Puig,50,2016-06-16 09:16:51.221,1.81,2016-06-16 16:00:00,
1.125245037,5374368,Monica Puig,Flipkens v Puig,60,2016-06-16 10:56:01.121,1.78,2016-06-16 16:00:00,
1.125245037,5374368,Monica Puig,Flipkens v Puig,70,2016-06-16 11:46:12.480,1.72,2016-06-16 16:00:00,
1.125245037,5374368,Monica Puig,Flipkens v Puig,80,2016-06-16 12:33:27.868,1.73,2016-06-16 15:49:00,
1.125245037,5374368,Monica Puig,Flipkens v Puig,90,2016-06-16 14:13:12.161,1.71,2016-06-16 16:19:00,
1.125245037,5374368,Monica Puig,Flipkens v Puig,100,2016-06-16 15:24:01.570,1.7,2016-06-16 16:56:00,
1.12524516,2252607,Jelena Jankovic,E Mertens v J Jankovic,0,2016-06-14 21:41:47.235,1.48,2016-06-15 12:00:00,
1.12524516,2252607,Jelena Jankovic,E Mertens v J Jankovic,10,2016-06-15 02:52:43.198,1.52,2016-06-15 12:00:00,
1.12524516,2252607,Jelena Jankovic,E Mertens v J Jankovic,20,2016-06-15 05:50:04.906,1.58,2016-06-15 12:00:00,
1.12524516,2252607,Jelena Jankovic,E Mertens v J Jankovic,30,2016-06-15 08:36:28.309,1.66,2016-06-15 12:00:00,
1.12524516,2252607,Jelena Jankovic,E Mertens v J Jankovic,40,2016-06-15 10:15:50.006,1.63,2016-06-15 11:51:00,
1.12524516,2252607,Jelena Jankovic,E Mertens v J Jankovic,50,2016-06-15 10:40:33.832,1.65,2016-06-15 11:51:00,
1.12524516,2252607,Jelena Jankovic,E Mertens v J Jankovic,60,2016-06-15 10:45:40.704,1.57,2016-06-15 11:51:00,
1.12524516,2252607,Jelena Jankovic,E Mertens v J Jankovic,70,2016-06-15 10:55:56.301,1.6,2016-06-15 11:51:00,
1.12524516,2252607,Jelena Jankovic,E Mertens v J Jankovic,80,2016-06-15 11:02:53.056,1.58,2016-06-15 11:51:00,
1.12524516,2252607,Jelena Jankovic,E Mertens v J Jankovic,90,2016-06-15 11:25:30.828,1.56,2016-06-15 11:51:00,
1.12524516,2252607,Jelena Jankovic,E Mertens v J Jankovic,100,2016-06-15 11:28:42.708,1.54,2016-06-15 11:51:00,
1.12524516,9002334,Elise Mertens,E Mertens v J Jankovic,0,2016-06-15 02:46:47.213,3.0,2016-06-15 12:00:00,
1.12524516,9002334,Elise Mertens,E Mertens v J Jankovic,10,2016-06-15 04:11:29.269,2.8,2016-06-15 12:00:00,
1.12524516,9002334,Elise Mertens,E Mertens v J Jankovic,20,2016-06-15 07:54:21.537,2.5,2016-06-15 12:00:00,
1.12524516,9002334,Elise Mertens,E Mertens v J Jankovic,30,2016-06-15 08:18:24.341,2.5,2016-06-15 12:00:00,
1.12524516,9002334,Elise Mertens,E Mertens v J Jankovic,40,2016-06-15 10:15:50.006,2.56,2016-06-15 11:51:00,
1.12524516,9002334,Elise Mertens,E Mertens v J Jankovic,50,2016-06-15 10:40:33.832,2.52,2016-06-15 11:51:00,
1.12524516,9002334,Elise Mertens,E Mertens v J Jankovic,60,2016-06-15 10:48:46.223,2.74,2016-06-15 11:51:00,
1.12524516,9002334,Elise Mertens,E Mertens v J Jankovic,70,2016-06-15 10:51:39.429,2.7,2016-06-15 11:51:00,
1.12524516,9002334,Elise Mertens,E Mertens v J Jankovic,80,2016-06-15 11:01:51.124,2.74,2016-06-15 11:51:00,
1.12524516,9002334,Elise Mertens,E Mertens v J Jankovic,90,2016-06-15 11:23:34.140,2.74,2016-06-15 11:51:00,
1.12524516,9002334,Elise Mertens,E Mertens v J Jankovic,100,2016-06-15 11:28:42.708,2.84,2016-06-15 11:51:00,
1.125245236,4174997,Heather Watson,H Watson v Strycova,0,2016-06-14 22:53:32.438,2.6,2016-06-15 12:00:00,
1.125245236,4174997,Heather Watson,H Watson v Strycova,10,2016-06-16 04:58:16.823,2.76,2016-06-16 16:30:00,
1.125245236,4174997,Heather Watson,H Watson v Strycova,20,2016-06-16 08:32:12.300,2.72,2016-06-16 16:30:00,
1.125245236,4174997,Heather Watson,H Watson v Strycova,30,2016-06-16 14:08:56.292,2.52,2016-06-16 17:34:00,
1.125245236,4174997,Heather Watson,H Watson v Strycova,40,2016-06-16 15:10:52.174,2.52,2016-06-16 17:34:00,
1.125245236,4174997,Heather Watson,H Watson v Strycova,50,2016-06-16 15:37:55.797,2.52,2016-06-16 17:19:00,
1.125245236,4174997,Heather Watson,H Watson v Strycova,60,2016-06-16 16:01:47.612,2.5,2016-06-16 17:19:00,
1.125245236,4174997,Heather Watson,H Watson v Strycova,70,2016-06-16 17:39:58.393,2.56,2016-06-16 17:49:00,
1.125245236,4174997,Heather Watson,H Watson v Strycova,80,2016-06-17 01:51:49.344,2.62,2016-06-17 11:15:00,
1.125245236,4174997,Heather Watson,H Watson v Strycova,90,2016-06-17 07:41:27.948,2.58,2016-06-17 11:15:00,
1.125245236,4174997,Heather Watson,H Watson v Strycova,100,2016-06-17 11:06:50.976,2.64,2016-06-17 11:15:00,
1.125245236,9416669,Barbora Strycova,H Watson v Strycova,0,2016-06-14 20:20:34.775,1.63,2016-06-15 12:00:00,
1.125245236,9416669,Barbora Strycova,H Watson v Strycova,10,2016-06-16 06:39:06.800,1.56,2016-06-16 16:30:00,
1.125245236,9416669,Barbora Strycova,H Watson v Strycova,20,2016-06-16 12:39:09.004,1.59,2016-06-16 16:42:00,
1.125245236,9416669,Barbora Strycova,H Watson v Strycova,30,2016-06-16 15:35:00.115,1.65,2016-06-16 17:19:00,
1.125245236,9416669,Barbora Strycova,H Watson v Strycova,40,2016-06-16 16:51:57.293,1.66,2016-06-16 17:19:00,
1.125245236,9416669,Barbora Strycova,H Watson v Strycova,50,2016-06-16 17:57:05.317,1.63,2016-06-16 18:04:00,
1.125245236,9416669,Barbora Strycova,H Watson v Strycova,60,2016-06-16 20:31:40.628,1.62,2016-06-17 11:15:00,
1.125245236,9416669,Barbora Strycova,H Watson v Strycova,70,2016-06-17 06:56:47.060,1.62,2016-06-17 11:15:00,
1.125245236,9416669,Barbora Strycova,H Watson v Strycova,80,2016-06-17 08:48:55.390,1.62,2016-06-17 11:15:00,
1.125245236,9416669,Barbora Strycova,H Watson v Strycova,90,2016-06-17 10:12:41.016,1.62,2016-06-17 11:15:00,
1.125245236,9416669,Barbora Strycova,H Watson v Strycova,100,2016-06-17 11:09:51.083,1.6,2016-06-17 11:15:00,
1.125245353,3066621,Adrian Mannarino,St Johnson v A Mannarino,0,2016-06-14 20:02:50.990,1.78,2016-06-15 12:00:00,
1.125245353,3066621,Adrian Mannarino,St Johnson v A Mannarino,10,2016-06-15 01:16:44.857,1.66,2016-06-15 13:00:00,
1.125245353,3066621,Adrian Mannarino,St Johnson v A Mannarino,20,2016-06-15 06:42:13.690,1.61,2016-06-15 13:00:00,
1.125245353,3066621,Adrian Mannarino,St Johnson v A Mannarino,30,2016-06-15 07:27:51.314,1.62,2016-06-15 13:00:00,
1.125245353,3066621,Adrian Mannarino,St Johnson v A Mannarino,40,2016-06-15 08:31:35.698,1.59,2016-06-15 13:00:00,
1.125245353,3066621,Adrian Mannarino,St Johnson v A Mannarino,50,2016-06-15 09:56:52.632,1.59,2016-06-15 13:00:00,
1.125245353,3066621,Adrian Mannarino,St Johnson v A Mannarino,60,2016-06-15 11:28:49.231,1.58,2016-06-15 12:53:00,
1.125245353,3066621,Adrian Mannarino,St Johnson v A Mannarino,70,2016-06-15 12:16:38.504,1.62,2016-06-15 12:53:00,
1.125245353,3066621,Adrian Mannarino,St Johnson v A Mannarino,80,2016-06-15 12:49:13.969,1.61,2016-06-15 12:53:00,
1.125245353,3066621,Adrian Mannarino,St Johnson v A Mannarino,90,2016-06-15 13:27:01.099,1.61,2016-06-15 13:38:00,
1.125245353,3066621,Adrian Mannarino,St Johnson v A Mannarino,100,2016-06-15 14:06:44.516,1.65,2016-06-15 14:08:00,
1.125245353,4876706,Steve Johnson,St Johnson v A Mannarino,0,2016-06-14 20:25:03.837,2.32,2016-06-15 12:00:00,
1.125245353,4876706,Steve Johnson,St Johnson v A Mannarino,10,2016-06-15 03:19:19.455,2.6,2016-06-15 13:00:00,
1.125245353,4876706,Steve Johnson,St Johnson v A Mannarino,20,2016-06-15 07:08:49.875,2.6,2016-06-15 13:00:00,
1.125245353,4876706,Steve Johnson,St Johnson v A Mannarino,30,2016-06-15 09:05:45.172,2.6,2016-06-15 13:00:00,
1.125245353,4876706,Steve Johnson,St Johnson v A Mannarino,40,2016-06-15 09:56:52.632,2.62,2016-06-15 13:00:00,
1.125245353,4876706,Steve Johnson,St Johnson v A Mannarino,50,2016-06-15 10:59:49.129,2.74,2016-06-15 12:53:00,
1.125245353,4876706,Steve Johnson,St Johnson v A Mannarino,60,2016-06-15 11:28:49.231,2.74,2016-06-15 12:53:00,
1.125245353,4876706,Steve Johnson,St Johnson v A Mannarino,70,2016-06-15 12:43:37.829,2.58,2016-06-15 12:53:00,
1.125245353,4876706,Steve Johnson,St Johnson v A Mannarino,80,2016-06-15 13:19:17.351,2.62,2016-06-15 13:23:00,
1.125245353,4876706,Steve Johnson,St Johnson v A Mannarino,90,2016-06-15 13:44:42.835,2.56,2016-06-15 13:53:00,
1.125245353,4876706,Steve Johnson,St Johnson v A Mannarino,100,2016-06-15 14:06:44.516,2.54,2016-06-15 14:08:00,
1.125245445,2256469,Marcos Baghdatis,M Baghdatis v Du Brown,0,2016-06-14 19:59:51.863,1.74,2016-06-15 13:30:00,
1.125245445,2256469,Marcos Baghdatis,M Baghdatis v Du Brown,10,2016-06-15 03:30:17.299,1.6,2016-06-15 13:30:00,
1.125245445,2256469,Marcos Baghdatis,M Baghdatis v Du Brown,20,2016-06-15 06:18:42.048,1.6,2016-06-15 13:30:00,
1.125245445,2256469,Marcos Baghdatis,M Baghdatis v Du Brown,30,2016-06-15 09:09:19.615,1.6,2016-06-15 13:30:00,
1.125245445,2256469,Marcos Baghdatis,M Baghdatis v Du Brown,40,2016-06-15 12:10:54.461,1.61,2016-06-15 12:30:00,
1.125245445,2256469,Marcos Baghdatis,M Baghdatis v Du Brown,50,2016-06-15 12:52:17.104,1.61,2016-06-15 13:00:00,
1.125245445,2256469,Marcos Baghdatis,M Baghdatis v Du Brown,60,2016-06-15 13:26:43.941,1.61,2016-06-15 13:30:00,
1.125245445,2256469,Marcos Baghdatis,M Baghdatis v Du Brown,70,2016-06-15 14:11:38.234,1.62,2016-06-15 14:15:00,
1.125245445,2256469,Marcos Baghdatis,M Baghdatis v Du Brown,80,2016-06-15 14:46:51.191,1.62,2016-06-15 15:00:00,
1.125245445,2256469,Marcos Baghdatis,M Baghdatis v Du Brown,90,2016-06-15 14:59:55.591,1.62,2016-06-15 15:15:00,
1.125245445,2256469,Marcos Baghdatis,M Baghdatis v Du Brown,100,2016-06-15 15:43:39.876,1.59,2016-06-15 15:45:00,
1.125245445,4486603,Dustin Brown,M Baghdatis v Du Brown,0,2016-06-14 19:59:51.863,2.36,2016-06-15 13:30:00,
1.125245445,4486603,Dustin Brown,M Baghdatis v Du Brown,10,2016-06-15 03:22:55.277,2.62,2016-06-15 13:30:00,
1.125245445,4486603,Dustin Brown,M Baghdatis v Du Brown,20,2016-06-15 07:52:58.766,2.64,2016-06-15 13:30:00,
1.125245445,4486603,Dustin Brown,M Baghdatis v Du Brown,30,2016-06-15 08:34:24.115,2.62,2016-06-15 13:30:00,
1.125245445,4486603,Dustin Brown,M Baghdatis v Du Brown,40,2016-06-15 09:12:49.289,2.62,2016-06-15 13:30:00,
1.125245445,4486603,Dustin Brown,M Baghdatis v Du Brown,50,2016-06-15 10:34:25.318,2.64,2016-06-15 12:30:00,
1.125245445,4486603,Dustin Brown,M Baghdatis v Du Brown,60,2016-06-15 12:49:08.722,2.68,2016-06-15 13:00:00,
1.125245445,4486603,Dustin Brown,M Baghdatis v Du Brown,70,2016-06-15 13:43:21.368,2.58,2016-06-15 13:45:00,
1.125245445,4486603,Dustin Brown,M Baghdatis v Du Brown,80,2016-06-15 14:23:26.904,2.58,2016-06-15 14:30:00,
1.125245445,4486603,Dustin Brown,M Baghdatis v Du Brown,90,2016-06-15 14:54:14.152,2.6,2016-06-15 15:00:00,
1.125245445,4486603,Dustin Brown,M Baghdatis v Du Brown,100,2016-06-15 15:40:12.958,2.64,2016-06-15 15:45:00,
1.125245499,2345091,Donald Young,Bautista Agut v D Young,0,2016-06-14 19:46:55.480,3.9,2016-06-15 12:00:00,
1.125245499,2345091,Donald Young,Bautista Agut v D Young,10,2016-06-15 21:09:41.909,4.2,2016-06-16 17:30:00,
1.125245499,2345091,Donald Young,Bautista Agut v D Young,20,2016-06-16 12:29:49.039,4.2,2016-06-16 16:30:00,
1.125245499,2345091,Donald Young,Bautista Agut v D Young,30,2016-06-16 15:11:25.249,4.4,2016-06-16 16:08:00,
1.125245499,2345091,Donald Young,Bautista Agut v D Young,40,2016-06-16 16:10:54.733,4.6,2016-06-16 16:12:00,
1.125245499,2345091,Donald Young,Bautista Agut v D Young,50,2016-06-16 18:58:54.050,7.6,2016-06-17 10:00:00,2016-06-16 16:26:55.002
1.125245499,2345091,Donald Young,Bautista Agut v D Young,60,2016-06-16 19:49:43.712,6.8,2016-06-17 10:00:00,2016-06-16 16:26:55.002
1.125245499,2345091,Donald Young,Bautista Agut v D Young,70,2016-06-16 22:07:47.943,8.2,2016-06-17 10:00:00,2016-06-16 16:26:55.002
1.125245499,2345091,Donald Young,Bautista Agut v D Young,80,2016-06-16 23:13:41.799,8.0,2016-06-17 10:00:00,2016-06-16 16:26:55.002
1.125245499,2345091,Donald Young,Bautista Agut v D Young,90,2016-06-17 07:32:55.171,6.4,2016-06-17 10:00:00,2016-06-16 16:26:55.002
1.125245499,2345091,Donald Young,Bautista Agut v D Young,100,2016-06-17 09:35:48.350,7.0,2016-06-17 10:00:00,2016-06-16 16:26:55.002
1.125245499,4290403,Roberto Bautista Agut,Bautista Agut v D Young,0,2016-06-14 19:42:36.373,1.39,2016-06-15 12:00:00,
1.125245499,4290403,Roberto Bautista Agut,Bautista Agut v D Young,10,2016-06-15 12:48:52.685,1.31,2016-06-16 12:00:00,
1.125245499,4290403,Roberto Bautista Agut,Bautista Agut v D Young,20,2016-06-16 09:14:55.916,1.31,2016-06-16 17:30:00,
1.125245499,4290403,Roberto Bautista Agut,Bautista Agut v D Young,30,2016-06-16 14:50:53.397,1.3,2016-06-16 16:08:00,
1.125245499,4290403,Roberto Bautista Agut,Bautista Agut v D Young,40,2016-06-16 18:37:54.119,1.15,2016-06-17 10:00:00,2016-06-16 16:26:55.002
1.125245499,4290403,Roberto Bautista Agut,Bautista Agut v D Young,50,2016-06-16 20:14:30.395,1.17,2016-06-17 10:00:00,2016-06-16 16:26:55.002
1.125245499,4290403,Roberto Bautista Agut,Bautista Agut v D Young,60,2016-06-16 22:21:49.101,1.15,2016-06-17 10:00:00,2016-06-16 16:26:55.002
1.125245499,4290403,Roberto Bautista Agut,Bautista Agut v D Young,70,2016-06-17 05:16:47.839,1.14,2016-06-17 10:00:00,2016-06-16 16:26:55.002
1.125245499,4290403,Roberto Bautista Agut,Bautista Agut v D Young,80,2016-06-17 06:37:44.201,1.16,2016-06-17 10:00:00,2016-06-16 16:26:55.002
1.125245499,4290403,Roberto Bautista Agut,Bautista Agut v D Young,90,2016-06-17 08:28:34.431,1.17,2016-06-17 10:00:00,2016-06-16 16:26:55.002
1.125245499,4290403,Roberto Bautista Agut,Bautista Agut v D Young,100,2016-06-17 09:42:43.579,1.17,2016-06-17 10:00:00,2016-06-16 16:26:55.002
1.125245558,2481589,Steve Darcis,Samper-Montana v Darcis,0,2016-06-15 19:05:58.661,1.31,2016-06-16 09:00:00,
1.125245558,2481589,Steve Darcis,Samper-Montana v Darcis,10,2016-06-15 19:34:54.644,1.29,2016-06-16 09:00:00,
1.125245558,2481589,Steve Darcis,Samper-Montana v Darcis,20,2016-06-16 00:32:18.075,1.29,2016-06-16 09:00:00,
1.125245558,2481589,Steve Darcis,Samper-Montana v Darcis,30,2016-06-16 00:36:56.020,1.26,2016-06-16 09:00:00,
1.125245558,2481589,Steve Darcis,Samper-Montana v Darcis,40,2016-06-16 04:38:07.174,1.25,2016-06-16 09:00:00,
1.125245558,2481589,Steve Darcis,Samper-Montana v Darcis,50,2016-06-16 05:23:56.439,1.23,2016-06-16 09:00:00,
1.125245558,2481589,Steve Darcis,Samper-Montana v Darcis,60,2016-06-16 06:30:10.596,1.27,2016-06-16 09:00:00,
1.125245558,2481589,Steve Darcis,Samper-Montana v Darcis,70,2016-06-16 07:37:00.234,1.27,2016-06-16 09:00:00,
1.125245558,2481589,Steve Darcis,Samper-Montana v Darcis,80,2016-06-16 08:12:43.544,1.25,2016-06-16 09:00:00,
1.125245558,2481589,Steve Darcis,Samper-Montana v Darcis,90,2016-06-16 08:41:02.650,1.27,2016-06-16 09:00:00,
1.125245558,2481589,Steve Darcis,Samper-Montana v Darcis,100,2016-06-16 08:50:09.662,1.26,2016-06-16 09:00:00,
1.125245596,7414305,Elias Ymer,Lopez-Perez v E Ymer,0,2016-06-15 02:04:40.399,1.58,2016-06-15 12:30:00,
1.125245596,7414305,Elias Ymer,Lopez-Perez v E Ymer,10,2016-06-15 02:57:43.295,1.59,2016-06-15 12:30:00,
1.125245596,7414305,Elias Ymer,Lopez-Perez v E Ymer,20,2016-06-15 07:40:42.849,1.56,2016-06-15 12:30:00,
1.125245596,7414305,Elias Ymer,Lopez-Perez v E Ymer,30,2016-06-15 08:51:48.490,1.68,2016-06-15 12:30:00,
1.125245596,7414305,Elias Ymer,Lopez-Perez v E Ymer,40,2016-06-15 09:19:47.132,1.6,2016-06-15 12:30:00,
1.125245596,7414305,Elias Ymer,Lopez-Perez v E Ymer,50,2016-06-15 10:16:45.932,1.61,2016-06-15 12:30:00,
1.125245596,7414305,Elias Ymer,Lopez-Perez v E Ymer,60,2016-06-15 11:05:41.361,1.57,2016-06-15 12:30:00,
1.125245596,7414305,Elias Ymer,Lopez-Perez v E Ymer,70,2016-06-15 11:44:48.532,1.58,2016-06-15 12:30:00,
1.125245596,7414305,Elias Ymer,Lopez-Perez v E Ymer,80,2016-06-15 11:45:44.932,1.57,2016-06-15 12:30:00,
1.125245596,7414305,Elias Ymer,Lopez-Perez v E Ymer,90,2016-06-15 11:51:44.346,1.56,2016-06-15 12:30:00,
1.125245596,7414305,Elias Ymer,Lopez-Perez v E Ymer,100,2016-06-15 12:49:56.542,1.58,2016-06-15 13:00:00,
1.125245601,2256480,Fernando Verdasco,B Tomic v Verdasco,0,2016-06-14 19:52:56.792,2.3,2016-06-15 12:00:00,
1.125245601,2256480,Fernando Verdasco,B Tomic v Verdasco,10,2016-06-15 08:02:18.760,2.44,2016-06-16 12:00:00,
1.125245601,2256480,Fernando Verdasco,B Tomic v Verdasco,20,2016-06-15 20:40:10.925,2.3,2016-06-16 13:30:00,
1.125245601,2256480,Fernando Verdasco,B Tomic v Verdasco,30,2016-06-16 01:42:26.713,2.4,2016-06-16 13:30:00,
1.125245601,2256480,Fernando Verdasco,B Tomic v Verdasco,40,2016-06-16 07:49:22.414,2.36,2016-06-16 13:30:00,
1.125245601,2256480,Fernando Verdasco,B Tomic v Verdasco,50,2016-06-16 09:14:50.002,2.38,2016-06-16 13:30:00,
1.125245601,2256480,Fernando Verdasco,B Tomic v Verdasco,60,2016-06-16 09:58:53.681,2.38,2016-06-16 13:30:00,
1.125245601,2256480,Fernando Verdasco,B Tomic v Verdasco,70,2016-06-16 10:48:44.509,2.38,2016-06-16 13:30:00,
1.125245601,2256480,Fernando Verdasco,B Tomic v Verdasco,80,2016-06-16 11:36:16.464,2.4,2016-06-16 13:34:00,
1.125245601,2256480,Fernando Verdasco,B Tomic v Verdasco,90,2016-06-16 13:40:53.397,2.36,2016-06-16 13:49:00,
1.125245601,2256480,Fernando Verdasco,B Tomic v Verdasco,100,2016-06-16 14:23:48.055,2.36,2016-06-16 14:34:00,
1.125245601,3588868,Bernard Tomic,B Tomic v Verdasco,0,2016-06-14 19:52:56.792,1.75,2016-06-15 12:00:00,
1.125245601,3588868,Bernard Tomic,B Tomic v Verdasco,10,2016-06-14 21:41:52.197,1.65,2016-06-15 12:00:00,
1.125245601,3588868,Bernard Tomic,B Tomic v Verdasco,20,2016-06-15 11:43:09.276,1.71,2016-06-16 12:00:00,
1.125245601,3588868,Bernard Tomic,B Tomic v Verdasco,30,2016-06-15 21:01:51.765,1.7,2016-06-16 13:30:00,
1.125245601,3588868,Bernard Tomic,B Tomic v Verdasco,40,2016-06-16 03:46:44.608,1.71,2016-06-16 13:30:00,
1.125245601,3588868,Bernard Tomic,B Tomic v Verdasco,50,2016-06-16 08:26:37.296,1.72,2016-06-16 13:30:00,
1.125245601,3588868,Bernard Tomic,B Tomic v Verdasco,60,2016-06-16 09:32:56.877,1.73,2016-06-16 13:30:00,
1.125245601,3588868,Bernard Tomic,B Tomic v Verdasco,70,2016-06-16 10:13:52.819,1.71,2016-06-16 13:30:00,
1.125245601,3588868,Bernard Tomic,B Tomic v Verdasco,80,2016-06-16 11:59:31.029,1.72,2016-06-16 13:34:00,
1.125245601,3588868,Bernard Tomic,B Tomic v Verdasco,90,2016-06-16 13:40:53.397,1.73,2016-06-16 13:49:00,
1.125245601,3588868,Bernard Tomic,B Tomic v Verdasco,100,2016-06-16 14:21:50.902,1.73,2016-06-16 14:34:00,
1.125245682,2249841,Ana Ivanovic,A Ivanovic v Sorribes Tormo,0,2016-06-14 21:56:29.354,1.19,2016-06-15 12:00:00,
1.125245682,2249841,Ana Ivanovic,A Ivanovic v Sorribes Tormo,10,2016-06-15 09:59:24.593,1.19,2016-06-16 12:00:00,
1.125245682,2249841,Ana Ivanovic,A Ivanovic v Sorribes Tormo,20,2016-06-15 11:52:13.049,1.24,2016-06-16 12:00:00,
1.125245682,2249841,Ana Ivanovic,A Ivanovic v Sorribes Tormo,30,2016-06-16 06:13:25.713,1.2,2016-06-16 17:00:00,
1.125245682,2249841,Ana Ivanovic,A Ivanovic v Sorribes Tormo,40,2016-06-16 08:24:08.393,1.21,2016-06-16 17:00:00,
1.125245682,2249841,Ana Ivanovic,A Ivanovic v Sorribes Tormo,50,2016-06-16 09:33:17.360,1.22,2016-06-16 17:00:00,
1.125245682,2249841,Ana Ivanovic,A Ivanovic v Sorribes Tormo,60,2016-06-16 12:44:45.917,1.22,2016-06-16 17:00:00,
1.125245682,2249841,Ana Ivanovic,A Ivanovic v Sorribes Tormo,70,2016-06-16 14:00:34.235,1.21,2016-06-16 17:00:00,
1.125245682,2249841,Ana Ivanovic,A Ivanovic v Sorribes Tormo,80,2016-06-16 14:48:29.901,1.2,2016-06-16 17:00:00,
1.125245682,2249841,Ana Ivanovic,A Ivanovic v Sorribes Tormo,90,2016-06-16 15:37:17.407,1.2,2016-06-16 17:00:00,
1.125245682,2249841,Ana Ivanovic,A Ivanovic v Sorribes Tormo,100,2016-06-16 16:46:46.956,1.2,2016-06-16 17:00:00,
1.125245849,8287128,Yen-Hsun Lu,Jo Smith v Ye Lu,0,2016-06-15 21:15:07.314,1.51,2016-06-16 10:00:00,
1.125245849,8287128,Yen-Hsun Lu,Jo Smith v Ye Lu,10,2016-06-15 21:33:10.316,1.42,2016-06-16 10:00:00,
1.125245849,8287128,Yen-Hsun Lu,Jo Smith v Ye Lu,20,2016-06-16 01:15:29.245,1.44,2016-06-16 10:00:00,
1.125245849,8287128,Yen-Hsun Lu,Jo Smith v Ye Lu,30,2016-06-16 02:04:02.628,1.5,2016-06-16 10:00:00,
1.125245849,8287128,Yen-Hsun Lu,Jo Smith v Ye Lu,40,2016-06-16 06:30:33.873,1.56,2016-06-16 10:00:00,
1.125245849,8287128,Yen-Hsun Lu,Jo Smith v Ye Lu,50,2016-06-16 09:04:55.771,1.51,2016-06-16 10:00:00,
1.125245849,8287128,Yen-Hsun Lu,Jo Smith v Ye Lu,60,2016-06-16 09:27:14.336,1.52,2016-06-16 10:00:00,
1.125245849,8287128,Yen-Hsun Lu,Jo Smith v Ye Lu,70,2016-06-16 09:38:27.181,1.52,2016-06-16 10:00:00,
1.125245849,8287128,Yen-Hsun Lu,Jo Smith v Ye Lu,80,2016-06-16 09:57:41.600,1.49,2016-06-16 10:00:00,
1.125245849,8287128,Yen-Hsun Lu,Jo Smith v Ye Lu,90,2016-06-16 10:07:11.362,1.48,2016-06-16 10:15:00,
1.125245849,8287128,Yen-Hsun Lu,Jo Smith v Ye Lu,100,2016-06-16 11:07:28.286,1.45,2016-06-16 11:15:00,
1.12524597,2249396,Janko Tipsarevic,Tipsarevic v Ma Cilic,0,2016-06-14 21:11:43.114,2.8,2016-06-15 17:00:00,
1.12524597,2249396,Janko Tipsarevic,Tipsarevic v Ma Cilic,10,2016-06-14 21:34:47.731,3.85,2016-06-15 17:00:00,
1.12524597,2249396,Janko Tipsarevic,Tipsarevic v Ma Cilic,20,2016-06-15 09:14:44.915,5.8,2016-06-15 17:00:00,
1.12524597,2249396,Janko Tipsarevic,Tipsarevic v Ma Cilic,30,2016-06-15 11:09:18.187,5.7,2016-06-15 16:56:00,
1.12524597,2249396,Janko Tipsarevic,Tipsarevic v Ma Cilic,40,2016-06-15 12:05:38.748,5.8,2016-06-15 16:56:00,
1.12524597,2249396,Janko Tipsarevic,Tipsarevic v Ma Cilic,50,2016-06-15 14:33:33.450,5.8,2016-06-15 16:20:00,
1.12524597,2249396,Janko Tipsarevic,Tipsarevic v Ma Cilic,60,2016-06-15 15:33:36.868,5.8,2016-06-15 16:20:00,
1.12524597,2249396,Janko Tipsarevic,Tipsarevic v Ma Cilic,70,2016-06-15 15:56:55.251,5.7,2016-06-15 16:20:00,
1.12524597,2249396,Janko Tipsarevic,Tipsarevic v Ma Cilic,80,2016-06-15 16:08:21.187,6.0,2016-06-15 16:20:00,
1.12524597,2249396,Janko Tipsarevic,Tipsarevic v Ma Cilic,90,2016-06-15 16:27:42.982,6.4,2016-06-15 16:35:00,
1.12524597,2249396,Janko Tipsarevic,Tipsarevic v Ma Cilic,100,2016-06-15 16:45:51.587,6.0,2016-06-15 16:47:00,
1.12524597,2263681,Marin Cilic,Tipsarevic v Ma Cilic,0,2016-06-14 21:09:48.866,1.54,2016-06-15 17:00:00,
1.12524597,2263681,Marin Cilic,Tipsarevic v Ma Cilic,10,2016-06-14 22:07:40.881,1.25,2016-06-15 17:00:00,
1.12524597,2263681,Marin Cilic,Tipsarevic v Ma Cilic,20,2016-06-15 04:37:44.636,1.26,2016-06-15 17:00:00,
1.12524597,2263681,Marin Cilic,Tipsarevic v Ma Cilic,30,2016-06-15 07:00:41.641,1.24,2016-06-15 17:00:00,
1.12524597,2263681,Marin Cilic,Tipsarevic v Ma Cilic,40,2016-06-15 07:55:47.671,1.23,2016-06-15 17:00:00,
1.12524597,2263681,Marin Cilic,Tipsarevic v Ma Cilic,50,2016-06-15 08:43:45.591,1.23,2016-06-15 17:00:00,
1.12524597,2263681,Marin Cilic,Tipsarevic v Ma Cilic,60,2016-06-15 09:51:21.956,1.19,2016-06-15 17:00:00,
1.12524597,2263681,Marin Cilic,Tipsarevic v Ma Cilic,70,2016-06-15 11:09:18.187,1.21,2016-06-15 16:56:00,
1.12524597,2263681,Marin Cilic,Tipsarevic v Ma Cilic,80,2016-06-15 14:08:40.030,1.21,2016-06-15 17:24:00,
1.12524597,2263681,Marin Cilic,Tipsarevic v Ma Cilic,90,2016-06-15 15:49:46.474,1.21,2016-06-15 16:20:00,
1.12524597,2263681,Marin Cilic,Tipsarevic v Ma Cilic,100,2016-06-15 16:27:42.982,1.19,2016-06-15 16:35:00,
1.12524619,2256509,Andy Murray,A Murray v Al Bedene,0,2016-06-14 21:00:31.212,1.04,2016-06-15 12:00:00,
1.12524619,2256509,Andy Murray,A Murray v Al Bedene,10,2016-06-14 23:06:41.184,1.05,2016-06-15 12:00:00,
1.12524619,2256509,Andy Murray,A Murray v Al Bedene,20,2016-06-15 08:31:44.384,1.04,2016-06-16 12:00:00,
1.12524619,2256509,Andy Murray,A Murray v Al Bedene,30,2016-06-15 19:03:05.399,1.04,2016-06-16 13:30:00,
1.12524619,2256509,Andy Murray,A Murray v Al Bedene,40,2016-06-15 21:04:26.474,1.05,2016-06-16 13:30:00,
1.12524619,2256509,Andy Murray,A Murray v Al Bedene,50,2016-06-16 07:52:20.907,1.04,2016-06-16 13:30:00,
1.12524619,2256509,Andy Murray,A Murray v Al Bedene,60,2016-06-16 08:59:43.276,1.04,2016-06-16 13:30:00,
1.12524619,2256509,Andy Murray,A Murray v Al Bedene,70,2016-06-16 10:07:29.394,1.05,2016-06-16 12:15:00,
1.12524619,2256509,Andy Murray,A Murray v Al Bedene,80,2016-06-16 11:25:16.202,1.05,2016-06-16 12:15:00,
1.12524619,2256509,Andy Murray,A Murray v Al Bedene,90,2016-06-16 12:06:52.063,1.04,2016-06-16 12:15:00,
1.12524619,2256509,Andy Murray,A Murray v Al Bedene,100,2016-06-16 12:27:44.008,1.05,2016-06-16 12:30:00,
1.12524619,5706996,Aljaz Bedene,A Murray v Al Bedene,0,2016-06-14 22:55:04.970,23.0,2016-06-15 12:00:00,
1.12524619,5706996,Aljaz Bedene,A Murray v Al Bedene,10,2016-06-15 12:09:51.229,23.0,2016-06-16 12:00:00,
1.12524619,5706996,Aljaz Bedene,A Murray v Al Bedene,20,2016-06-15 22:27:12.569,25.0,2016-06-16 13:30:00,
1.12524619,5706996,Aljaz Bedene,A Murray v Al Bedene,30,2016-06-16 02:46:47.351,25.0,2016-06-16 13:30:00,
1.12524619,5706996,Aljaz Bedene,A Murray v Al Bedene,40,2016-06-16 07:22:29.338,25.0,2016-06-16 13:30:00,
1.12524619,5706996,Aljaz Bedene,A Murray v Al Bedene,50,2016-06-16 08:31:15.585,22.0,2016-06-16 13:30:00,
1.12524619,5706996,Aljaz Bedene,A Murray v Al Bedene,60,2016-06-16 09:54:27.359,23.0,2016-06-16 14:15:00,
1.12524619,5706996,Aljaz Bedene,A Murray v Al Bedene,70,2016-06-16 10:54:50.334,24.0,2016-06-16 12:15:00,
1.12524619,5706996,Aljaz Bedene,A Murray v Al Bedene,80,2016-06-16 11:13:40.823,25.0,2016-06-16 12:15:00,
1.12524619,5706996,Aljaz Bedene,A Murray v Al Bedene,90,2016-06-16 12:13:51.037,24.0,2016-06-16 12:15:00,
1.12524619,5706996,Aljaz Bedene,A Murray v Al Bedene,100,2016-06-16 12:26:15.429,22.0,2016-06-16 12:30:00,
1.125246773,8284522,Dmitry Popko,Ti Chen v Popko,0,2016-06-15 19:26:31.540,1.44,2016-06-16 08:30:00,
1.125246773,8284522,Dmitry Popko,Ti Chen v Popko,10,2016-06-15 22:39:40.492,1.58,2016-06-16 08:30:00,
1.125246773,8284522,Dmitry Popko,Ti Chen v Popko,20,2016-06-16 00:20:32.913,1.46,2016-06-16 08:30:00,
1.125246773,8284522,Dmitry Popko,Ti Chen v Popko,30,2016-06-16 03:11:14.249,1.53,2016-06-16 08:30:00,
1.125246773,8284522,Dmitry Popko,Ti Chen v Popko,40,2016-06-16 05:54:17.122,1.48,2016-06-16 08:30:00,
1.125246773,8284522,Dmitry Popko,Ti Chen v Popko,50,2016-06-16 06:38:14.109,1.48,2016-06-16 08:45:00,
1.125246773,8284522,Dmitry Popko,Ti Chen v Popko,60,2016-06-16 06:44:13.078,1.48,2016-06-16 08:35:00,
1.125246773,8284522,Dmitry Popko,Ti Chen v Popko,70,2016-06-16 07:06:29.435,1.5,2016-06-16 08:35:00,
1.125246773,8284522,Dmitry Popko,Ti Chen v Popko,80,2016-06-16 07:21:32.212,1.47,2016-06-16 08:35:00,
1.125246773,8284522,Dmitry Popko,Ti Chen v Popko,90,2016-06-16 08:23:51.910,1.47,2016-06-16 08:35:00,
1.125246773,8284522,Dmitry Popko,Ti Chen v Popko,100,2016-06-16 08:35:42.966,1.44,2016-06-16 08:50:00,
1.125247032,6603898,Radu Albot,Sekiguchi v Albot,0,2016-06-16 07:26:04.180,1.23,2016-06-17 12:00:00,
1.125247032,6603898,Radu Albot,Sekiguchi v Albot,10,2016-06-16 19:55:53.157,1.17,2016-06-17 06:30:00,
1.125247032,6603898,Radu Albot,Sekiguchi v Albot,20,2016-06-17 05:54:38.894,1.15,2016-06-17 06:30:00,
1.125247032,6603898,Radu Albot,Sekiguchi v Albot,30,2016-06-17 05:58:39.871,1.12,2016-06-17 06:30:00,
1.125247032,6603898,Radu Albot,Sekiguchi v Albot,40,2016-06-17 06:35:40.044,1.14,2016-06-17 06:45:00,
1.125247032,6603898,Radu Albot,Sekiguchi v Albot,50,2016-06-17 06:36:36.996,1.16,2016-06-17 06:45:00,
1.125247032,6603898,Radu Albot,Sekiguchi v Albot,60,2016-06-17 06:47:36.333,1.19,2016-06-17 07:00:00,
1.125247032,6603898,Radu Albot,Sekiguchi v Albot,70,2016-06-17 06:49:17.649,1.16,2016-06-17 07:00:00,
1.125247032,6603898,Radu Albot,Sekiguchi v Albot,80,2016-06-17 07:05:35.386,1.16,2016-06-17 07:15:00,
1.125247032,6603898,Radu Albot,Sekiguchi v Albot,90,2016-06-17 07:15:37.137,1.15,2016-06-17 07:30:00,
1.125247032,6603898,Radu Albot,Sekiguchi v Albot,100,2016-06-17 07:36:40.405,1.15,2016-06-17 07:45:00,
1.125247079,5908538,Alexander Kudryavtsev,Kudryavtsev v N Milojevic,0,2016-06-16 19:11:33.428,1.81,2016-06-17 08:30:00,
1.125247079,5908538,Alexander Kudryavtsev,Kudryavtsev v N Milojevic,10,2016-06-16 19:44:53.170,1.78,2016-06-17 08:30:00,
1.125247079,5908538,Alexander Kudryavtsev,Kudryavtsev v N Milojevic,20,2016-06-16 20:21:15.348,1.9,2016-06-17 08:30:00,
1.125247079,5908538,Alexander Kudryavtsev,Kudryavtsev v N Milojevic,30,2016-06-17 05:50:42.509,1.78,2016-06-17 08:30:00,
1.125247079,5908538,Alexander Kudryavtsev,Kudryavtsev v N Milojevic,40,2016-06-17 06:30:24.560,1.76,2016-06-17 08:45:00,
1.125247079,5908538,Alexander Kudryavtsev,Kudryavtsev v N Milojevic,50,2016-06-17 07:36:28.157,1.73,2016-06-17 09:45:00,
1.125247079,5908538,Alexander Kudryavtsev,Kudryavtsev v N Milojevic,60,2016-06-17 07:55:23.910,1.67,2016-06-17 09:45:00,
1.125247079,5908538,Alexander Kudryavtsev,Kudryavtsev v N Milojevic,70,2016-06-17 08:13:29.106,1.68,2016-06-17 09:45:00,
1.125247079,5908538,Alexander Kudryavtsev,Kudryavtsev v N Milojevic,80,2016-06-17 09:13:52.586,1.7,2016-06-17 09:45:00,
1.125247079,5908538,Alexander Kudryavtsev,Kudryavtsev v N Milojevic,90,2016-06-17 09:34:29.354,1.76,2016-06-17 09:45:00,
1.125247079,5908538,Alexander Kudryavtsev,Kudryavtsev v N Milojevic,100,2016-06-17 09:42:59.517,1.84,2016-06-17 09:45:00,
1.125247079,8535963,Nikola Milojevic,Kudryavtsev v N Milojevic,0,2016-06-15 14:38:32.201,2.04,2016-06-16 12:00:00,
1.125247079,8535963,Nikola Milojevic,Kudryavtsev v N Milojevic,10,2016-06-16 19:11:33.428,2.24,2016-06-17 08:30:00,
1.125247079,8535963,Nikola Milojevic,Kudryavtsev v N Milojevic,20,2016-06-16 19:15:30.253,2.3,2016-06-17 08:30:00,
1.125247079,8535963,Nikola Milojevic,Kudryavtsev v N Milojevic,30,2016-06-16 19:56:55.001,2.48,2016-06-17 08:30:00,
1.125247079,8535963,Nikola Milojevic,Kudryavtsev v N Milojevic,40,2016-06-16 20:37:23.777,2.1,2016-06-17 08:30:00,
1.125247079,8535963,Nikola Milojevic,Kudryavtsev v N Milojevic,50,2016-06-17 07:41:33.372,2.3,2016-06-17 09:45:00,
1.125247079,8535963,Nikola Milojevic,Kudryavtsev v N Milojevic,60,2016-06-17 08:06:33.991,2.38,2016-06-17 09:45:00,
1.125247079,8535963,Nikola Milojevic,Kudryavtsev v N Milojevic,70,2016-06-17 08:13:29.106,2.46,2016-06-17 09:45:00,
1.125247079,8535963,Nikola Milojevic,Kudryavtsev v N Milojevic,80,2016-06-17 08:33:27.906,2.3,2016-06-17 09:45:00,
1.125247079,8535963,Nikola Milojevic,Kudryavtsev v N Milojevic,90,2016-06-17 08:35:12.752,2.3,2016-06-17 09:45:00,
1.125247079,8535963,Nikola Milojevic,Kudryavtsev v N Milojevic,100,2016-06-17 09:42:59.517,2.18,2016-06-17 09:45:00,
1.125247084,7032057,Gonzalo Lama,Kicker v Lama,0,2016-06-16 01:43:08.239,2.18,2016-06-16 12:30:00,
1.125247084,7032057,Gonzalo Lama,Kicker v Lama,10,2016-06-16 08:50:47.928,2.14,2016-06-16 12:30:00,
1.125247084,7032057,Gonzalo Lama,Kicker v Lama,20,2016-06-16 10:41:43.510,2.14,2016-06-16 12:30:00,
1.125247084,7032057,Gonzalo Lama,Kicker v Lama,30,2016-06-16 11:19:40.030,2.06,2016-06-16 12:30:00,
1.125247084,7032057,Gonzalo Lama,Kicker v Lama,40,2016-06-16 12:20:42.669,2.12,2016-06-16 12:30:00,
1.125247084,7032057,Gonzalo Lama,Kicker v Lama,50,2016-06-16 12:50:43.025,1.99,2016-06-16 13:00:00,
1.125247084,7032057,Gonzalo Lama,Kicker v Lama,60,2016-06-16 12:55:45.387,1.97,2016-06-16 13:00:00,
1.125247084,7032057,Gonzalo Lama,Kicker v Lama,70,2016-06-16 12:57:47.668,1.95,2016-06-16 13:00:00,
1.125247084,7032057,Gonzalo Lama,Kicker v Lama,80,2016-06-16 13:00:48.407,2.0,2016-06-16 13:15:00,
1.125247084,7032057,Gonzalo Lama,Kicker v Lama,90,2016-06-16 13:04:47.024,2.0,2016-06-16 13:15:00,
1.125247084,7032057,Gonzalo Lama,Kicker v Lama,100,2016-06-16 13:10:36.736,2.06,2016-06-16 13:15:00,
1.125247084,8326744,Nicolas Kicker,Kicker v Lama,0,2016-06-15 22:05:47.280,1.85,2016-06-16 12:30:00,
1.125247084,8326744,Nicolas Kicker,Kicker v Lama,10,2016-06-16 06:27:34.255,1.73,2016-06-16 12:30:00,
1.125247084,8326744,Nicolas Kicker,Kicker v Lama,20,2016-06-16 07:39:24.514,1.72,2016-06-16 12:30:00,
1.125247084,8326744,Nicolas Kicker,Kicker v Lama,30,2016-06-16 10:41:43.510,1.88,2016-06-16 12:30:00,
1.125247084,8326744,Nicolas Kicker,Kicker v Lama,40,2016-06-16 11:51:42.584,1.85,2016-06-16 12:30:00,
1.125247084,8326744,Nicolas Kicker,Kicker v Lama,50,2016-06-16 12:22:33.812,1.99,2016-06-16 12:30:00,
1.125247084,8326744,Nicolas Kicker,Kicker v Lama,60,2016-06-16 12:51:41.652,2.04,2016-06-16 13:00:00,
1.125247084,8326744,Nicolas Kicker,Kicker v Lama,70,2016-06-16 12:56:48.401,2.0,2016-06-16 13:00:00,
1.125247084,8326744,Nicolas Kicker,Kicker v Lama,80,2016-06-16 13:00:48.407,2.0,2016-06-16 13:15:00,
1.125247084,8326744,Nicolas Kicker,Kicker v Lama,90,2016-06-16 13:02:45.971,1.99,2016-06-16 13:15:00,
1.125247084,8326744,Nicolas Kicker,Kicker v Lama,100,2016-06-16 13:10:36.736,2.0,2016-06-16 13:15:00,
1.125247132,8842295,Gregoire Barrere,S Diez v Barrere,0,2016-06-15 16:18:19.639,1.87,2016-06-16 16:00:00,
1.125247132,8842295,Gregoire Barrere,S Diez v Barrere,10,2016-06-15 21:36:45.914,1.79,2016-06-16 16:00:00,
1.125247132,8842295,Gregoire Barrere,S Diez v Barrere,20,2016-06-16 05:01:03.497,1.75,2016-06-16 16:00:00,
1.125247132,8842295,Gregoire Barrere,S Diez v Barrere,30,2016-06-16 09:37:00.257,1.59,2016-06-16 16:00:00,
1.125247132,8842295,Gregoire Barrere,S Diez v Barrere,40,2016-06-16 09:55:25.263,1.67,2016-06-16 16:00:00,
1.125247132,8842295,Gregoire Barrere,S Diez v Barrere,50,2016-06-16 10:06:00.601,1.51,2016-06-16 16:00:00,
1.125247132,8842295,Gregoire Barrere,S Diez v Barrere,60,2016-06-16 11:22:50.429,1.54,2016-06-16 16:00:00,
1.125247132,8842295,Gregoire Barrere,S Diez v Barrere,70,2016-06-16 11:48:36.085,1.66,2016-06-16 16:00:00,
1.125247132,8842295,Gregoire Barrere,S Diez v Barrere,80,2016-06-16 12:04:17.317,1.55,2016-06-16 16:00:00,
1.125247132,8842295,Gregoire Barrere,S Diez v Barrere,90,2016-06-16 15:38:30.433,1.56,2016-06-16 16:00:00,
1.125247132,8842295,Gregoire Barrere,S Diez v Barrere,100,2016-06-16 16:44:46.798,1.57,2016-06-16 17:00:00,
1.125248617,3506037,Horacio Zeballos,Kovalik v H Zeballos,0,2016-06-15 19:15:30.757,1.92,2016-06-16 10:00:00,
1.125248617,3506037,Horacio Zeballos,Kovalik v H Zeballos,10,2016-06-16 00:54:32.701,1.75,2016-06-16 10:00:00,
1.125248617,3506037,Horacio Zeballos,Kovalik v H Zeballos,20,2016-06-16 08:00:38.276,1.94,2016-06-16 10:00:00,
1.125248617,3506037,Horacio Zeballos,Kovalik v H Zeballos,30,2016-06-16 08:25:37.448,1.94,2016-06-16 10:00:00,
1.125248617,3506037,Horacio Zeballos,Kovalik v H Zeballos,40,2016-06-16 08:37:38.603,1.94,2016-06-16 10:00:00,
1.125248617,3506037,Horacio Zeballos,Kovalik v H Zeballos,50,2016-06-16 08:46:41.112,1.93,2016-06-16 10:00:00,
1.125248617,3506037,Horacio Zeballos,Kovalik v H Zeballos,60,2016-06-16 08:53:41.095,1.89,2016-06-16 10:00:00,
1.125248617,3506037,Horacio Zeballos,Kovalik v H Zeballos,70,2016-06-16 08:57:29.402,1.78,2016-06-16 10:00:00,
1.125248617,3506037,Horacio Zeballos,Kovalik v H Zeballos,80,2016-06-16 09:15:33.237,1.9,2016-06-16 10:00:00,
1.125248617,3506037,Horacio Zeballos,Kovalik v H Zeballos,90,2016-06-16 09:25:35.463,1.86,2016-06-16 10:00:00,
1.125248617,3506037,Horacio Zeballos,Kovalik v H Zeballos,100,2016-06-16 09:41:19.302,1.85,2016-06-16 10:00:00,
1.125248617,7287668,Jozef Kovalik,Kovalik v H Zeballos,0,2016-06-15 19:15:30.757,2.1,2016-06-16 10:00:00,
1.125248617,7287668,Jozef Kovalik,Kovalik v H Zeballos,10,2016-06-16 06:30:30.914,2.06,2016-06-16 10:00:00,
1.125248617,7287668,Jozef Kovalik,Kovalik v H Zeballos,20,2016-06-16 08:00:38.276,2.06,2016-06-16 10:00:00,
1.125248617,7287668,Jozef Kovalik,Kovalik v H Zeballos,30,2016-06-16 08:38:40.580,2.08,2016-06-16 10:00:00,
1.125248617,7287668,Jozef Kovalik,Kovalik v H Zeballos,40,2016-06-16 08:45:36.267,2.1,2016-06-16 10:00:00,
1.125248617,7287668,Jozef Kovalik,Kovalik v H Zeballos,50,2016-06-16 08:56:36.429,2.16,2016-06-16 10:00:00,
1.125248617,7287668,Jozef Kovalik,Kovalik v H Zeballos,60,2016-06-16 08:57:29.402,2.12,2016-06-16 10:00:00,
1.125248617,7287668,Jozef Kovalik,Kovalik v H Zeballos,70,2016-06-16 09:09:27.795,2.28,2016-06-16 10:00:00,
1.125248617,7287668,Jozef Kovalik,Kovalik v H Zeballos,80,2016-06-16 09:14:33.305,2.14,2016-06-16 10:00:00,
1.125248617,7287668,Jozef Kovalik,Kovalik v H Zeballos,90,2016-06-16 09:25:35.463,2.16,2016-06-16 10:00:00,
1.125248617,7287668,Jozef Kovalik,Kovalik v H Zeballos,100,2016-06-16 09:41:19.302,2.18,2016-06-16 10:00:00,
1.125248622,7185192,Roberto Carballes Baena,M Arevalo v Carballes Baena,0,2016-06-15 21:45:52.138,1.2,2016-06-16 09:00:00,
1.125248622,7185192,Roberto Carballes Baena,M Arevalo v Carballes Baena,10,2016-06-16 05:23:40.267,1.2,2016-06-16 09:00:00,
1.125248622,7185192,Roberto Carballes Baena,M Arevalo v Carballes Baena,20,2016-06-16 07:00:41.228,1.26,2016-06-16 09:00:00,
1.125248622,7185192,Roberto Carballes Baena,M Arevalo v Carballes Baena,30,2016-06-16 07:19:33.012,1.21,2016-06-16 09:00:00,
1.125248622,7185192,Roberto Carballes Baena,M Arevalo v Carballes Baena,40,2016-06-16 08:11:27.429,1.29,2016-06-16 09:00:00,
1.125248622,7185192,Roberto Carballes Baena,M Arevalo v Carballes Baena,50,2016-06-16 08:20:47.920,1.29,2016-06-16 09:00:00,
1.125248622,7185192,Roberto Carballes Baena,M Arevalo v Carballes Baena,60,2016-06-16 08:26:57.589,1.3,2016-06-16 09:00:00,
1.125248622,7185192,Roberto Carballes Baena,M Arevalo v Carballes Baena,70,2016-06-16 08:42:17.508,1.25,2016-06-16 09:00:00,
1.125248622,7185192,Roberto Carballes Baena,M Arevalo v Carballes Baena,80,2016-06-16 08:47:31.186,1.18,2016-06-16 09:00:00,
1.125248622,7185192,Roberto Carballes Baena,M Arevalo v Carballes Baena,90,2016-06-16 08:50:34.082,1.3,2016-06-16 09:00:00,
1.125248622,7185192,Roberto Carballes Baena,M Arevalo v Carballes Baena,100,2016-06-16 08:52:35.782,1.31,2016-06-16 09:00:00,
1.125248622,7430966,Marcelo Arevalo,M Arevalo v Carballes Baena,0,2016-06-16 06:30:37.343,4.7,2016-06-16 09:00:00,
1.125248622,7430966,Marcelo Arevalo,M Arevalo v Carballes Baena,10,2016-06-16 06:31:29.336,5.1,2016-06-16 09:00:00,
1.125248622,7430966,Marcelo Arevalo,M Arevalo v Carballes Baena,20,2016-06-16 07:00:41.228,4.9,2016-06-16 09:00:00,
1.125248622,7430966,Marcelo Arevalo,M Arevalo v Carballes Baena,30,2016-06-16 07:17:51.680,4.6,2016-06-16 09:00:00,
1.125248622,7430966,Marcelo Arevalo,M Arevalo v Carballes Baena,40,2016-06-16 07:19:33.012,5.8,2016-06-16 09:00:00,
1.125248622,7430966,Marcelo Arevalo,M Arevalo v Carballes Baena,50,2016-06-16 08:11:27.429,4.4,2016-06-16 09:00:00,
1.125248622,7430966,Marcelo Arevalo,M Arevalo v Carballes Baena,60,2016-06-16 08:21:47.297,4.3,2016-06-16 09:00:00,
1.125248622,7430966,Marcelo Arevalo,M Arevalo v Carballes Baena,70,2016-06-16 08:23:33.920,4.0,2016-06-16 09:00:00,
1.125248622,7430966,Marcelo Arevalo,M Arevalo v Carballes Baena,80,2016-06-16 08:44:39.083,5.1,2016-06-16 09:00:00,
1.125248622,7430966,Marcelo Arevalo,M Arevalo v Carballes Baena,90,2016-06-16 08:46:40.542,5.6,2016-06-16 09:00:00,
1.125248622,7430966,Marcelo Arevalo,M Arevalo v Carballes Baena,100,2016-06-16 08:52:35.782,4.1,2016-06-16 09:00:00,
1.125248627,2257302,Philipp Kohlschreiber,Kohlschreiber v Karlovic,0,2016-06-15 18:49:08.426,1.59,2016-06-16 10:00:00,
1.125248627,2257302,Philipp Kohlschreiber,Kohlschreiber v Karlovic,10,2016-06-15 22:15:45.311,1.6,2016-06-16 10:00:00,
1.125248627,2257302,Philipp Kohlschreiber,Kohlschreiber v Karlovic,20,2016-06-16 00:00:52.153,1.54,2016-06-16 10:00:00,
1.125248627,2257302,Philipp Kohlschreiber,Kohlschreiber v Karlovic,30,2016-06-16 02:26:33.936,1.53,2016-06-16 10:00:00,
1.125248627,2257302,Philipp Kohlschreiber,Kohlschreiber v Karlovic,40,2016-06-16 04:25:10.306,1.56,2016-06-16 10:00:00,
1.125248627,2257302,Philipp Kohlschreiber,Kohlschreiber v Karlovic,50,2016-06-16 06:02:52.276,1.55,2016-06-16 10:00:00,
1.125248627,2257302,Philipp Kohlschreiber,Kohlschreiber v Karlovic,60,2016-06-16 06:54:19.090,1.57,2016-06-16 10:00:00,
1.125248627,2257302,Philipp Kohlschreiber,Kohlschreiber v Karlovic,70,2016-06-16 07:56:39.237,1.57,2016-06-16 10:00:00,
1.125248627,2257302,Philipp Kohlschreiber,Kohlschreiber v Karlovic,80,2016-06-16 08:47:02.206,1.6,2016-06-16 10:00:00,
1.125248627,2257302,Philipp Kohlschreiber,Kohlschreiber v Karlovic,90,2016-06-16 09:13:39.361,1.59,2016-06-16 10:00:00,
1.125248627,2257302,Philipp Kohlschreiber,Kohlschreiber v Karlovic,100,2016-06-16 09:47:37.409,1.56,2016-06-16 10:00:00,
1.125248627,2263570,Ivo Karlovic,Kohlschreiber v Karlovic,0,2016-06-15 18:58:22.027,2.7,2016-06-16 10:00:00,
1.125248627,2263570,Ivo Karlovic,Kohlschreiber v Karlovic,10,2016-06-15 22:24:40.766,2.7,2016-06-16 10:00:00,
1.125248627,2263570,Ivo Karlovic,Kohlschreiber v Karlovic,20,2016-06-16 01:12:15.804,2.8,2016-06-16 10:00:00,
1.125248627,2263570,Ivo Karlovic,Kohlschreiber v Karlovic,30,2016-06-16 02:56:14.971,2.8,2016-06-16 10:00:00,
1.125248627,2263570,Ivo Karlovic,Kohlschreiber v Karlovic,40,2016-06-16 05:35:52.101,2.8,2016-06-16 10:00:00,
1.125248627,2263570,Ivo Karlovic,Kohlschreiber v Karlovic,50,2016-06-16 06:49:17.785,2.8,2016-06-16 10:00:00,
1.125248627,2263570,Ivo Karlovic,Kohlschreiber v Karlovic,60,2016-06-16 07:00:15.066,2.74,2016-06-16 10:00:00,
1.125248627,2263570,Ivo Karlovic,Kohlschreiber v Karlovic,70,2016-06-16 08:20:46.932,2.74,2016-06-16 10:00:00,
1.125248627,2263570,Ivo Karlovic,Kohlschreiber v Karlovic,80,2016-06-16 08:53:33.395,2.68,2016-06-16 10:00:00,
1.125248627,2263570,Ivo Karlovic,Kohlschreiber v Karlovic,90,2016-06-16 09:17:17.340,2.68,2016-06-16 10:00:00,
1.125248627,2263570,Ivo Karlovic,Kohlschreiber v Karlovic,100,2016-06-16 09:41:51.287,2.74,2016-06-16 10:00:00,
1.125251034,5071877,Andrej Martin,Coppejans v And Martin,0,2016-06-15 20:09:36.941,1.89,2016-06-16 11:30:00,
1.125251034,5071877,Andrej Martin,Coppejans v And Martin,10,2016-06-16 01:20:20.524,1.87,2016-06-16 11:30:00,
1.125251034,5071877,Andrej Martin,Coppejans v And Martin,20,2016-06-16 09:14:32.671,1.77,2016-06-16 11:30:00,
1.125251034,5071877,Andrej Martin,Coppejans v And Martin,30,2016-06-16 09:34:36.532,1.85,2016-06-16 11:30:00,
1.125251034,5071877,Andrej Martin,Coppejans v And Martin,40,2016-06-16 09:47:38.039,1.88,2016-06-16 11:30:00,
1.125251034,5071877,Andrej Martin,Coppejans v And Martin,50,2016-06-16 09:50:26.432,1.88,2016-06-16 11:30:00,
1.125251034,5071877,Andrej Martin,Coppejans v And Martin,60,2016-06-16 10:01:33.767,1.87,2016-06-16 11:30:00,
1.125251034,5071877,Andrej Martin,Coppejans v And Martin,70,2016-06-16 10:27:36.208,1.87,2016-06-16 11:30:00,
1.125251034,5071877,Andrej Martin,Coppejans v And Martin,80,2016-06-16 11:23:36.751,1.85,2016-06-16 11:30:00,
1.125251034,5071877,Andrej Martin,Coppejans v And Martin,90,2016-06-16 11:53:36.915,1.82,2016-06-16 12:00:00,
1.125251034,5071877,Andrej Martin,Coppejans v And Martin,100,2016-06-16 11:57:24.486,1.82,2016-06-16 12:00:00,
1.125251034,7364095,Kimmer Coppejans,Coppejans v And Martin,0,2016-06-16 09:14:32.671,2.22,2016-06-16 11:30:00,
1.125251034,7364095,Kimmer Coppejans,Coppejans v And Martin,10,2016-06-16 09:30:27.126,2.18,2016-06-16 11:30:00,
1.125251034,7364095,Kimmer Coppejans,Coppejans v And Martin,20,2016-06-16 09:34:36.532,2.16,2016-06-16 11:30:00,
1.125251034,7364095,Kimmer Coppejans,Coppejans v And Martin,30,2016-06-16 09:35:33.868,2.18,2016-06-16 11:30:00,
1.125251034,7364095,Kimmer Coppejans,Coppejans v And Martin,40,2016-06-16 09:38:22.014,2.16,2016-06-16 11:30:00,
1.125251034,7364095,Kimmer Coppejans,Coppejans v And Martin,50,2016-06-16 10:00:29.857,2.28,2016-06-16 11:30:00,
1.125251034,7364095,Kimmer Coppejans,Coppejans v And Martin,60,2016-06-16 10:01:33.767,2.16,2016-06-16 11:30:00,
1.125251034,7364095,Kimmer Coppejans,Coppejans v And Martin,70,2016-06-16 10:02:37.727,2.14,2016-06-16 11:30:00,
1.125251034,7364095,Kimmer Coppejans,Coppejans v And Martin,80,2016-06-16 10:27:36.208,2.16,2016-06-16 11:30:00,
1.125251034,7364095,Kimmer Coppejans,Coppejans v And Martin,90,2016-06-16 10:28:24.177,2.14,2016-06-16 11:30:00,
1.125251034,7364095,Kimmer Coppejans,Coppejans v And Martin,100,2016-06-16 11:53:52.916,2.2,2016-06-16 12:00:00,
1.125251039,8145584,Jordan Thompson,Jor Thompson v Falla,0,2016-06-16 00:21:18.532,1.55,2016-06-16 10:00:00,
1.125251039,8145584,Jordan Thompson,Jor Thompson v Falla,10,2016-06-16 00:43:57.600,1.53,2016-06-16 10:00:00,
1.125251039,8145584,Jordan Thompson,Jor Thompson v Falla,20,2016-06-16 00:44:23.882,1.51,2016-06-16 10:00:00,
1.125251039,8145584,Jordan Thompson,Jor Thompson v Falla,30,2016-06-16 03:54:54.685,1.49,2016-06-16 10:00:00,
1.125251039,8145584,Jordan Thompson,Jor Thompson v Falla,40,2016-06-16 06:14:19.158,1.52,2016-06-16 10:00:00,
1.125251039,8145584,Jordan Thompson,Jor Thompson v Falla,50,2016-06-16 06:53:55.930,1.52,2016-06-16 10:00:00,
1.125251039,8145584,Jordan Thompson,Jor Thompson v Falla,60,2016-06-16 07:39:34.923,1.53,2016-06-16 10:00:00,
1.125251039,8145584,Jordan Thompson,Jor Thompson v Falla,70,2016-06-16 07:50:57.029,1.58,2016-06-16 10:00:00,
1.125251039,8145584,Jordan Thompson,Jor Thompson v Falla,80,2016-06-16 08:16:56.797,1.59,2016-06-16 10:00:00,
1.125251039,8145584,Jordan Thompson,Jor Thompson v Falla,90,2016-06-16 09:38:58.488,1.56,2016-06-16 10:00:00,
1.125251039,8145584,Jordan Thompson,Jor Thompson v Falla,100,2016-06-16 10:08:51.994,1.56,2016-06-16 10:15:00,
1.125253131,2301068,Rogerio Dutra Silva,Dutra Silva v Rola,0,2016-06-16 16:11:46.267,1.5,2016-06-17 09:30:00,
1.125253131,2301068,Rogerio Dutra Silva,Dutra Silva v Rola,10,2016-06-16 19:31:38.605,1.5,2016-06-17 09:30:00,
1.125253131,2301068,Rogerio Dutra Silva,Dutra Silva v Rola,20,2016-06-16 22:15:43.876,1.48,2016-06-17 09:30:00,
1.125253131,2301068,Rogerio Dutra Silva,Dutra Silva v Rola,30,2016-06-17 05:31:17.433,1.42,2016-06-17 09:30:00,
1.125253131,2301068,Rogerio Dutra Silva,Dutra Silva v Rola,40,2016-06-17 07:30:46.701,1.51,2016-06-17 09:30:00,
1.125253131,2301068,Rogerio Dutra Silva,Dutra Silva v Rola,50,2016-06-17 08:01:33.019,1.4,2016-06-17 09:30:00,
1.125253131,2301068,Rogerio Dutra Silva,Dutra Silva v Rola,60,2016-06-17 08:21:33.400,1.5,2016-06-17 09:30:00,
1.125253131,2301068,Rogerio Dutra Silva,Dutra Silva v Rola,70,2016-06-17 08:27:25.159,1.57,2016-06-17 09:30:00,
1.125253131,2301068,Rogerio Dutra Silva,Dutra Silva v Rola,80,2016-06-17 08:48:26.326,1.59,2016-06-17 09:30:00,
1.125253131,2301068,Rogerio Dutra Silva,Dutra Silva v Rola,90,2016-06-17 08:56:42.399,1.45,2016-06-17 09:30:00,
1.125253131,2301068,Rogerio Dutra Silva,Dutra Silva v Rola,100,2016-06-17 09:24:41.036,1.52,2016-06-17 09:30:00,
1.125253131,8174357,Blaz Rola,Dutra Silva v Rola,0,2016-06-16 17:08:39.381,2.72,2016-06-17 09:30:00,
1.125253131,8174357,Blaz Rola,Dutra Silva v Rola,10,2016-06-16 19:31:38.605,3.0,2016-06-17 09:30:00,
1.125253131,8174357,Blaz Rola,Dutra Silva v Rola,20,2016-06-17 04:23:27.918,3.2,2016-06-17 09:30:00,
1.125253131,8174357,Blaz Rola,Dutra Silva v Rola,30,2016-06-17 07:27:47.707,2.98,2016-06-17 09:30:00,
1.125253131,8174357,Blaz Rola,Dutra Silva v Rola,40,2016-06-17 07:50:45.952,2.98,2016-06-17 09:30:00,
1.125253131,8174357,Blaz Rola,Dutra Silva v Rola,50,2016-06-17 08:05:38.240,2.98,2016-06-17 09:30:00,
1.125253131,8174357,Blaz Rola,Dutra Silva v Rola,60,2016-06-17 08:19:42.413,3.0,2016-06-17 09:30:00,
1.125253131,8174357,Blaz Rola,Dutra Silva v Rola,70,2016-06-17 08:23:47.874,2.78,2016-06-17 09:30:00,
1.125253131,8174357,Blaz Rola,Dutra Silva v Rola,80,2016-06-17 08:34:40.214,2.76,2016-06-17 09:30:00,
1.125253131,8174357,Blaz Rola,Dutra Silva v Rola,90,2016-06-17 08:52:45.872,2.76,2016-06-17 09:30:00,
1.125253131,8174357,Blaz Rola,Dutra Silva v Rola,100,2016-06-17 09:24:41.036,2.76,2016-06-17 09:30:00,
1.12525392,2257299,Ruben Ramirez Hidalgo,Ramirez Hidalgo v G Melzer,0,2016-06-15 19:17:18.087,2.56,2016-06-16 11:00:00,
1.12525392,2257299,Ruben Ramirez Hidalgo,Ramirez Hidalgo v G Melzer,10,2016-06-15 23:08:28.551,2.38,2016-06-16 11:00:00,
1.12525392,2257299,Ruben Ramirez Hidalgo,Ramirez Hidalgo v G Melzer,20,2016-06-15 23:36:10.671,2.3,2016-06-16 11:00:00,
1.12525392,2257299,Ruben Ramirez Hidalgo,Ramirez Hidalgo v G Melzer,30,2016-06-16 07:38:42.610,2.38,2016-06-16 11:00:00,
1.12525392,2257299,Ruben Ramirez Hidalgo,Ramirez Hidalgo v G Melzer,40,2016-06-16 08:41:35.663,2.34,2016-06-16 11:00:00,
1.12525392,2257299,Ruben Ramirez Hidalgo,Ramirez Hidalgo v G Melzer,50,2016-06-16 09:07:28.918,2.64,2016-06-16 11:00:00,
1.12525392,2257299,Ruben Ramirez Hidalgo,Ramirez Hidalgo v G Melzer,60,2016-06-16 09:27:28.759,2.48,2016-06-16 11:00:00,
1.12525392,2257299,Ruben Ramirez Hidalgo,Ramirez Hidalgo v G Melzer,70,2016-06-16 09:33:33.475,2.54,2016-06-16 11:00:00,
1.12525392,2257299,Ruben Ramirez Hidalgo,Ramirez Hidalgo v G Melzer,80,2016-06-16 09:50:29.889,2.64,2016-06-16 11:00:00,
1.12525392,2257299,Ruben Ramirez Hidalgo,Ramirez Hidalgo v G Melzer,90,2016-06-16 10:03:26.938,2.46,2016-06-16 11:00:00,
1.12525392,2257299,Ruben Ramirez Hidalgo,Ramirez Hidalgo v G Melzer,100,2016-06-16 10:50:33.201,2.46,2016-06-16 11:00:00,
1.12525392,4876705,Gerald Melzer,Ramirez Hidalgo v G Melzer,0,2016-06-16 01:09:37.022,1.68,2016-06-16 11:00:00,
1.12525392,4876705,Gerald Melzer,Ramirez Hidalgo v G Melzer,10,2016-06-16 07:26:17.579,1.7,2016-06-16 11:00:00,
1.12525392,4876705,Gerald Melzer,Ramirez Hidalgo v G Melzer,20,2016-06-16 08:13:31.336,1.73,2016-06-16 11:00:00,
1.12525392,4876705,Gerald Melzer,Ramirez Hidalgo v G Melzer,30,2016-06-16 08:41:35.663,1.74,2016-06-16 11:00:00,
1.12525392,4876705,Gerald Melzer,Ramirez Hidalgo v G Melzer,40,2016-06-16 09:00:09.779,1.65,2016-06-16 11:00:00,
1.12525392,4876705,Gerald Melzer,Ramirez Hidalgo v G Melzer,50,2016-06-16 09:26:31.971,1.68,2016-06-16 11:00:00,
1.12525392,4876705,Gerald Melzer,Ramirez Hidalgo v G Melzer,60,2016-06-16 09:34:58.891,1.63,2016-06-16 11:00:00,
1.12525392,4876705,Gerald Melzer,Ramirez Hidalgo v G Melzer,70,2016-06-16 09:51:31.550,1.6,2016-06-16 11:00:00,
1.12525392,4876705,Gerald Melzer,Ramirez Hidalgo v G Melzer,80,2016-06-16 10:15:27.578,1.69,2016-06-16 11:00:00,
1.12525392,4876705,Gerald Melzer,Ramirez Hidalgo v G Melzer,90,2016-06-16 10:33:30.107,1.72,2016-06-16 11:00:00,
1.12525392,4876705,Gerald Melzer,Ramirez Hidalgo v G Melzer,100,2016-06-16 10:53:33.276,1.72,2016-06-16 11:00:00,
1.125253925,5626817,Kyle Edmund,P Mathieu v Edmund,0,2016-06-15 17:53:49.185,2.18,2016-06-16 12:00:00,
1.125253925,5626817,Kyle Edmund,P Mathieu v Edmund,10,2016-06-15 21:00:43.008,1.98,2016-06-16 11:30:00,
1.125253925,5626817,Kyle Edmund,P Mathieu v Edmund,20,2016-06-15 23:50:30.041,1.97,2016-06-16 11:30:00,
1.125253925,5626817,Kyle Edmund,P Mathieu v Edmund,30,2016-06-16 01:40:17.625,1.91,2016-06-16 11:30:00,
1.125253925,5626817,Kyle Edmund,P Mathieu v Edmund,40,2016-06-16 03:29:48.096,1.91,2016-06-16 11:30:00,
1.125253925,5626817,Kyle Edmund,P Mathieu v Edmund,50,2016-06-16 04:42:48.021,1.94,2016-06-16 11:30:00,
1.125253925,5626817,Kyle Edmund,P Mathieu v Edmund,60,2016-06-16 07:20:40.011,1.88,2016-06-16 11:30:00,
1.125253925,5626817,Kyle Edmund,P Mathieu v Edmund,70,2016-06-16 08:06:48.519,1.89,2016-06-16 11:30:00,
1.125253925,5626817,Kyle Edmund,P Mathieu v Edmund,80,2016-06-16 08:54:28.082,1.87,2016-06-16 11:30:00,
1.125253925,5626817,Kyle Edmund,P Mathieu v Edmund,90,2016-06-16 09:15:46.434,1.91,2016-06-16 11:30:00,
1.125253925,5626817,Kyle Edmund,P Mathieu v Edmund,100,2016-06-16 10:01:36.861,1.9,2016-06-16 12:15:00,
1.125253925,8259186,Paul-Henri Mathieu,P Mathieu v Edmund,0,2016-06-15 15:55:32.086,1.71,2016-06-16 12:00:00,
1.125253925,8259186,Paul-Henri Mathieu,P Mathieu v Edmund,10,2016-06-15 21:02:16.095,1.98,2016-06-16 11:30:00,
1.125253925,8259186,Paul-Henri Mathieu,P Mathieu v Edmund,20,2016-06-16 01:23:34.561,2.08,2016-06-16 11:30:00,
1.125253925,8259186,Paul-Henri Mathieu,P Mathieu v Edmund,30,2016-06-16 03:44:43.162,2.0,2016-06-16 11:30:00,
1.125253925,8259186,Paul-Henri Mathieu,P Mathieu v Edmund,40,2016-06-16 06:59:00.681,2.08,2016-06-16 11:30:00,
1.125253925,8259186,Paul-Henri Mathieu,P Mathieu v Edmund,50,2016-06-16 07:53:19.864,2.14,2016-06-16 11:30:00,
1.125253925,8259186,Paul-Henri Mathieu,P Mathieu v Edmund,60,2016-06-16 08:36:39.405,2.12,2016-06-16 11:30:00,
1.125253925,8259186,Paul-Henri Mathieu,P Mathieu v Edmund,70,2016-06-16 08:54:28.082,2.12,2016-06-16 11:30:00,
1.125253925,8259186,Paul-Henri Mathieu,P Mathieu v Edmund,80,2016-06-16 09:35:49.890,2.08,2016-06-16 11:30:00,
1.125253925,8259186,Paul-Henri Mathieu,P Mathieu v Edmund,90,2016-06-16 10:04:22.046,2.1,2016-06-16 12:15:00,
1.125253925,8259186,Paul-Henri Mathieu,P Mathieu v Edmund,100,2016-06-16 10:45:49.588,2.1,2016-06-16 12:15:00,
1.125253984,2252607,Jelena Jankovic,Cirstea v J Jankovic,0,2016-06-15 19:32:16.649,1.99,2016-06-16 12:00:00,
1.125253984,2252607,Jelena Jankovic,Cirstea v J Jankovic,10,2016-06-16 06:59:15.758,2.18,2016-06-17 12:00:00,
1.125253984,2252607,Jelena Jankovic,Cirstea v J Jankovic,20,2016-06-16 10:08:05.700,2.2,2016-06-17 12:00:00,
1.125253984,2252607,Jelena Jankovic,Cirstea v J Jankovic,30,2016-06-16 19:04:35.358,2.32,2016-06-17 17:00:00,
1.125253984,2252607,Jelena Jankovic,Cirstea v J Jankovic,40,2016-06-16 20:53:12.064,2.4,2016-06-17 17:00:00,
1.125253984,2252607,Jelena Jankovic,Cirstea v J Jankovic,50,2016-06-17 07:53:15.802,2.5,2016-06-17 17:00:00,
1.125253984,2252607,Jelena Jankovic,Cirstea v J Jankovic,60,2016-06-17 12:03:04.120,2.48,2016-06-17 17:00:00,
1.125253984,2252607,Jelena Jankovic,Cirstea v J Jankovic,70,2016-06-17 14:06:07.511,2.46,2016-06-17 17:00:00,
1.125253984,2252607,Jelena Jankovic,Cirstea v J Jankovic,80,2016-06-17 16:00:34.572,2.44,2016-06-17 17:00:00,
1.125253984,2252607,Jelena Jankovic,Cirstea v J Jankovic,90,2016-06-17 16:29:03.125,2.46,2016-06-17 17:00:00,
1.125253984,2252607,Jelena Jankovic,Cirstea v J Jankovic,100,2016-06-17 16:41:10.321,2.44,2016-06-17 17:00:00,
1.125253984,2387871,Sorana Cirstea,Cirstea v J Jankovic,0,2016-06-15 19:28:04.583,2.1,2016-06-16 12:00:00,
1.125253984,2387871,Sorana Cirstea,Cirstea v J Jankovic,10,2016-06-15 22:55:15.467,1.82,2016-06-16 12:00:00,
1.125253984,2387871,Sorana Cirstea,Cirstea v J Jankovic,20,2016-06-16 08:29:16.424,1.84,2016-06-17 12:00:00,
1.125253984,2387871,Sorana Cirstea,Cirstea v J Jankovic,30,2016-06-16 18:25:09.642,1.77,2016-06-17 17:00:00,
1.125253984,2387871,Sorana Cirstea,Cirstea v J Jankovic,40,2016-06-16 20:53:12.064,1.72,2016-06-17 17:00:00,
1.125253984,2387871,Sorana Cirstea,Cirstea v J Jankovic,50,2016-06-17 07:51:17.114,1.65,2016-06-17 17:00:00,
1.125253984,2387871,Sorana Cirstea,Cirstea v J Jankovic,60,2016-06-17 09:49:40.980,1.68,2016-06-17 17:00:00,
1.125253984,2387871,Sorana Cirstea,Cirstea v J Jankovic,70,2016-06-17 12:11:11.485,1.7,2016-06-17 17:00:00,
1.125253984,2387871,Sorana Cirstea,Cirstea v J Jankovic,80,2016-06-17 15:54:15.175,1.68,2016-06-17 17:00:00,
1.125253984,2387871,Sorana Cirstea,Cirstea v J Jankovic,90,2016-06-17 16:35:16.263,1.68,2016-06-17 17:00:00,
1.125253984,2387871,Sorana Cirstea,Cirstea v J Jankovic,100,2016-06-17 16:53:03.826,1.67,2016-06-17 17:00:00,
1.125254122,4105819,Milos Raonic,Vesely v Raonic,0,2016-06-15 17:34:51.705,1.15,2016-06-16 12:00:00,
1.125254122,4105819,Milos Raonic,Vesely v Raonic,10,2016-06-15 20:25:45.603,1.16,2016-06-16 15:30:00,
1.125254122,4105819,Milos Raonic,Vesely v Raonic,20,2016-06-16 07:12:26.593,1.15,2016-06-16 15:30:00,
1.125254122,4105819,Milos Raonic,Vesely v Raonic,30,2016-06-16 07:52:20.697,1.13,2016-06-16 15:30:00,
1.125254122,4105819,Milos Raonic,Vesely v Raonic,40,2016-06-16 08:49:16.119,1.14,2016-06-16 15:30:00,
1.125254122,4105819,Milos Raonic,Vesely v Raonic,50,2016-06-16 09:27:36.037,1.15,2016-06-16 15:30:00,
1.125254122,4105819,Milos Raonic,Vesely v Raonic,60,2016-06-16 10:09:29.904,1.14,2016-06-16 14:15:00,
1.125254122,4105819,Milos Raonic,Vesely v Raonic,70,2016-06-16 11:23:16.859,1.13,2016-06-16 14:15:00,
1.125254122,4105819,Milos Raonic,Vesely v Raonic,80,2016-06-16 12:36:19.907,1.15,2016-06-16 14:26:00,
1.125254122,4105819,Milos Raonic,Vesely v Raonic,90,2016-06-16 13:31:46.127,1.14,2016-06-16 14:26:00,
1.125254122,4105819,Milos Raonic,Vesely v Raonic,100,2016-06-16 13:49:50.041,1.14,2016-06-16 14:26:00,
1.125254122,7032143,Jiri Vesely,Vesely v Raonic,0,2016-06-15 17:36:26.651,7.6,2016-06-16 12:00:00,
1.125254122,7032143,Jiri Vesely,Vesely v Raonic,10,2016-06-15 22:49:42.648,7.8,2016-06-16 15:30:00,
1.125254122,7032143,Jiri Vesely,Vesely v Raonic,20,2016-06-15 23:39:41.614,8.2,2016-06-16 15:30:00,
1.125254122,7032143,Jiri Vesely,Vesely v Raonic,30,2016-06-16 04:51:15.613,7.6,2016-06-16 15:30:00,
1.125254122,7032143,Jiri Vesely,Vesely v Raonic,40,2016-06-16 06:16:39.459,8.0,2016-06-16 15:30:00,
1.125254122,7032143,Jiri Vesely,Vesely v Raonic,50,2016-06-16 07:23:56.667,7.8,2016-06-16 15:30:00,
1.125254122,7032143,Jiri Vesely,Vesely v Raonic,60,2016-06-16 07:40:45.850,8.0,2016-06-16 15:30:00,
1.125254122,7032143,Jiri Vesely,Vesely v Raonic,70,2016-06-16 09:27:36.037,8.2,2016-06-16 15:30:00,
1.125254122,7032143,Jiri Vesely,Vesely v Raonic,80,2016-06-16 12:29:49.051,8.0,2016-06-16 14:30:00,
1.125254122,7032143,Jiri Vesely,Vesely v Raonic,90,2016-06-16 13:39:18.648,7.8,2016-06-16 14:26:00,
1.125254122,7032143,Jiri Vesely,Vesely v Raonic,100,2016-06-16 14:01:32.008,8.2,2016-06-16 14:26:00,
1.125254176,2411840,Angelique Kerber,Gavrilova v Kerber,0,2016-06-15 20:33:50.133,1.23,2016-06-16 14:30:00,
1.125254176,2411840,Angelique Kerber,Gavrilova v Kerber,10,2016-06-16 09:40:42.284,1.22,2016-06-16 14:30:00,
1.125254176,2411840,Angelique Kerber,Gavrilova v Kerber,20,2016-06-16 15:08:01.235,1.23,2016-06-16 15:34:00,
1.125254176,2411840,Angelique Kerber,Gavrilova v Kerber,30,2016-06-16 19:44:15.396,1.67,2016-06-17 10:30:00,2016-06-16 15:32:56.165
1.125254176,2411840,Angelique Kerber,Gavrilova v Kerber,40,2016-06-16 21:06:50.372,1.66,2016-06-17 10:30:00,2016-06-16 15:32:56.165
1.125254176,2411840,Angelique Kerber,Gavrilova v Kerber,50,2016-06-16 22:04:08.360,1.66,2016-06-17 10:30:00,2016-06-16 15:32:56.165
1.125254176,2411840,Angelique Kerber,Gavrilova v Kerber,60,2016-06-17 00:30:39.721,1.67,2016-06-17 10:30:00,2016-06-16 15:32:56.165
1.125254176,2411840,Angelique Kerber,Gavrilova v Kerber,70,2016-06-17 06:22:39.654,1.64,2016-06-17 10:30:00,2016-06-16 15:32:56.165
1.125254176,2411840,Angelique Kerber,Gavrilova v Kerber,80,2016-06-17 08:16:52.465,1.61,2016-06-17 10:30:00,2016-06-16 15:32:56.165
1.125254176,2411840,Angelique Kerber,Gavrilova v Kerber,90,2016-06-17 09:29:38.264,1.59,2016-06-17 10:30:00,2016-06-16 15:32:56.165
1.125254176,2411840,Angelique Kerber,Gavrilova v Kerber,100,2016-06-17 10:27:57.286,1.65,2016-06-17 10:30:00,2016-06-16 15:32:56.165
1.125254176,5053424,Daria Gavrilova,Gavrilova v Kerber,0,2016-06-16 04:57:52.225,4.7,2016-06-16 14:30:00,
1.125254176,5053424,Daria Gavrilova,Gavrilova v Kerber,10,2016-06-16 13:34:57.894,5.1,2016-06-16 15:34:00,
1.125254176,5053424,Daria Gavrilova,Gavrilova v Kerber,20,2016-06-16 18:41:18.554,2.52,2016-06-17 12:00:00,2016-06-16 15:32:56.165
1.125254176,5053424,Daria Gavrilova,Gavrilova v Kerber,30,2016-06-16 19:24:34.161,2.5,2016-06-17 10:30:00,2016-06-16 15:32:56.165
1.125254176,5053424,Daria Gavrilova,Gavrilova v Kerber,40,2016-06-16 20:53:56.121,2.48,2016-06-17 10:30:00,2016-06-16 15:32:56.165
1.125254176,5053424,Daria Gavrilova,Gavrilova v Kerber,50,2016-06-16 22:02:56.090,2.56,2016-06-17 10:30:00,2016-06-16 15:32:56.165
1.125254176,5053424,Daria Gavrilova,Gavrilova v Kerber,60,2016-06-17 03:02:59.674,2.54,2016-06-17 10:30:00,2016-06-16 15:32:56.165
1.125254176,5053424,Daria Gavrilova,Gavrilova v Kerber,70,2016-06-17 05:42:16.427,2.56,2016-06-17 10:30:00,2016-06-16 15:32:56.165
1.125254176,5053424,Daria Gavrilova,Gavrilova v Kerber,80,2016-06-17 08:16:52.465,2.62,2016-06-17 10:30:00,2016-06-16 15:32:56.165
1.125254176,5053424,Daria Gavrilova,Gavrilova v Kerber,90,2016-06-17 09:31:39.190,2.66,2016-06-17 10:30:00,2016-06-16 15:32:56.165
1.125254176,5053424,Daria Gavrilova,Gavrilova v Kerber,100,2016-06-17 10:28:50.986,2.48,2016-06-17 10:30:00,2016-06-16 15:32:56.165
1.125254191,2404122,Andrea Petkovic,SuÁrez Navarro v Petkovic,0,2016-06-15 20:57:45.578,2.26,2016-06-16 14:00:00,
1.125254191,2404122,Andrea Petkovic,SuÁrez Navarro v Petkovic,10,2016-06-16 09:47:06.955,2.4,2016-06-16 14:00:00,
1.125254191,2404122,Andrea Petkovic,SuÁrez Navarro v Petkovic,20,2016-06-16 18:46:51.741,1.55,2016-06-17 10:30:00,2016-06-16 14:43:58.190
1.125254191,2404122,Andrea Petkovic,SuÁrez Navarro v Petkovic,30,2016-06-16 19:16:59.123,1.56,2016-06-17 10:30:00,2016-06-16 14:43:58.190
1.125254191,2404122,Andrea Petkovic,SuÁrez Navarro v Petkovic,40,2016-06-16 20:48:13.171,1.54,2016-06-17 10:30:00,2016-06-16 14:43:58.190
1.125254191,2404122,Andrea Petkovic,SuÁrez Navarro v Petkovic,50,2016-06-16 21:46:53.773,1.56,2016-06-17 10:30:00,2016-06-16 14:43:58.190
1.125254191,2404122,Andrea Petkovic,SuÁrez Navarro v Petkovic,60,2016-06-16 23:01:29.467,1.57,2016-06-17 10:30:00,2016-06-16 14:43:58.190
1.125254191,2404122,Andrea Petkovic,SuÁrez Navarro v Petkovic,70,2016-06-17 04:53:15.798,1.58,2016-06-17 10:30:00,2016-06-16 14:43:58.190
1.125254191,2404122,Andrea Petkovic,SuÁrez Navarro v Petkovic,80,2016-06-17 07:30:57.211,1.58,2016-06-17 10:30:00,2016-06-16 14:43:58.190
1.125254191,2404122,Andrea Petkovic,SuÁrez Navarro v Petkovic,90,2016-06-17 08:50:30.967,1.53,2016-06-17 10:30:00,2016-06-16 14:43:58.190
1.125254191,2404122,Andrea Petkovic,SuÁrez Navarro v Petkovic,100,2016-06-17 10:21:53.017,1.58,2016-06-17 10:30:00,2016-06-16 14:43:58.190
1.125254191,8735953,Carla Suárez Navarro,SuÁrez Navarro v Petkovic,0,2016-06-15 20:56:58.638,1.8,2016-06-16 14:00:00,
1.125254191,8735953,Carla Suárez Navarro,SuÁrez Navarro v Petkovic,10,2016-06-16 06:17:28.595,1.65,2016-06-16 14:00:00,
1.125254191,8735953,Carla Suárez Navarro,SuÁrez Navarro v Petkovic,20,2016-06-16 08:29:38.142,1.72,2016-06-16 14:00:00,
1.125254191,8735953,Carla Suárez Navarro,SuÁrez Navarro v Petkovic,30,2016-06-16 09:56:51.212,1.74,2016-06-16 14:00:00,
1.125254191,8735953,Carla Suárez Navarro,SuÁrez Navarro v Petkovic,40,2016-06-16 10:56:29.352,1.73,2016-06-16 14:24:00,
1.125254191,8735953,Carla Suárez Navarro,SuÁrez Navarro v Petkovic,50,2016-06-16 14:25:57.806,1.72,2016-06-16 14:38:00,
1.125254191,8735953,Carla Suárez Navarro,SuÁrez Navarro v Petkovic,60,2016-06-16 21:00:22.706,2.82,2016-06-17 10:30:00,2016-06-16 14:43:58.190
1.125254191,8735953,Carla Suárez Navarro,SuÁrez Navarro v Petkovic,70,2016-06-16 22:29:06.811,2.74,2016-06-17 10:30:00,2016-06-16 14:43:58.190
1.125254191,8735953,Carla Suárez Navarro,SuÁrez Navarro v Petkovic,80,2016-06-17 06:37:27.955,2.72,2016-06-17 10:30:00,2016-06-16 14:43:58.190
1.125254191,8735953,Carla Suárez Navarro,SuÁrez Navarro v Petkovic,90,2016-06-17 08:46:21.695,2.8,2016-06-17 10:30:00,2016-06-16 14:43:58.190
1.125254191,8735953,Carla Suárez Navarro,SuÁrez Navarro v Petkovic,100,2016-06-17 10:22:53.606,2.72,2016-06-17 10:30:00,2016-06-16 14:43:58.190
1.125254284,2263715,Tamira Paszek,Keys v Paszek,0,2016-06-16 04:55:37.894,4.9,2016-06-16 10:00:00,
1.125254284,2263715,Tamira Paszek,Keys v Paszek,10,2016-06-16 06:06:10.970,5.0,2016-06-16 10:00:00,
1.125254284,2263715,Tamira Paszek,Keys v Paszek,20,2016-06-16 06:51:06.694,5.1,2016-06-16 10:00:00,
1.125254284,2263715,Tamira Paszek,Keys v Paszek,30,2016-06-16 07:06:07.490,5.1,2016-06-16 10:00:00,
1.125254284,2263715,Tamira Paszek,Keys v Paszek,40,2016-06-16 08:52:16.825,4.8,2016-06-16 10:00:00,
1.125254284,2263715,Tamira Paszek,Keys v Paszek,50,2016-06-16 09:21:06.360,4.8,2016-06-16 10:00:00,
1.125254284,2263715,Tamira Paszek,Keys v Paszek,60,2016-06-16 09:54:02.981,4.8,2016-06-16 10:00:00,
1.125254284,2263715,Tamira Paszek,Keys v Paszek,70,2016-06-16 09:58:07.497,5.0,2016-06-16 10:00:00,
1.125254284,2263715,Tamira Paszek,Keys v Paszek,80,2016-06-16 10:02:07.510,5.2,2016-06-16 10:15:00,
1.125254284,2263715,Tamira Paszek,Keys v Paszek,90,2016-06-16 10:07:07.912,5.2,2016-06-16 10:15:00,
1.125254284,2263715,Tamira Paszek,Keys v Paszek,100,2016-06-16 10:23:52.229,5.4,2016-06-16 10:30:00,
1.125254284,3800907,Madison Keys,Keys v Paszek,0,2016-06-15 19:46:46.009,1.32,2016-06-16 10:00:00,
1.125254284,3800907,Madison Keys,Keys v Paszek,10,2016-06-16 01:02:22.835,1.23,2016-06-16 10:00:00,
1.125254284,3800907,Madison Keys,Keys v Paszek,20,2016-06-16 05:29:56.743,1.25,2016-06-16 10:00:00,
1.125254284,3800907,Madison Keys,Keys v Paszek,30,2016-06-16 06:28:07.161,1.24,2016-06-16 10:00:00,
1.125254284,3800907,Madison Keys,Keys v Paszek,40,2016-06-16 07:26:58.817,1.24,2016-06-16 10:00:00,
1.125254284,3800907,Madison Keys,Keys v Paszek,50,2016-06-16 08:02:30.795,1.25,2016-06-16 10:00:00,
1.125254284,3800907,Madison Keys,Keys v Paszek,60,2016-06-16 08:49:31.270,1.26,2016-06-16 10:00:00,
1.125254284,3800907,Madison Keys,Keys v Paszek,70,2016-06-16 09:17:48.702,1.25,2016-06-16 10:00:00,
1.125254284,3800907,Madison Keys,Keys v Paszek,80,2016-06-16 09:59:06.526,1.24,2016-06-16 10:00:00,
1.125254284,3800907,Madison Keys,Keys v Paszek,90,2016-06-16 10:08:04.291,1.23,2016-06-16 10:15:00,
1.125254284,3800907,Madison Keys,Keys v Paszek,100,2016-06-16 10:22:03.550,1.22,2016-06-16 10:30:00,
1.125254382,2251402,Roger Federer,Federer v Jaziri,0,2016-06-15 17:34:39.261,1.07,2016-06-16 14:00:00,
1.125254382,2251402,Roger Federer,Federer v Jaziri,10,2016-06-15 18:12:34.876,1.05,2016-06-16 14:00:00,
1.125254382,2251402,Roger Federer,Federer v Jaziri,20,2016-06-15 22:15:24.428,1.04,2016-06-16 14:00:00,
1.125254382,2251402,Roger Federer,Federer v Jaziri,30,2016-06-16 06:33:27.387,1.05,2016-06-16 14:00:00,
1.125254382,2251402,Roger Federer,Federer v Jaziri,40,2016-06-16 08:14:58.663,1.04,2016-06-16 14:00:00,
1.125254382,2251402,Roger Federer,Federer v Jaziri,50,2016-06-16 09:51:59.763,1.05,2016-06-16 13:49:00,
1.125254382,2251402,Roger Federer,Federer v Jaziri,60,2016-06-16 11:04:30.148,1.06,2016-06-16 13:49:00,
1.125254382,2251402,Roger Federer,Federer v Jaziri,70,2016-06-16 12:35:34.167,1.05,2016-06-16 14:29:00,
1.125254382,2251402,Roger Federer,Federer v Jaziri,80,2016-06-16 13:41:20.477,1.06,2016-06-16 14:29:00,
1.125254382,2251402,Roger Federer,Federer v Jaziri,90,2016-06-16 14:02:26.968,1.05,2016-06-16 14:29:00,
1.125254382,2251402,Roger Federer,Federer v Jaziri,100,2016-06-16 14:28:24.505,1.04,2016-06-16 14:29:00,
1.125254382,5776215,Malek Jaziri,Federer v Jaziri,0,2016-06-15 19:23:31.360,21.0,2016-06-16 14:00:00,
1.125254382,5776215,Malek Jaziri,Federer v Jaziri,10,2016-06-16 02:54:04.873,22.0,2016-06-16 14:00:00,
1.125254382,5776215,Malek Jaziri,Federer v Jaziri,20,2016-06-16 04:41:59.325,22.0,2016-06-16 14:00:00,
1.125254382,5776215,Malek Jaziri,Federer v Jaziri,30,2016-06-16 08:05:21.238,22.0,2016-06-16 14:00:00,
1.125254382,5776215,Malek Jaziri,Federer v Jaziri,40,2016-06-16 08:55:00.235,22.0,2016-06-16 14:00:00,
1.125254382,5776215,Malek Jaziri,Federer v Jaziri,50,2016-06-16 10:41:11.251,19.5,2016-06-16 13:49:00,
1.125254382,5776215,Malek Jaziri,Federer v Jaziri,60,2016-06-16 11:13:08.639,20.0,2016-06-16 13:49:00,
1.125254382,5776215,Malek Jaziri,Federer v Jaziri,70,2016-06-16 12:26:30.983,20.0,2016-06-16 14:34:00,
1.125254382,5776215,Malek Jaziri,Federer v Jaziri,80,2016-06-16 13:51:27.465,21.0,2016-06-16 14:29:00,
1.125254382,5776215,Malek Jaziri,Federer v Jaziri,90,2016-06-16 14:22:37.929,22.0,2016-06-16 14:29:00,
1.125254382,5776215,Malek Jaziri,Federer v Jaziri,100,2016-06-16 14:34:35.639,26.0,2016-06-16 14:44:00,
1.125254441,2263606,Tsvetana Pironkova,Begu v Pironkova,0,2016-06-15 21:08:19.176,1.46,2016-06-16 14:00:00,
1.125254441,2263606,Tsvetana Pironkova,Begu v Pironkova,10,2016-06-16 05:47:57.120,1.46,2016-06-16 14:00:00,
1.125254441,2263606,Tsvetana Pironkova,Begu v Pironkova,20,2016-06-16 08:14:36.266,1.48,2016-06-16 14:00:00,
1.125254441,2263606,Tsvetana Pironkova,Begu v Pironkova,30,2016-06-16 08:59:43.275,1.48,2016-06-16 14:00:00,
1.125254441,2263606,Tsvetana Pironkova,Begu v Pironkova,40,2016-06-16 09:35:58.297,1.49,2016-06-16 14:00:00,
1.125254441,2263606,Tsvetana Pironkova,Begu v Pironkova,50,2016-06-16 10:35:56.467,1.5,2016-06-16 14:25:00,
1.125254441,2263606,Tsvetana Pironkova,Begu v Pironkova,60,2016-06-16 11:30:35.655,1.49,2016-06-16 14:25:00,
1.125254441,2263606,Tsvetana Pironkova,Begu v Pironkova,70,2016-06-16 12:03:37.250,1.47,2016-06-16 14:11:00,
1.125254441,2263606,Tsvetana Pironkova,Begu v Pironkova,80,2016-06-16 12:40:56.273,1.48,2016-06-16 14:31:00,
1.125254441,2263606,Tsvetana Pironkova,Begu v Pironkova,90,2016-06-16 13:59:55.111,1.49,2016-06-16 14:31:00,
1.125254441,2263606,Tsvetana Pironkova,Begu v Pironkova,100,2016-06-16 14:24:56.300,1.49,2016-06-16 14:31:00,
1.125254441,7642289,Irina-Camelia Begu,Begu v Pironkova,0,2016-06-15 19:55:19.166,2.82,2016-06-16 14:00:00,
1.125254441,7642289,Irina-Camelia Begu,Begu v Pironkova,10,2016-06-16 03:01:55.420,3.15,2016-06-16 14:00:00,
1.125254441,7642289,Irina-Camelia Begu,Begu v Pironkova,20,2016-06-16 06:39:25.079,3.0,2016-06-16 14:00:00,
1.125254441,7642289,Irina-Camelia Begu,Begu v Pironkova,30,2016-06-16 11:03:54.063,3.15,2016-06-16 14:25:00,
1.125254441,7642289,Irina-Camelia Begu,Begu v Pironkova,40,2016-06-16 11:58:53.972,3.15,2016-06-16 14:11:00,
1.125254441,7642289,Irina-Camelia Begu,Begu v Pironkova,50,2016-06-16 12:18:44.767,3.1,2016-06-16 14:26:00,
1.125254441,7642289,Irina-Camelia Begu,Begu v Pironkova,60,2016-06-16 12:40:56.273,3.1,2016-06-16 14:31:00,
1.125254441,7642289,Irina-Camelia Begu,Begu v Pironkova,70,2016-06-16 13:17:48.616,3.1,2016-06-16 14:31:00,
1.125254441,7642289,Irina-Camelia Begu,Begu v Pironkova,80,2016-06-16 14:05:52.174,3.05,2016-06-16 14:31:00,
1.125254441,7642289,Irina-Camelia Begu,Begu v Pironkova,90,2016-06-16 14:17:38.766,2.98,2016-06-16 14:31:00,
1.125254441,7642289,Irina-Camelia Begu,Begu v Pironkova,100,2016-06-16 14:25:56.515,3.05,2016-06-16 14:31:00,
1.1252545,8461061,Juan Pablo Paz,S Griekspoor v J Paz,0,2016-06-15 19:34:54.704,1.61,2016-06-16 12:00:00,
1.1252545,8461061,Juan Pablo Paz,S Griekspoor v J Paz,10,2016-06-16 10:01:05.951,1.58,2016-06-16 12:00:00,
1.1252545,8461061,Juan Pablo Paz,S Griekspoor v J Paz,20,2016-06-16 20:25:43.901,3.7,2016-06-17 09:30:00,2016-06-16 12:14:07.513
1.1252545,8461061,Juan Pablo Paz,S Griekspoor v J Paz,30,2016-06-16 21:26:07.401,3.4,2016-06-17 09:30:00,2016-06-16 12:14:07.513
1.1252545,8461061,Juan Pablo Paz,S Griekspoor v J Paz,40,2016-06-16 22:32:51.783,3.5,2016-06-17 09:30:00,2016-06-16 12:14:07.513
1.1252545,8461061,Juan Pablo Paz,S Griekspoor v J Paz,50,2016-06-17 00:07:04.778,3.2,2016-06-17 09:30:00,2016-06-16 12:14:07.513
1.1252545,8461061,Juan Pablo Paz,S Griekspoor v J Paz,60,2016-06-17 01:01:05.595,3.1,2016-06-17 09:30:00,2016-06-16 12:14:07.513
1.1252545,8461061,Juan Pablo Paz,S Griekspoor v J Paz,70,2016-06-17 05:43:04.825,3.65,2016-06-17 09:30:00,2016-06-16 12:14:07.513
1.1252545,8461061,Juan Pablo Paz,S Griekspoor v J Paz,80,2016-06-17 07:28:54.086,3.9,2016-06-17 09:30:00,2016-06-16 12:14:07.513
1.1252545,8461061,Juan Pablo Paz,S Griekspoor v J Paz,90,2016-06-17 07:57:06.523,4.2,2016-06-17 09:30:00,2016-06-16 12:14:07.513
1.1252545,8461061,Juan Pablo Paz,S Griekspoor v J Paz,100,2016-06-17 09:25:06.959,4.2,2016-06-17 09:30:00,2016-06-16 12:14:07.513
1.1252545,9198591,Scott Griekspoor,S Griekspoor v J Paz,0,2016-06-16 09:19:06.681,2.56,2016-06-16 12:00:00,
1.1252545,9198591,Scott Griekspoor,S Griekspoor v J Paz,10,2016-06-16 20:50:05.805,1.42,2016-06-17 09:30:00,2016-06-16 12:14:07.513
1.1252545,9198591,Scott Griekspoor,S Griekspoor v J Paz,20,2016-06-16 22:07:00.578,1.43,2016-06-17 09:30:00,2016-06-16 12:14:07.513
1.1252545,9198591,Scott Griekspoor,S Griekspoor v J Paz,30,2016-06-16 22:35:53.907,1.43,2016-06-17 09:30:00,2016-06-16 12:14:07.513
1.1252545,9198591,Scott Griekspoor,S Griekspoor v J Paz,40,2016-06-16 23:53:57.822,1.52,2016-06-17 09:30:00,2016-06-16 12:14:07.513
1.1252545,9198591,Scott Griekspoor,S Griekspoor v J Paz,50,2016-06-17 04:05:49.963,1.46,2016-06-17 09:30:00,2016-06-16 12:14:07.513
1.1252545,9198591,Scott Griekspoor,S Griekspoor v J Paz,60,2016-06-17 05:28:04.675,1.43,2016-06-17 09:30:00,2016-06-16 12:14:07.513
1.1252545,9198591,Scott Griekspoor,S Griekspoor v J Paz,70,2016-06-17 05:52:02.862,1.38,2016-06-17 09:30:00,2016-06-16 12:14:07.513
1.1252545,9198591,Scott Griekspoor,S Griekspoor v J Paz,80,2016-06-17 07:28:54.086,1.34,2016-06-17 09:30:00,2016-06-16 12:14:07.513
1.1252545,9198591,Scott Griekspoor,S Griekspoor v J Paz,90,2016-06-17 08:07:46.485,1.31,2016-06-17 09:30:00,2016-06-16 12:14:07.513
1.1252545,9198591,Scott Griekspoor,S Griekspoor v J Paz,100,2016-06-17 09:22:00.941,1.32,2016-06-17 09:30:00,2016-06-16 12:14:07.513
1.125254527,2496035,Martin Klizan,Klizan v Pavlasek,0,2016-06-15 19:34:54.704,1.8,2016-06-16 14:00:00,
1.125254527,2496035,Martin Klizan,Klizan v Pavlasek,10,2016-06-15 21:05:20.876,1.7,2016-06-16 14:00:00,
1.125254527,2496035,Martin Klizan,Klizan v Pavlasek,20,2016-06-15 21:21:00.447,1.53,2016-06-16 14:00:00,
1.125254527,2496035,Martin Klizan,Klizan v Pavlasek,30,2016-06-16 07:17:12.765,1.56,2016-06-16 14:00:00,
1.125254527,2496035,Martin Klizan,Klizan v Pavlasek,40,2016-06-16 07:36:07.438,1.55,2016-06-16 14:00:00,
1.125254527,2496035,Martin Klizan,Klizan v Pavlasek,50,2016-06-16 09:43:08.719,1.66,2016-06-16 14:00:00,
1.125254527,2496035,Martin Klizan,Klizan v Pavlasek,60,2016-06-16 09:48:10.239,1.67,2016-06-16 14:00:00,
1.125254527,2496035,Martin Klizan,Klizan v Pavlasek,70,2016-06-16 11:20:44.267,1.63,2016-06-16 14:00:00,
1.125254527,2496035,Martin Klizan,Klizan v Pavlasek,80,2016-06-16 14:17:21.565,1.59,2016-06-16 14:30:00,
1.125254527,2496035,Martin Klizan,Klizan v Pavlasek,90,2016-06-16 14:31:05.072,1.54,2016-06-16 14:45:00,
1.125254527,2496035,Martin Klizan,Klizan v Pavlasek,100,2016-06-16 15:10:40.339,1.64,2016-06-16 15:15:00,
1.125254555,2249400,Florian Mayer,Seppi v F Mayer,0,2016-06-15 19:02:31.766,2.3,2016-06-16 12:00:00,
1.125254555,2249400,Florian Mayer,Seppi v F Mayer,10,2016-06-15 21:08:42.567,2.74,2016-06-16 12:00:00,
1.125254555,2249400,Florian Mayer,Seppi v F Mayer,20,2016-06-16 19:42:58.405,2.66,2016-06-17 15:30:00,
1.125254555,2249400,Florian Mayer,Seppi v F Mayer,30,2016-06-17 00:57:04.980,2.66,2016-06-17 15:30:00,
1.125254555,2249400,Florian Mayer,Seppi v F Mayer,40,2016-06-17 09:45:31.638,2.64,2016-06-17 15:30:00,
1.125254555,2249400,Florian Mayer,Seppi v F Mayer,50,2016-06-17 11:43:14.538,2.62,2016-06-17 15:30:00,
1.125254555,2249400,Florian Mayer,Seppi v F Mayer,60,2016-06-17 12:04:22.095,2.66,2016-06-17 15:30:00,
1.125254555,2249400,Florian Mayer,Seppi v F Mayer,70,2016-06-17 13:23:49.924,2.66,2016-06-17 15:30:00,
1.125254555,2249400,Florian Mayer,Seppi v F Mayer,80,2016-06-17 14:33:13.016,2.66,2016-06-17 15:30:00,
1.125254555,2249400,Florian Mayer,Seppi v F Mayer,90,2016-06-17 15:03:59.795,2.66,2016-06-17 15:30:00,
1.125254555,2249400,Florian Mayer,Seppi v F Mayer,100,2016-06-17 15:19:39.410,2.72,2016-06-17 15:30:00,
1.125254555,2257535,Andreas Seppi,Seppi v F Mayer,0,2016-06-15 17:34:05.575,1.79,2016-06-16 12:00:00,
1.125254555,2257535,Andreas Seppi,Seppi v F Mayer,10,2016-06-15 21:08:42.567,1.57,2016-06-16 12:00:00,
1.125254555,2257535,Andreas Seppi,Seppi v F Mayer,20,2016-06-16 18:59:28.858,1.59,2016-06-17 15:30:00,
1.125254555,2257535,Andreas Seppi,Seppi v F Mayer,30,2016-06-16 21:20:00.928,1.62,2016-06-17 15:30:00,
1.125254555,2257535,Andreas Seppi,Seppi v F Mayer,40,2016-06-17 03:30:06.364,1.6,2016-06-17 15:30:00,
1.125254555,2257535,Andreas Seppi,Seppi v F Mayer,50,2016-06-17 09:41:50.784,1.6,2016-06-17 15:30:00,
1.125254555,2257535,Andreas Seppi,Seppi v F Mayer,60,2016-06-17 11:42:01.550,1.6,2016-06-17 15:30:00,
1.125254555,2257535,Andreas Seppi,Seppi v F Mayer,70,2016-06-17 13:35:03.721,1.59,2016-06-17 15:30:00,
1.125254555,2257535,Andreas Seppi,Seppi v F Mayer,80,2016-06-17 13:59:38.752,1.59,2016-06-17 15:30:00,
1.125254555,2257535,Andreas Seppi,Seppi v F Mayer,90,2016-06-17 14:57:09.707,1.59,2016-06-17 15:30:00,
1.125254555,2257535,Andreas Seppi,Seppi v F Mayer,100,2016-06-17 15:19:39.410,1.58,2016-06-17 15:30:00,
1.125254609,7797742,Daniil Medvedev,D Medvedev v R Harrison,0,2016-06-16 02:55:55.841,1.64,2016-06-16 13:00:00,
1.125254609,7797742,Daniil Medvedev,D Medvedev v R Harrison,10,2016-06-16 07:02:54.719,1.69,2016-06-16 13:00:00,
1.125254609,7797742,Daniil Medvedev,D Medvedev v R Harrison,20,2016-06-16 08:02:17.669,1.72,2016-06-16 13:00:00,
1.125254609,7797742,Daniil Medvedev,D Medvedev v R Harrison,30,2016-06-16 08:59:43.274,1.69,2016-06-16 13:00:00,
1.125254609,7797742,Daniil Medvedev,D Medvedev v R Harrison,40,2016-06-16 09:55:39.283,1.67,2016-06-16 13:00:00,
1.125254609,7797742,Daniil Medvedev,D Medvedev v R Harrison,50,2016-06-16 11:45:27.116,1.68,2016-06-16 13:00:00,
1.125254609,7797742,Daniil Medvedev,D Medvedev v R Harrison,60,2016-06-16 12:04:17.320,1.66,2016-06-16 13:00:00,
1.125254609,7797742,Daniil Medvedev,D Medvedev v R Harrison,70,2016-06-16 13:16:42.084,1.7,2016-06-16 13:30:00,
1.125254609,7797742,Daniil Medvedev,D Medvedev v R Harrison,80,2016-06-16 14:34:41.476,1.66,2016-06-16 14:45:00,
1.125254609,7797742,Daniil Medvedev,D Medvedev v R Harrison,90,2016-06-16 14:51:54.995,1.68,2016-06-16 15:00:00,
1.125254609,7797742,Daniil Medvedev,D Medvedev v R Harrison,100,2016-06-16 15:02:57.089,1.71,2016-06-16 15:15:00,
1.125254654,8283556,Antal Van Der Duim,Van Der Duim v Ze Zhang,0,2016-06-16 08:52:35.105,2.16,2016-06-17 12:00:00,
1.125254654,8283556,Antal Van Der Duim,Van Der Duim v Ze Zhang,10,2016-06-16 19:08:36.049,1.79,2016-06-17 12:00:00,
1.125254654,8283556,Antal Van Der Duim,Van Der Duim v Ze Zhang,20,2016-06-17 01:32:36.094,1.62,2016-06-17 09:00:00,
1.125254654,8283556,Antal Van Der Duim,Van Der Duim v Ze Zhang,30,2016-06-17 06:14:32.746,1.65,2016-06-17 09:00:00,
1.125254654,8283556,Antal Van Der Duim,Van Der Duim v Ze Zhang,40,2016-06-17 08:18:50.338,1.78,2016-06-17 09:00:00,
1.125254654,8283556,Antal Van Der Duim,Van Der Duim v Ze Zhang,50,2016-06-17 08:22:27.671,1.82,2016-06-17 09:00:00,
1.125254654,8283556,Antal Van Der Duim,Van Der Duim v Ze Zhang,60,2016-06-17 08:23:27.863,1.83,2016-06-17 09:00:00,
1.125254654,8283556,Antal Van Der Duim,Van Der Duim v Ze Zhang,70,2016-06-17 08:25:24.799,1.9,2016-06-17 09:00:00,
1.125254654,8283556,Antal Van Der Duim,Van Der Duim v Ze Zhang,80,2016-06-17 08:42:06.370,1.8,2016-06-17 09:00:00,
1.125254654,8283556,Antal Van Der Duim,Van Der Duim v Ze Zhang,90,2016-06-17 08:47:36.034,1.76,2016-06-17 09:00:00,
1.125254654,8283556,Antal Van Der Duim,Van Der Duim v Ze Zhang,100,2016-06-17 08:58:34.069,1.82,2016-06-17 09:00:00,
1.125254753,4877292,Teymuraz Gabashvili,Gabashvili v D Thiem,0,2016-06-15 21:02:46.665,6.8,2016-06-16 15:30:00,
1.125254753,4877292,Teymuraz Gabashvili,Gabashvili v D Thiem,10,2016-06-15 21:30:03.897,7.4,2016-06-16 15:30:00,
1.125254753,4877292,Teymuraz Gabashvili,Gabashvili v D Thiem,20,2016-06-15 22:28:34.561,7.0,2016-06-16 15:30:00,
1.125254753,4877292,Teymuraz Gabashvili,Gabashvili v D Thiem,30,2016-06-16 08:04:52.079,6.4,2016-06-16 15:30:00,
1.125254753,4877292,Teymuraz Gabashvili,Gabashvili v D Thiem,40,2016-06-16 09:10:16.668,6.2,2016-06-16 15:30:00,
1.125254753,4877292,Teymuraz Gabashvili,Gabashvili v D Thiem,50,2016-06-16 12:16:21.144,6.2,2016-06-16 15:30:00,
1.125254753,4877292,Teymuraz Gabashvili,Gabashvili v D Thiem,60,2016-06-16 13:00:22.254,6.2,2016-06-16 15:30:00,
1.125254753,4877292,Teymuraz Gabashvili,Gabashvili v D Thiem,70,2016-06-16 14:45:23.028,6.2,2016-06-16 15:30:00,
1.125254753,4877292,Teymuraz Gabashvili,Gabashvili v D Thiem,80,2016-06-16 15:30:33.487,6.6,2016-06-16 15:45:00,
1.125254753,4877292,Teymuraz Gabashvili,Gabashvili v D Thiem,90,2016-06-16 15:54:25.713,6.6,2016-06-16 16:00:00,
1.125254753,4877292,Teymuraz Gabashvili,Gabashvili v D Thiem,100,2016-06-16 16:09:35.150,6.6,2016-06-16 16:15:00,
1.125254753,5720747,Dominic Thiem,Gabashvili v D Thiem,0,2016-06-15 20:00:58.804,1.13,2016-06-16 15:30:00,
1.125254753,5720747,Dominic Thiem,Gabashvili v D Thiem,10,2016-06-15 21:51:01.388,1.18,2016-06-16 15:30:00,
1.125254753,5720747,Dominic Thiem,Gabashvili v D Thiem,20,2016-06-16 04:48:59.069,1.17,2016-06-16 15:30:00,
1.125254753,5720747,Dominic Thiem,Gabashvili v D Thiem,30,2016-06-16 07:34:06.589,1.18,2016-06-16 15:30:00,
1.125254753,5720747,Dominic Thiem,Gabashvili v D Thiem,40,2016-06-16 08:39:49.123,1.18,2016-06-16 15:30:00,
1.125254753,5720747,Dominic Thiem,Gabashvili v D Thiem,50,2016-06-16 09:46:35.989,1.19,2016-06-16 15:30:00,
1.125254753,5720747,Dominic Thiem,Gabashvili v D Thiem,60,2016-06-16 10:08:47.087,1.18,2016-06-16 15:30:00,
1.125254753,5720747,Dominic Thiem,Gabashvili v D Thiem,70,2016-06-16 11:24:06.333,1.19,2016-06-16 15:30:00,
1.125254753,5720747,Dominic Thiem,Gabashvili v D Thiem,80,2016-06-16 11:40:31.787,1.19,2016-06-16 15:30:00,
1.125254753,5720747,Dominic Thiem,Gabashvili v D Thiem,90,2016-06-16 14:45:23.028,1.19,2016-06-16 15:30:00,
1.125254753,5720747,Dominic Thiem,Gabashvili v D Thiem,100,2016-06-16 15:24:21.172,1.18,2016-06-16 15:30:00,
1.125254807,2248579,Gilles Muller,Isner v G Muller,0,2016-06-15 21:11:36.362,2.28,2016-06-16 11:30:00,
1.125254807,2248579,Gilles Muller,Isner v G Muller,10,2016-06-16 04:51:36.499,2.38,2016-06-16 11:30:00,
1.125254807,2248579,Gilles Muller,Isner v G Muller,20,2016-06-16 06:20:47.143,2.42,2016-06-16 11:30:00,
1.125254807,2248579,Gilles Muller,Isner v G Muller,30,2016-06-16 07:41:18.769,2.42,2016-06-16 11:30:00,
1.125254807,2248579,Gilles Muller,Isner v G Muller,40,2016-06-16 09:00:43.331,2.4,2016-06-16 11:30:00,
1.125254807,2248579,Gilles Muller,Isner v G Muller,50,2016-06-16 09:32:49.320,2.3,2016-06-16 11:30:00,
1.125254807,2248579,Gilles Muller,Isner v G Muller,60,2016-06-16 09:58:04.988,2.32,2016-06-16 11:30:00,
1.125254807,2248579,Gilles Muller,Isner v G Muller,70,2016-06-16 10:42:30.081,2.4,2016-06-16 11:30:00,
1.125254807,2248579,Gilles Muller,Isner v G Muller,80,2016-06-16 11:05:35.268,2.46,2016-06-16 11:30:00,
1.125254807,2248579,Gilles Muller,Isner v G Muller,90,2016-06-16 11:19:48.314,2.52,2016-06-16 11:30:00,
1.125254807,2248579,Gilles Muller,Isner v G Muller,100,2016-06-16 11:27:45.294,2.46,2016-06-16 11:30:00,
1.125254807,2474763,John Isner,Isner v G Muller,0,2016-06-15 20:00:22.473,1.65,2016-06-16 11:30:00,
1.125254807,2474763,John Isner,Isner v G Muller,10,2016-06-15 21:37:13.958,1.75,2016-06-16 11:30:00,
1.125254807,2474763,John Isner,Isner v G Muller,20,2016-06-16 01:41:59.322,1.72,2016-06-16 11:30:00,
1.125254807,2474763,John Isner,Isner v G Muller,30,2016-06-16 05:45:11.204,1.7,2016-06-16 11:30:00,
1.125254807,2474763,John Isner,Isner v G Muller,40,2016-06-16 08:02:47.988,1.7,2016-06-16 11:30:00,
1.125254807,2474763,John Isner,Isner v G Muller,50,2016-06-16 08:28:29.472,1.71,2016-06-16 11:30:00,
1.125254807,2474763,John Isner,Isner v G Muller,60,2016-06-16 09:22:30.555,1.72,2016-06-16 11:30:00,
1.125254807,2474763,John Isner,Isner v G Muller,70,2016-06-16 09:59:49.111,1.75,2016-06-16 11:30:00,
1.125254807,2474763,John Isner,Isner v G Muller,80,2016-06-16 10:35:49.097,1.72,2016-06-16 11:30:00,
1.125254807,2474763,John Isner,Isner v G Muller,90,2016-06-16 11:11:45.117,1.68,2016-06-16 11:30:00,
1.125254807,2474763,John Isner,Isner v G Muller,100,2016-06-16 11:32:50.291,1.68,2016-06-16 11:45:00,
1.125255028,2256469,Marcos Baghdatis,M Baghdatis v A Zverev,0,2016-06-15 21:23:25.161,2.16,2016-06-16 12:00:00,
1.125255028,2256469,Marcos Baghdatis,M Baghdatis v A Zverev,10,2016-06-16 15:16:28.020,1.97,2016-06-17 10:00:00,
1.125255028,2256469,Marcos Baghdatis,M Baghdatis v A Zverev,20,2016-06-16 20:51:32.191,1.98,2016-06-17 10:00:00,
1.125255028,2256469,Marcos Baghdatis,M Baghdatis v A Zverev,30,2016-06-16 22:35:39.176,1.96,2016-06-17 10:00:00,
1.125255028,2256469,Marcos Baghdatis,M Baghdatis v A Zverev,40,2016-06-17 05:03:23.407,1.95,2016-06-17 10:00:00,
1.125255028,2256469,Marcos Baghdatis,M Baghdatis v A Zverev,50,2016-06-17 06:47:34.303,1.94,2016-06-17 10:00:00,
1.125255028,2256469,Marcos Baghdatis,M Baghdatis v A Zverev,60,2016-06-17 07:27:12.198,1.98,2016-06-17 10:00:00,
1.125255028,2256469,Marcos Baghdatis,M Baghdatis v A Zverev,70,2016-06-17 08:06:22.736,1.96,2016-06-17 10:00:00,
1.125255028,2256469,Marcos Baghdatis,M Baghdatis v A Zverev,80,2016-06-17 08:41:20.943,1.94,2016-06-17 10:00:00,
1.125255028,2256469,Marcos Baghdatis,M Baghdatis v A Zverev,90,2016-06-17 09:13:38.062,1.94,2016-06-17 10:00:00,
1.125255028,2256469,Marcos Baghdatis,M Baghdatis v A Zverev,100,2016-06-17 09:54:38.251,1.94,2016-06-17 10:00:00,
1.125255028,7430944,Alexander Zverev,M Baghdatis v A Zverev,0,2016-06-15 21:23:25.161,1.86,2016-06-16 12:00:00,
1.125255028,7430944,Alexander Zverev,M Baghdatis v A Zverev,10,2016-06-16 06:23:29.851,1.93,2016-06-17 12:00:00,
1.125255028,7430944,Alexander Zverev,M Baghdatis v A Zverev,20,2016-06-16 17:35:16.582,2.1,2016-06-17 10:00:00,
1.125255028,7430944,Alexander Zverev,M Baghdatis v A Zverev,30,2016-06-16 20:51:32.191,2.02,2016-06-17 10:00:00,
1.125255028,7430944,Alexander Zverev,M Baghdatis v A Zverev,40,2016-06-16 23:44:11.695,2.02,2016-06-17 10:00:00,
1.125255028,7430944,Alexander Zverev,M Baghdatis v A Zverev,50,2016-06-17 05:34:14.459,2.02,2016-06-17 10:00:00,
1.125255028,7430944,Alexander Zverev,M Baghdatis v A Zverev,60,2016-06-17 06:54:15.257,2.06,2016-06-17 10:00:00,
1.125255028,7430944,Alexander Zverev,M Baghdatis v A Zverev,70,2016-06-17 08:00:38.821,2.04,2016-06-17 10:00:00,
1.125255028,7430944,Alexander Zverev,M Baghdatis v A Zverev,80,2016-06-17 08:29:38.672,2.06,2016-06-17 10:00:00,
1.125255028,7430944,Alexander Zverev,M Baghdatis v A Zverev,90,2016-06-17 08:59:37.012,2.04,2016-06-17 10:00:00,
1.125255028,7430944,Alexander Zverev,M Baghdatis v A Zverev,100,2016-06-17 09:53:39.100,2.06,2016-06-17 10:00:00,
1.125255091,2328051,Coco Vandeweghe,Vandeweghe v Mchale,0,2016-06-16 04:56:04.044,1.43,2016-06-16 16:00:00,
1.125255091,2328051,Coco Vandeweghe,Vandeweghe v Mchale,10,2016-06-16 13:50:26.055,1.42,2016-06-16 15:53:00,
1.125255091,2328051,Coco Vandeweghe,Vandeweghe v Mchale,20,2016-06-16 15:41:50.870,1.42,2016-06-16 16:33:00,
1.125255091,2328051,Coco Vandeweghe,Vandeweghe v Mchale,30,2016-06-16 16:38:47.589,1.42,2016-06-16 16:48:00,
1.125255091,2328051,Coco Vandeweghe,Vandeweghe v Mchale,40,2016-06-16 18:37:44.573,1.43,2016-06-17 11:15:00,
1.125255091,2328051,Coco Vandeweghe,Vandeweghe v Mchale,50,2016-06-16 21:48:43.103,1.45,2016-06-17 11:15:00,
1.125255091,2328051,Coco Vandeweghe,Vandeweghe v Mchale,60,2016-06-17 07:48:56.871,1.43,2016-06-17 11:15:00,
1.125255091,2328051,Coco Vandeweghe,Vandeweghe v Mchale,70,2016-06-17 10:04:59.513,1.41,2016-06-17 11:15:00,
1.125255091,2328051,Coco Vandeweghe,Vandeweghe v Mchale,80,2016-06-17 11:11:37.127,1.44,2016-06-17 11:15:00,
1.125255091,2328051,Coco Vandeweghe,Vandeweghe v Mchale,90,2016-06-17 11:29:55.301,1.44,2016-06-17 11:45:00,
1.125255091,2328051,Coco Vandeweghe,Vandeweghe v Mchale,100,2016-06-17 11:58:59.626,1.47,2016-06-17 12:00:00,
1.125255091,10904456,Christina McHale,Vandeweghe v Mchale,0,2016-06-16 04:56:04.044,3.25,2016-06-16 16:00:00,
1.125255091,10904456,Christina McHale,Vandeweghe v Mchale,10,2016-06-16 13:12:40.605,3.45,2016-06-16 15:38:00,
1.125255091,10904456,Christina McHale,Vandeweghe v Mchale,20,2016-06-16 16:13:52.089,3.35,2016-06-16 16:33:00,
1.125255091,10904456,Christina McHale,Vandeweghe v Mchale,30,2016-06-16 16:55:59.446,3.45,2016-06-16 17:03:00,
1.125255091,10904456,Christina McHale,Vandeweghe v Mchale,40,2016-06-16 22:10:59.932,3.45,2016-06-17 11:15:00,
1.125255091,10904456,Christina McHale,Vandeweghe v Mchale,50,2016-06-17 06:20:12.221,3.25,2016-06-17 11:15:00,
1.125255091,10904456,Christina McHale,Vandeweghe v Mchale,60,2016-06-17 09:06:39.394,3.35,2016-06-17 11:15:00,
1.125255091,10904456,Christina McHale,Vandeweghe v Mchale,70,2016-06-17 10:05:48.494,3.35,2016-06-17 11:15:00,
1.125255091,10904456,Christina McHale,Vandeweghe v Mchale,80,2016-06-17 10:42:59.922,3.3,2016-06-17 11:15:00,
1.125255091,10904456,Christina McHale,Vandeweghe v Mchale,90,2016-06-17 11:39:55.958,3.2,2016-06-17 11:45:00,
1.125255091,10904456,Christina McHale,Vandeweghe v Mchale,100,2016-06-17 11:58:59.626,3.1,2016-06-17 12:00:00,
1.12525516,8176467,Rojer/Tecau,Rojer/Tecau v Erlich/Fleming,0,2016-06-16 02:12:39.740,1.39,2016-06-16 16:00:00,
1.12525516,8176467,Rojer/Tecau,Rojer/Tecau v Erlich/Fleming,10,2016-06-16 07:22:58.080,1.31,2016-06-16 16:00:00,
1.12525516,8176467,Rojer/Tecau,Rojer/Tecau v Erlich/Fleming,20,2016-06-16 18:25:20.781,1.03,2016-06-17 10:30:00,2016-06-16 16:25:18.990
1.12525516,8176467,Rojer/Tecau,Rojer/Tecau v Erlich/Fleming,30,2016-06-16 19:33:00.484,1.03,2016-06-17 10:30:00,2016-06-16 16:25:18.990
1.12525516,8176467,Rojer/Tecau,Rojer/Tecau v Erlich/Fleming,40,2016-06-16 21:00:24.795,1.03,2016-06-17 10:30:00,2016-06-16 16:25:18.990
1.12525516,8176467,Rojer/Tecau,Rojer/Tecau v Erlich/Fleming,50,2016-06-16 22:01:41.207,1.03,2016-06-17 10:30:00,2016-06-16 16:25:18.990
1.12525516,8176467,Rojer/Tecau,Rojer/Tecau v Erlich/Fleming,60,2016-06-16 22:37:29.842,1.04,2016-06-17 10:30:00,2016-06-16 16:25:18.990
1.12525516,8176467,Rojer/Tecau,Rojer/Tecau v Erlich/Fleming,70,2016-06-17 04:59:04.884,1.05,2016-06-17 10:30:00,2016-06-16 16:25:18.990
1.12525516,8176467,Rojer/Tecau,Rojer/Tecau v Erlich/Fleming,80,2016-06-17 07:05:38.765,1.05,2016-06-17 10:30:00,2016-06-16 16:25:18.990
1.12525516,8176467,Rojer/Tecau,Rojer/Tecau v Erlich/Fleming,90,2016-06-17 09:15:45.351,1.05,2016-06-17 10:30:00,2016-06-16 16:25:18.990
1.12525516,8176467,Rojer/Tecau,Rojer/Tecau v Erlich/Fleming,100,2016-06-17 09:48:42.003,1.05,2016-06-17 10:30:00,2016-06-16 16:25:18.990
1.12525519,2263681,Marin Cilic,St Johnson v Ma Cilic,0,2016-06-15 20:45:38.457,1.38,2016-06-16 12:00:00,
1.12525519,2263681,Marin Cilic,St Johnson v Ma Cilic,10,2016-06-16 03:03:42.808,1.42,2016-06-17 12:00:00,
1.12525519,2263681,Marin Cilic,St Johnson v Ma Cilic,20,2016-06-16 16:06:25.042,1.45,2016-06-17 12:00:00,
1.12525519,2263681,Marin Cilic,St Johnson v Ma Cilic,30,2016-06-16 21:20:26.437,1.38,2016-06-17 11:00:00,
1.12525519,2263681,Marin Cilic,St Johnson v Ma Cilic,40,2016-06-17 01:59:33.766,1.37,2016-06-17 11:00:00,
1.12525519,2263681,Marin Cilic,St Johnson v Ma Cilic,50,2016-06-17 04:30:24.080,1.35,2016-06-17 11:00:00,
1.12525519,2263681,Marin Cilic,St Johnson v Ma Cilic,60,2016-06-17 06:06:30.815,1.34,2016-06-17 11:00:00,
1.12525519,2263681,Marin Cilic,St Johnson v Ma Cilic,70,2016-06-17 07:28:32.266,1.36,2016-06-17 11:00:00,
1.12525519,2263681,Marin Cilic,St Johnson v Ma Cilic,80,2016-06-17 08:50:25.074,1.35,2016-06-17 11:00:00,
1.12525519,2263681,Marin Cilic,St Johnson v Ma Cilic,90,2016-06-17 09:42:51.349,1.35,2016-06-17 11:00:00,
1.12525519,2263681,Marin Cilic,St Johnson v Ma Cilic,100,2016-06-17 10:32:26.836,1.36,2016-06-17 11:00:00,
1.12525519,4876706,Steve Johnson,St Johnson v Ma Cilic,0,2016-06-15 20:45:38.457,3.45,2016-06-16 12:00:00,
1.12525519,4876706,Steve Johnson,St Johnson v Ma Cilic,10,2016-06-16 10:30:34.903,3.5,2016-06-17 12:00:00,
1.12525519,4876706,Steve Johnson,St Johnson v Ma Cilic,20,2016-06-16 16:06:25.042,3.25,2016-06-17 12:00:00,
1.12525519,4876706,Steve Johnson,St Johnson v Ma Cilic,30,2016-06-16 21:09:49.189,3.6,2016-06-17 11:00:00,
1.12525519,4876706,Steve Johnson,St Johnson v Ma Cilic,40,2016-06-16 21:30:01.438,3.55,2016-06-17 11:00:00,
1.12525519,4876706,Steve Johnson,St Johnson v Ma Cilic,50,2016-06-17 01:59:33.766,3.75,2016-06-17 11:00:00,
1.12525519,4876706,Steve Johnson,St Johnson v Ma Cilic,60,2016-06-17 04:21:42.086,3.75,2016-06-17 11:00:00,
1.12525519,4876706,Steve Johnson,St Johnson v Ma Cilic,70,2016-06-17 05:10:01.327,3.9,2016-06-17 11:00:00,
1.12525519,4876706,Steve Johnson,St Johnson v Ma Cilic,80,2016-06-17 08:07:47.944,3.85,2016-06-17 11:00:00,
1.12525519,4876706,Steve Johnson,St Johnson v Ma Cilic,90,2016-06-17 09:37:47.039,3.75,2016-06-17 11:00:00,
1.12525519,4876706,Steve Johnson,St Johnson v Ma Cilic,100,2016-06-17 10:21:46.018,3.75,2016-06-17 11:00:00,
1.125255271,10682718,Murray/Soares,Guccione/Sa v Murray/Soares,0,2016-06-15 20:58:04.255,1.04,2016-06-16 15:30:00,
1.125255271,10682718,Murray/Soares,Guccione/Sa v Murray/Soares,10,2016-06-16 11:43:08.996,1.43,2016-06-16 15:34:00,
1.125255271,10682718,Murray/Soares,Guccione/Sa v Murray/Soares,20,2016-06-16 14:32:05.740,1.44,2016-06-16 16:24:00,
1.125255271,10682718,Murray/Soares,Guccione/Sa v Murray/Soares,30,2016-06-16 16:15:57.978,1.47,2016-06-16 16:24:00,
1.125255271,10682718,Murray/Soares,Guccione/Sa v Murray/Soares,40,2016-06-16 21:05:09.504,1.14,2016-06-17 10:30:00,2016-06-16 16:57:14.044
1.125255271,10682718,Murray/Soares,Guccione/Sa v Murray/Soares,50,2016-06-16 21:34:06.546,1.17,2016-06-17 10:30:00,2016-06-16 16:57:14.044
1.125255271,10682718,Murray/Soares,Guccione/Sa v Murray/Soares,60,2016-06-16 22:15:08.544,1.16,2016-06-17 10:30:00,2016-06-16 16:57:14.044
1.125255271,10682718,Murray/Soares,Guccione/Sa v Murray/Soares,70,2016-06-17 06:57:55.768,1.14,2016-06-17 10:30:00,2016-06-16 16:57:14.044
1.125255271,10682718,Murray/Soares,Guccione/Sa v Murray/Soares,80,2016-06-17 07:12:39.651,1.17,2016-06-17 10:30:00,2016-06-16 16:57:14.044
1.125255271,10682718,Murray/Soares,Guccione/Sa v Murray/Soares,90,2016-06-17 08:00:36.112,1.11,2016-06-17 10:30:00,2016-06-16 16:57:14.044
1.125255271,10682718,Murray/Soares,Guccione/Sa v Murray/Soares,100,2016-06-17 09:58:23.816,1.19,2016-06-17 10:30:00,2016-06-16 16:57:14.044
1.125255291,2848631,Tim Smyczek,Smyczek v Halys,0,2016-06-16 09:44:25.240,1.72,2016-06-16 15:00:00,
1.125255291,2848631,Tim Smyczek,Smyczek v Halys,10,2016-06-16 11:18:58.519,1.67,2016-06-16 15:00:00,
1.125255291,2848631,Tim Smyczek,Smyczek v Halys,20,2016-06-16 11:39:00.807,1.92,2016-06-16 15:00:00,
1.125255291,2848631,Tim Smyczek,Smyczek v Halys,30,2016-06-16 13:02:52.129,1.95,2016-06-16 15:00:00,
1.125255291,2848631,Tim Smyczek,Smyczek v Halys,40,2016-06-16 13:03:58.465,2.02,2016-06-16 15:00:00,
1.125255291,2848631,Tim Smyczek,Smyczek v Halys,50,2016-06-16 13:08:58.109,2.1,2016-06-16 15:00:00,
1.125255291,2848631,Tim Smyczek,Smyczek v Halys,60,2016-06-16 13:28:02.512,2.16,2016-06-16 15:00:00,
1.125255291,2848631,Tim Smyczek,Smyczek v Halys,70,2016-06-16 13:28:43.493,2.18,2016-06-16 15:00:00,
1.125255291,2848631,Tim Smyczek,Smyczek v Halys,80,2016-06-16 15:09:00.039,2.0,2016-06-16 15:15:00,
1.125255291,2848631,Tim Smyczek,Smyczek v Halys,90,2016-06-16 15:09:52.159,2.14,2016-06-16 15:15:00,
1.125255291,2848631,Tim Smyczek,Smyczek v Halys,100,2016-06-16 15:50:02.780,1.99,2016-06-16 16:00:00,
1.125255291,7287690,Quentin Halys,Smyczek v Halys,0,2016-06-16 02:57:57.342,2.2,2016-06-16 15:00:00,
1.125255291,7287690,Quentin Halys,Smyczek v Halys,10,2016-06-16 11:18:58.519,2.42,2016-06-16 15:00:00,
1.125255291,7287690,Quentin Halys,Smyczek v Halys,20,2016-06-16 13:02:52.129,2.04,2016-06-16 15:00:00,
1.125255291,7287690,Quentin Halys,Smyczek v Halys,30,2016-06-16 13:08:58.109,1.92,2016-06-16 15:00:00,
1.125255291,7287690,Quentin Halys,Smyczek v Halys,40,2016-06-16 13:26:53.223,2.02,2016-06-16 15:00:00,
1.125255291,7287690,Quentin Halys,Smyczek v Halys,50,2016-06-16 13:30:01.407,1.86,2016-06-16 15:00:00,
1.125255291,7287690,Quentin Halys,Smyczek v Halys,60,2016-06-16 15:09:00.039,1.96,2016-06-16 15:15:00,
1.125255291,7287690,Quentin Halys,Smyczek v Halys,70,2016-06-16 15:10:56.552,1.85,2016-06-16 15:15:00,
1.125255291,7287690,Quentin Halys,Smyczek v Halys,80,2016-06-16 16:00:01.203,1.84,2016-06-16 16:15:00,
1.125255291,7287690,Quentin Halys,Smyczek v Halys,90,2016-06-16 16:53:47.158,1.84,2016-06-16 17:00:00,
1.125255291,7287690,Quentin Halys,Smyczek v Halys,100,2016-06-16 17:08:47.887,1.91,2016-06-16 17:15:00,
1.125255297,2422070,Anastasija Sevastova,Sevastova v Duque-MariÑo,0,2016-06-15 23:14:22.266,1.79,2016-06-16 12:00:00,
1.125255297,2422070,Anastasija Sevastova,Sevastova v Duque-MariÑo,10,2016-06-16 19:38:21.756,1.75,2016-06-17 16:00:00,
1.125255297,2422070,Anastasija Sevastova,Sevastova v Duque-MariÑo,20,2016-06-17 06:17:49.159,1.74,2016-06-17 16:00:00,
1.125255297,2422070,Anastasija Sevastova,Sevastova v Duque-MariÑo,30,2016-06-17 09:07:07.824,1.76,2016-06-17 16:00:00,
1.125255297,2422070,Anastasija Sevastova,Sevastova v Duque-MariÑo,40,2016-06-17 10:51:54.324,1.77,2016-06-17 16:00:00,
1.125255297,2422070,Anastasija Sevastova,Sevastova v Duque-MariÑo,50,2016-06-17 12:41:00.693,1.75,2016-06-17 15:49:00,
1.125255297,2422070,Anastasija Sevastova,Sevastova v Duque-MariÑo,60,2016-06-17 13:47:44.428,1.75,2016-06-17 15:32:00,
1.125255297,2422070,Anastasija Sevastova,Sevastova v Duque-MariÑo,70,2016-06-17 14:54:13.670,1.78,2016-06-17 15:32:00,
1.125255297,2422070,Anastasija Sevastova,Sevastova v Duque-MariÑo,80,2016-06-17 15:15:09.662,1.78,2016-06-17 15:32:00,
1.125255297,2422070,Anastasija Sevastova,Sevastova v Duque-MariÑo,90,2016-06-17 15:18:09.090,1.76,2016-06-17 15:32:00,
1.125255297,2422070,Anastasija Sevastova,Sevastova v Duque-MariÑo,100,2016-06-17 15:25:10.803,1.89,2016-06-17 15:32:00,
1.125255297,9138301,Mariana Duque-MariÑo,Sevastova v Duque-MariÑo,0,2016-06-15 23:14:22.266,2.28,2016-06-16 12:00:00,
1.125255297,9138301,Mariana Duque-MariÑo,Sevastova v Duque-MariÑo,10,2016-06-16 00:30:48.883,2.28,2016-06-17 12:00:00,
1.125255297,9138301,Mariana Duque-MariÑo,Sevastova v Duque-MariÑo,20,2016-06-17 04:23:21.987,2.22,2016-06-17 16:00:00,
1.125255297,9138301,Mariana Duque-MariÑo,Sevastova v Duque-MariÑo,30,2016-06-17 07:12:41.474,2.26,2016-06-17 16:00:00,
1.125255297,9138301,Mariana Duque-MariÑo,Sevastova v Duque-MariÑo,40,2016-06-17 10:49:02.487,2.3,2016-06-17 16:00:00,
1.125255297,9138301,Mariana Duque-MariÑo,Sevastova v Duque-MariÑo,50,2016-06-17 12:33:19.658,2.3,2016-06-17 15:49:00,
1.125255297,9138301,Mariana Duque-MariÑo,Sevastova v Duque-MariÑo,60,2016-06-17 14:15:17.177,2.3,2016-06-17 15:32:00,
1.125255297,9138301,Mariana Duque-MariÑo,Sevastova v Duque-MariÑo,70,2016-06-17 14:59:07.157,2.28,2016-06-17 15:32:00,
1.125255297,9138301,Mariana Duque-MariÑo,Sevastova v Duque-MariÑo,80,2016-06-17 15:20:17.325,2.28,2016-06-17 15:32:00,
1.125255297,9138301,Mariana Duque-MariÑo,Sevastova v Duque-MariÑo,90,2016-06-17 15:23:22.127,2.12,2016-06-17 15:32:00,
1.125255297,9138301,Mariana Duque-MariÑo,Sevastova v Duque-MariÑo,100,2016-06-17 15:34:43.188,2.12,2016-06-17 15:47:00,
1.125255366,8942538,Herbert/Mahut,Herbert/Mahut v Del Potro/Melo,0,2016-06-16 02:45:24.199,1.48,2016-06-16 17:30:00,
1.125255366,8942538,Herbert/Mahut,Herbert/Mahut v Del Potro/Melo,10,2016-06-16 12:38:15.730,1.56,2016-06-16 17:34:00,
1.125255366,8942538,Herbert/Mahut,Herbert/Mahut v Del Potro/Melo,20,2016-06-16 17:05:18.980,1.49,2016-06-16 18:45:00,
1.125255366,8942538,Herbert/Mahut,Herbert/Mahut v Del Potro/Melo,30,2016-06-16 18:36:07.473,1.49,2016-06-17 12:30:00,
1.125255366,8942538,Herbert/Mahut,Herbert/Mahut v Del Potro/Melo,40,2016-06-16 19:20:21.043,1.49,2016-06-17 12:30:00,
1.125255366,8942538,Herbert/Mahut,Herbert/Mahut v Del Potro/Melo,50,2016-06-16 19:41:59.558,1.49,2016-06-17 12:30:00,
1.125255366,8942538,Herbert/Mahut,Herbert/Mahut v Del Potro/Melo,60,2016-06-17 08:03:13.400,1.46,2016-06-17 12:30:00,
1.125255366,8942538,Herbert/Mahut,Herbert/Mahut v Del Potro/Melo,70,2016-06-17 08:13:24.473,1.43,2016-06-17 12:30:00,
1.125255366,8942538,Herbert/Mahut,Herbert/Mahut v Del Potro/Melo,80,2016-06-17 10:08:28.592,1.4,2016-06-17 12:30:00,
1.125255366,8942538,Herbert/Mahut,Herbert/Mahut v Del Potro/Melo,90,2016-06-17 11:23:30.586,1.49,2016-06-17 12:18:00,
1.125255366,8942538,Herbert/Mahut,Herbert/Mahut v Del Potro/Melo,100,2016-06-17 11:31:10.591,1.4,2016-06-17 12:18:00,
1.125255366,11290400,Del Potro/Melo,Herbert/Mahut v Del Potro/Melo,0,2016-06-16 02:45:24.199,3.05,2016-06-16 17:30:00,
1.125255366,11290400,Del Potro/Melo,Herbert/Mahut v Del Potro/Melo,10,2016-06-16 08:32:17.072,2.92,2016-06-16 17:30:00,
1.125255366,11290400,Del Potro/Melo,Herbert/Mahut v Del Potro/Melo,20,2016-06-16 09:05:30.797,2.56,2016-06-16 17:30:00,
1.125255366,11290400,Del Potro/Melo,Herbert/Mahut v Del Potro/Melo,30,2016-06-16 11:49:26.182,2.54,2016-06-16 17:34:00,
1.125255366,11290400,Del Potro/Melo,Herbert/Mahut v Del Potro/Melo,40,2016-06-16 12:45:10.636,2.96,2016-06-16 17:34:00,
1.125255366,11290400,Del Potro/Melo,Herbert/Mahut v Del Potro/Melo,50,2016-06-16 15:44:29.982,2.82,2016-06-16 18:24:00,
1.125255366,11290400,Del Potro/Melo,Herbert/Mahut v Del Potro/Melo,60,2016-06-16 18:45:40.662,3.05,2016-06-17 12:30:00,
1.125255366,11290400,Del Potro/Melo,Herbert/Mahut v Del Potro/Melo,70,2016-06-16 19:41:32.535,3.1,2016-06-17 12:30:00,
1.125255366,11290400,Del Potro/Melo,Herbert/Mahut v Del Potro/Melo,80,2016-06-16 19:41:59.558,3.05,2016-06-17 12:30:00,
1.125255366,11290400,Del Potro/Melo,Herbert/Mahut v Del Potro/Melo,90,2016-06-17 08:13:24.473,3.4,2016-06-17 12:30:00,
1.125255366,11290400,Del Potro/Melo,Herbert/Mahut v Del Potro/Melo,100,2016-06-17 11:23:30.586,3.05,2016-06-17 12:18:00,
1.125256454,8284522,Dmitry Popko,Du Lee v Popko,0,2016-06-16 19:12:29.065,1.79,2016-06-17 06:30:00,
1.125256454,8284522,Dmitry Popko,Du Lee v Popko,10,2016-06-17 03:38:16.171,1.73,2016-06-17 06:30:00,
1.125256454,8284522,Dmitry Popko,Du Lee v Popko,20,2016-06-17 05:00:31.163,1.84,2016-06-17 06:30:00,
1.125256454,8284522,Dmitry Popko,Du Lee v Popko,30,2016-06-17 05:15:30.881,1.9,2016-06-17 06:30:00,
1.125256454,8284522,Dmitry Popko,Du Lee v Popko,40,2016-06-17 05:25:18.497,1.93,2016-06-17 06:30:00,
1.125256454,8284522,Dmitry Popko,Du Lee v Popko,50,2016-06-17 05:53:35.203,1.83,2016-06-17 06:30:00,
1.125256454,8284522,Dmitry Popko,Du Lee v Popko,60,2016-06-17 05:59:33.322,1.94,2016-06-17 06:30:00,
1.125256454,8284522,Dmitry Popko,Du Lee v Popko,70,2016-06-17 06:04:33.947,1.98,2016-06-17 06:30:00,
1.125256454,8284522,Dmitry Popko,Du Lee v Popko,80,2016-06-17 06:11:16.203,1.83,2016-06-17 06:30:00,
1.125256454,8284522,Dmitry Popko,Du Lee v Popko,90,2016-06-17 06:23:34.971,1.88,2016-06-17 06:30:00,
1.125256454,8284522,Dmitry Popko,Du Lee v Popko,100,2016-06-17 06:38:22.293,1.72,2016-06-17 06:45:00,
1.125256454,8505197,Duckhee Lee,Du Lee v Popko,0,2016-06-16 20:41:33.623,2.14,2016-06-17 06:30:00,
1.125256454,8505197,Duckhee Lee,Du Lee v Popko,10,2016-06-17 01:19:18.457,2.18,2016-06-17 06:30:00,
1.125256454,8505197,Duckhee Lee,Du Lee v Popko,20,2016-06-17 05:00:31.163,2.2,2016-06-17 06:30:00,
1.125256454,8505197,Duckhee Lee,Du Lee v Popko,30,2016-06-17 05:10:28.852,2.14,2016-06-17 06:30:00,
1.125256454,8505197,Duckhee Lee,Du Lee v Popko,40,2016-06-17 05:36:28.083,2.26,2016-06-17 06:30:00,
1.125256454,8505197,Duckhee Lee,Du Lee v Popko,50,2016-06-17 05:50:33.464,2.26,2016-06-17 06:30:00,
1.125256454,8505197,Duckhee Lee,Du Lee v Popko,60,2016-06-17 05:56:33.083,2.22,2016-06-17 06:30:00,
1.125256454,8505197,Duckhee Lee,Du Lee v Popko,70,2016-06-17 06:09:10.088,2.02,2016-06-17 06:30:00,
1.125256454,8505197,Duckhee Lee,Du Lee v Popko,80,2016-06-17 06:18:28.223,2.22,2016-06-17 06:30:00,
1.125256454,8505197,Duckhee Lee,Du Lee v Popko,90,2016-06-17 06:30:30.810,2.26,2016-06-17 06:45:00,
1.125256454,8505197,Duckhee Lee,Du Lee v Popko,100,2016-06-17 06:37:35.146,2.16,2016-06-17 06:45:00,
1.125261706,1502771,Bryan/Bryan,Bryan/Bryan v Klaasen/Ram,0,2016-06-16 22:53:33.723,1.39,2016-06-17 12:30:00,
1.125261706,1502771,Bryan/Bryan,Bryan/Bryan v Klaasen/Ram,10,2016-06-17 07:45:12.699,1.4,2016-06-17 12:30:00,
1.125261706,1502771,Bryan/Bryan,Bryan/Bryan v Klaasen/Ram,20,2016-06-17 08:53:42.508,1.41,2016-06-17 12:30:00,
1.125261706,1502771,Bryan/Bryan,Bryan/Bryan v Klaasen/Ram,30,2016-06-17 09:35:33.710,1.4,2016-06-17 12:30:00,
1.125261706,1502771,Bryan/Bryan,Bryan/Bryan v Klaasen/Ram,40,2016-06-17 09:40:45.995,1.39,2016-06-17 12:30:00,
1.125261706,1502771,Bryan/Bryan,Bryan/Bryan v Klaasen/Ram,50,2016-06-17 10:40:33.779,1.59,2016-06-17 12:30:00,
1.125261706,1502771,Bryan/Bryan,Bryan/Bryan v Klaasen/Ram,60,2016-06-17 11:57:54.009,1.44,2016-06-17 12:30:00,
1.125261706,1502771,Bryan/Bryan,Bryan/Bryan v Klaasen/Ram,70,2016-06-17 12:25:09.090,1.45,2016-06-17 12:30:00,
1.125261706,1502771,Bryan/Bryan,Bryan/Bryan v Klaasen/Ram,80,2016-06-17 12:35:36.369,1.44,2016-06-17 12:45:00,
1.125261706,1502771,Bryan/Bryan,Bryan/Bryan v Klaasen/Ram,90,2016-06-17 13:00:35.658,1.56,2016-06-17 13:15:00,
1.125261706,1502771,Bryan/Bryan,Bryan/Bryan v Klaasen/Ram,100,2016-06-17 13:04:59.753,1.45,2016-06-17 13:51:00,
1.12526422,5011822,Konstantin Kravchuk,Kravchuk v Ivashka,0,2016-06-16 19:18:02.603,1.63,2016-06-17 08:30:00,
1.12526422,5011822,Konstantin Kravchuk,Kravchuk v Ivashka,10,2016-06-16 19:56:01.589,1.48,2016-06-17 08:30:00,
1.12526422,5011822,Konstantin Kravchuk,Kravchuk v Ivashka,20,2016-06-17 02:50:06.884,1.52,2016-06-17 08:30:00,
1.12526422,5011822,Konstantin Kravchuk,Kravchuk v Ivashka,30,2016-06-17 04:48:44.614,1.5,2016-06-17 08:30:00,
1.12526422,5011822,Konstantin Kravchuk,Kravchuk v Ivashka,40,2016-06-17 05:18:07.378,1.51,2016-06-17 08:30:00,
1.12526422,5011822,Konstantin Kravchuk,Kravchuk v Ivashka,50,2016-06-17 06:30:13.149,1.51,2016-06-17 08:45:00,
1.12526422,5011822,Konstantin Kravchuk,Kravchuk v Ivashka,60,2016-06-17 06:31:36.234,1.52,2016-06-17 08:45:00,
1.12526422,5011822,Konstantin Kravchuk,Kravchuk v Ivashka,70,2016-06-17 06:31:54.285,1.55,2016-06-17 08:45:00,
1.12526422,5011822,Konstantin Kravchuk,Kravchuk v Ivashka,80,2016-06-17 07:29:21.390,1.55,2016-06-17 08:38:00,
1.12526422,5011822,Konstantin Kravchuk,Kravchuk v Ivashka,90,2016-06-17 07:40:14.946,1.54,2016-06-17 08:38:00,
1.12526422,5011822,Konstantin Kravchuk,Kravchuk v Ivashka,100,2016-06-17 08:13:35.875,1.54,2016-06-17 08:25:00,
1.125264225,3800907,Madison Keys,Keys v Ostapenko,0,2016-06-16 17:37:51.508,1.46,2016-06-17 12:00:00,
1.125264225,3800907,Madison Keys,Keys v Ostapenko,10,2016-06-16 23:36:47.609,1.41,2016-06-17 14:30:00,
1.125264225,3800907,Madison Keys,Keys v Ostapenko,20,2016-06-17 05:33:01.961,1.41,2016-06-17 14:30:00,
1.125264225,3800907,Madison Keys,Keys v Ostapenko,30,2016-06-17 07:36:01.381,1.41,2016-06-17 14:30:00,
1.125264225,3800907,Madison Keys,Keys v Ostapenko,40,2016-06-17 08:37:52.125,1.41,2016-06-17 14:30:00,
1.125264225,3800907,Madison Keys,Keys v Ostapenko,50,2016-06-17 09:46:55.881,1.41,2016-06-17 14:30:00,
1.125264225,3800907,Madison Keys,Keys v Ostapenko,60,2016-06-17 10:35:51.960,1.4,2016-06-17 14:25:00,
1.125264225,3800907,Madison Keys,Keys v Ostapenko,70,2016-06-17 11:11:28.705,1.41,2016-06-17 14:25:00,
1.125264225,3800907,Madison Keys,Keys v Ostapenko,80,2016-06-17 12:02:49.030,1.41,2016-06-17 13:44:00,
1.125264225,3800907,Madison Keys,Keys v Ostapenko,90,2016-06-17 13:03:50.138,1.38,2016-06-17 13:44:00,
1.125264225,3800907,Madison Keys,Keys v Ostapenko,100,2016-06-17 13:28:09.008,1.38,2016-06-17 13:39:00,
1.125264225,8827537,Jelena Ostapenko,Keys v Ostapenko,0,2016-06-16 17:37:51.508,3.45,2016-06-17 12:00:00,
1.125264225,8827537,Jelena Ostapenko,Keys v Ostapenko,10,2016-06-16 23:13:23.838,3.3,2016-06-17 14:30:00,
1.125264225,8827537,Jelena Ostapenko,Keys v Ostapenko,20,2016-06-17 01:46:23.201,3.45,2016-06-17 14:30:00,
1.125264225,8827537,Jelena Ostapenko,Keys v Ostapenko,30,2016-06-17 08:33:52.548,3.4,2016-06-17 14:30:00,
1.125264225,8827537,Jelena Ostapenko,Keys v Ostapenko,40,2016-06-17 09:46:55.881,3.4,2016-06-17 14:30:00,
1.125264225,8827537,Jelena Ostapenko,Keys v Ostapenko,50,2016-06-17 11:11:28.705,3.45,2016-06-17 14:25:00,
1.125264225,8827537,Jelena Ostapenko,Keys v Ostapenko,60,2016-06-17 11:54:53.339,3.35,2016-06-17 13:44:00,
1.125264225,8827537,Jelena Ostapenko,Keys v Ostapenko,70,2016-06-17 12:50:44.262,3.55,2016-06-17 13:44:00,
1.125264225,8827537,Jelena Ostapenko,Keys v Ostapenko,80,2016-06-17 13:01:07.695,3.55,2016-06-17 13:44:00,
1.125264225,8827537,Jelena Ostapenko,Keys v Ostapenko,90,2016-06-17 13:21:51.610,3.55,2016-06-17 13:44:00,
1.125264225,8827537,Jelena Ostapenko,Keys v Ostapenko,100,2016-06-17 13:27:56.456,3.55,2016-06-17 13:39:00,
1.125265536,2256509,Andy Murray,A Murray v Edmund,0,2016-06-16 14:42:49.172,1.03,2016-06-17 12:00:00,
1.125265536,2256509,Andy Murray,A Murray v Edmund,10,2016-06-16 19:01:48.093,1.05,2016-06-17 13:00:00,
1.125265536,2256509,Andy Murray,A Murray v Edmund,20,2016-06-16 22:02:45.818,1.05,2016-06-17 13:00:00,
1.125265536,2256509,Andy Murray,A Murray v Edmund,30,2016-06-17 04:01:47.436,1.04,2016-06-17 13:00:00,
1.125265536,2256509,Andy Murray,A Murray v Edmund,40,2016-06-17 06:21:38.913,1.04,2016-06-17 13:00:00,
1.125265536,2256509,Andy Murray,A Murray v Edmund,50,2016-06-17 07:47:58.271,1.05,2016-06-17 13:00:00,
1.125265536,2256509,Andy Murray,A Murray v Edmund,60,2016-06-17 08:32:38.460,1.05,2016-06-17 13:00:00,
1.125265536,2256509,Andy Murray,A Murray v Edmund,70,2016-06-17 10:38:49.381,1.05,2016-06-17 12:30:00,
1.125265536,2256509,Andy Murray,A Murray v Edmund,80,2016-06-17 12:03:40.685,1.04,2016-06-17 12:30:00,
1.125265536,2256509,Andy Murray,A Murray v Edmund,90,2016-06-17 12:30:50.344,1.04,2016-06-17 12:45:00,
1.125265536,2256509,Andy Murray,A Murray v Edmund,100,2016-06-17 13:03:50.559,1.03,2016-06-17 13:16:00,
1.125265536,5626817,Kyle Edmund,A Murray v Edmund,0,2016-06-16 16:10:06.744,21.0,2016-06-17 12:00:00,
1.125265536,5626817,Kyle Edmund,A Murray v Edmund,10,2016-06-16 21:06:28.340,24.0,2016-06-17 13:00:00,
1.125265536,5626817,Kyle Edmund,A Murray v Edmund,20,2016-06-17 05:12:46.964,22.0,2016-06-17 13:00:00,
1.125265536,5626817,Kyle Edmund,A Murray v Edmund,30,2016-06-17 08:08:29.904,21.0,2016-06-17 13:00:00,
1.125265536,5626817,Kyle Edmund,A Murray v Edmund,40,2016-06-17 09:26:33.433,18.0,2016-06-17 13:00:00,
1.125265536,5626817,Kyle Edmund,A Murray v Edmund,50,2016-06-17 10:07:31.842,21.0,2016-06-17 13:00:00,
1.125265536,5626817,Kyle Edmund,A Murray v Edmund,60,2016-06-17 10:47:48.260,20.0,2016-06-17 12:30:00,
1.125265536,5626817,Kyle Edmund,A Murray v Edmund,70,2016-06-17 12:00:50.680,21.0,2016-06-17 12:30:00,
1.125265536,5626817,Kyle Edmund,A Murray v Edmund,80,2016-06-17 12:27:47.998,22.0,2016-06-17 12:30:00,
1.125265536,5626817,Kyle Edmund,A Murray v Edmund,90,2016-06-17 12:45:41.032,23.0,2016-06-17 13:00:00,
1.125265536,5626817,Kyle Edmund,A Murray v Edmund,100,2016-06-17 13:02:46.923,27.0,2016-06-17 13:16:00,
1.125266439,4275820,Vincent Millot,Jor Thompson v Millot,0,2016-06-16 23:48:37.206,3.1,2016-06-17 14:00:00,
1.125266439,4275820,Vincent Millot,Jor Thompson v Millot,10,2016-06-17 07:20:59.562,3.2,2016-06-17 14:00:00,
1.125266439,4275820,Vincent Millot,Jor Thompson v Millot,20,2016-06-17 12:56:02.166,3.1,2016-06-17 14:21:00,
1.125266439,4275820,Vincent Millot,Jor Thompson v Millot,30,2016-06-17 20:44:59.105,8.6,2016-06-18 10:45:00,2016-06-17 15:24:04.800
1.125266439,4275820,Vincent Millot,Jor Thompson v Millot,40,2016-06-17 21:43:49.024,8.6,2016-06-18 10:45:00,2016-06-17 15:24:04.800
1.125266439,4275820,Vincent Millot,Jor Thompson v Millot,50,2016-06-17 22:13:43.000,8.6,2016-06-18 10:45:00,2016-06-17 15:24:04.800
1.125266439,4275820,Vincent Millot,Jor Thompson v Millot,60,2016-06-18 00:08:03.045,8.8,2016-06-18 10:45:00,2016-06-17 15:24:04.800
1.125266439,4275820,Vincent Millot,Jor Thompson v Millot,70,2016-06-18 06:41:01.897,8.6,2016-06-18 10:45:00,2016-06-17 15:24:04.800
1.125266439,4275820,Vincent Millot,Jor Thompson v Millot,80,2016-06-18 07:50:50.664,9.2,2016-06-18 10:45:00,2016-06-17 15:24:04.800
1.125266439,4275820,Vincent Millot,Jor Thompson v Millot,90,2016-06-18 10:07:04.415,10.0,2016-06-18 10:45:00,2016-06-17 15:24:04.800
1.125266439,4275820,Vincent Millot,Jor Thompson v Millot,100,2016-06-18 10:41:32.818,11.0,2016-06-18 10:45:00,2016-06-17 15:24:04.800
1.125266439,8145584,Jordan Thompson,Jor Thompson v Millot,0,2016-06-16 23:48:37.206,1.48,2016-06-17 14:00:00,
1.125266439,8145584,Jordan Thompson,Jor Thompson v Millot,10,2016-06-17 12:56:02.166,1.46,2016-06-17 14:21:00,
1.125266439,8145584,Jordan Thompson,Jor Thompson v Millot,20,2016-06-17 20:13:08.624,1.13,2016-06-18 10:45:00,2016-06-17 15:24:04.800
1.125266439,8145584,Jordan Thompson,Jor Thompson v Millot,30,2016-06-17 21:32:42.298,1.14,2016-06-18 10:45:00,2016-06-17 15:24:04.800
1.125266439,8145584,Jordan Thompson,Jor Thompson v Millot,40,2016-06-17 22:16:49.633,1.14,2016-06-18 10:45:00,2016-06-17 15:24:04.800
1.125266439,8145584,Jordan Thompson,Jor Thompson v Millot,50,2016-06-17 23:01:22.662,1.13,2016-06-18 10:45:00,2016-06-17 15:24:04.800
1.125266439,8145584,Jordan Thompson,Jor Thompson v Millot,60,2016-06-18 00:08:03.045,1.13,2016-06-18 10:45:00,2016-06-17 15:24:04.800
1.125266439,8145584,Jordan Thompson,Jor Thompson v Millot,70,2016-06-18 06:41:01.897,1.13,2016-06-18 10:45:00,2016-06-17 15:24:04.800
1.125266439,8145584,Jordan Thompson,Jor Thompson v Millot,80,2016-06-18 08:14:55.710,1.12,2016-06-18 10:45:00,2016-06-17 15:24:04.800
1.125266439,8145584,Jordan Thompson,Jor Thompson v Millot,90,2016-06-18 09:40:13.601,1.12,2016-06-18 10:45:00,2016-06-17 15:24:04.800
1.125266439,8145584,Jordan Thompson,Jor Thompson v Millot,100,2016-06-18 11:23:01.583,1.1,2016-06-18 11:30:00,2016-06-17 15:24:04.800
1.125267665,2386943,Yanina Wickmayer,Wickmayer v Konta,0,2016-06-16 15:54:32.274,2.32,2016-06-16 16:20:00,
1.125267665,2386943,Yanina Wickmayer,Wickmayer v Konta,10,2016-06-16 20:23:16.941,4.0,2016-06-17 12:30:00,2016-06-16 17:52:07.956
1.125267665,2386943,Yanina Wickmayer,Wickmayer v Konta,20,2016-06-16 21:05:30.151,3.45,2016-06-17 12:30:00,2016-06-16 17:52:07.956
1.125267665,2386943,Yanina Wickmayer,Wickmayer v Konta,30,2016-06-16 22:10:52.219,3.95,2016-06-17 12:30:00,2016-06-16 17:52:07.956
1.125267665,2386943,Yanina Wickmayer,Wickmayer v Konta,40,2016-06-17 04:52:09.699,3.15,2016-06-17 12:30:00,2016-06-16 17:52:07.956
1.125267665,2386943,Yanina Wickmayer,Wickmayer v Konta,50,2016-06-17 06:53:52.959,3.35,2016-06-17 12:30:00,2016-06-16 17:52:07.956
1.125267665,2386943,Yanina Wickmayer,Wickmayer v Konta,60,2016-06-17 07:16:12.158,3.2,2016-06-17 12:30:00,2016-06-16 17:52:07.956
1.125267665,2386943,Yanina Wickmayer,Wickmayer v Konta,70,2016-06-17 08:10:58.111,3.25,2016-06-17 12:30:00,2016-06-16 17:52:07.956
1.125267665,2386943,Yanina Wickmayer,Wickmayer v Konta,80,2016-06-17 09:33:41.306,3.1,2016-06-17 12:30:00,2016-06-16 17:52:07.956
1.125267665,2386943,Yanina Wickmayer,Wickmayer v Konta,90,2016-06-17 10:42:14.220,3.1,2016-06-17 12:25:00,2016-06-16 17:52:07.956
1.125267665,2386943,Yanina Wickmayer,Wickmayer v Konta,100,2016-06-17 11:40:36.032,3.1,2016-06-17 12:25:00,2016-06-16 17:52:07.956
1.125267665,5596561,Johanna Konta,Wickmayer v Konta,0,2016-06-16 15:54:32.274,1.75,2016-06-16 16:20:00,
1.125267665,5596561,Johanna Konta,Wickmayer v Konta,10,2016-06-16 21:05:30.151,1.4,2016-06-17 12:30:00,2016-06-16 17:52:07.956
1.125267665,5596561,Johanna Konta,Wickmayer v Konta,20,2016-06-17 04:18:13.548,1.41,2016-06-17 12:30:00,2016-06-16 17:52:07.956
1.125267665,5596561,Johanna Konta,Wickmayer v Konta,30,2016-06-17 05:52:41.990,1.47,2016-06-17 12:30:00,2016-06-16 17:52:07.956
1.125267665,5596561,Johanna Konta,Wickmayer v Konta,40,2016-06-17 07:16:12.158,1.45,2016-06-17 12:30:00,2016-06-16 17:52:07.956
1.125267665,5596561,Johanna Konta,Wickmayer v Konta,50,2016-06-17 08:33:07.988,1.43,2016-06-17 12:30:00,2016-06-16 17:52:07.956
1.125267665,5596561,Johanna Konta,Wickmayer v Konta,60,2016-06-17 09:34:26.144,1.48,2016-06-17 12:30:00,2016-06-16 17:52:07.956
1.125267665,5596561,Johanna Konta,Wickmayer v Konta,70,2016-06-17 10:03:45.382,1.49,2016-06-17 12:30:00,2016-06-16 17:52:07.956
1.125267665,5596561,Johanna Konta,Wickmayer v Konta,80,2016-06-17 10:36:54.209,1.48,2016-06-17 12:25:00,2016-06-16 17:52:07.956
1.125267665,5596561,Johanna Konta,Wickmayer v Konta,90,2016-06-17 11:13:38.978,1.47,2016-06-17 12:25:00,2016-06-16 17:52:07.956
1.125267665,5596561,Johanna Konta,Wickmayer v Konta,100,2016-06-17 11:37:47.027,1.47,2016-06-17 12:25:00,2016-06-16 17:52:07.956
1.125268092,5071877,Andrej Martin,And Martin v H Zeballos,0,2016-06-17 01:22:36.069,2.16,2016-06-17 12:30:00,
1.125268092,5071877,Andrej Martin,And Martin v H Zeballos,10,2016-06-17 06:46:20.489,2.12,2016-06-17 12:30:00,
1.125268092,5071877,Andrej Martin,And Martin v H Zeballos,20,2016-06-17 07:20:15.212,2.1,2016-06-17 12:30:00,
1.125268092,5071877,Andrej Martin,And Martin v H Zeballos,30,2016-06-17 07:20:55.776,2.12,2016-06-17 12:30:00,
1.125268092,5071877,Andrej Martin,And Martin v H Zeballos,40,2016-06-17 07:46:30.160,2.08,2016-06-17 12:30:00,
1.125268092,5071877,Andrej Martin,And Martin v H Zeballos,50,2016-06-17 08:47:57.799,2.3,2016-06-17 12:30:00,
1.125268092,5071877,Andrej Martin,And Martin v H Zeballos,60,2016-06-17 08:52:26.581,2.08,2016-06-17 12:30:00,
1.125268092,5071877,Andrej Martin,And Martin v H Zeballos,70,2016-06-17 09:57:12.113,2.24,2016-06-17 12:30:00,
1.125268092,5071877,Andrej Martin,And Martin v H Zeballos,80,2016-06-17 10:45:41.828,2.1,2016-06-17 12:30:00,
1.125268092,5071877,Andrej Martin,And Martin v H Zeballos,90,2016-06-17 11:13:01.651,2.24,2016-06-17 12:30:00,
1.125268092,5071877,Andrej Martin,And Martin v H Zeballos,100,2016-06-17 11:44:31.364,2.16,2016-06-17 12:30:00,
1.125268123,2251402,Roger Federer,Federer v Goffin,0,2016-06-16 17:54:34.361,1.22,2016-06-17 12:00:00,
1.125268123,2251402,Roger Federer,Federer v Goffin,10,2016-06-16 20:44:06.249,1.2,2016-06-17 12:00:00,
1.125268123,2251402,Roger Federer,Federer v Goffin,20,2016-06-16 22:29:27.839,1.19,2016-06-17 12:00:00,
1.125268123,2251402,Roger Federer,Federer v Goffin,30,2016-06-17 04:28:17.011,1.18,2016-06-17 12:00:00,
1.125268123,2251402,Roger Federer,Federer v Goffin,40,2016-06-17 06:33:42.261,1.17,2016-06-17 12:00:00,
1.125268123,2251402,Roger Federer,Federer v Goffin,50,2016-06-17 07:41:15.649,1.19,2016-06-17 12:00:00,
1.125268123,2251402,Roger Federer,Federer v Goffin,60,2016-06-17 08:35:09.883,1.18,2016-06-17 12:00:00,
1.125268123,2251402,Roger Federer,Federer v Goffin,70,2016-06-17 09:38:22.129,1.19,2016-06-17 12:00:00,
1.125268123,2251402,Roger Federer,Federer v Goffin,80,2016-06-17 10:05:18.165,1.19,2016-06-17 11:52:00,
1.125268123,2251402,Roger Federer,Federer v Goffin,90,2016-06-17 11:06:51.556,1.2,2016-06-17 11:52:00,
1.125268123,2251402,Roger Federer,Federer v Goffin,100,2016-06-17 11:52:34.348,1.18,2016-06-17 12:06:00,
1.125268123,5224084,David Goffin,Federer v Goffin,0,2016-06-16 18:02:12.957,5.5,2016-06-17 12:00:00,
1.125268123,5224084,David Goffin,Federer v Goffin,10,2016-06-16 19:23:48.437,5.9,2016-06-17 12:00:00,
1.125268123,5224084,David Goffin,Federer v Goffin,20,2016-06-16 21:15:59.028,6.4,2016-06-17 12:00:00,
1.125268123,5224084,David Goffin,Federer v Goffin,30,2016-06-16 23:34:01.396,6.8,2016-06-17 12:00:00,
1.125268123,5224084,David Goffin,Federer v Goffin,40,2016-06-17 05:04:50.404,6.6,2016-06-17 12:00:00,
1.125268123,5224084,David Goffin,Federer v Goffin,50,2016-06-17 07:18:40.379,6.2,2016-06-17 12:00:00,
1.125268123,5224084,David Goffin,Federer v Goffin,60,2016-06-17 08:16:37.274,6.4,2016-06-17 12:00:00,
1.125268123,5224084,David Goffin,Federer v Goffin,70,2016-06-17 08:44:19.338,6.4,2016-06-17 12:00:00,
1.125268123,5224084,David Goffin,Federer v Goffin,80,2016-06-17 10:23:01.885,6.2,2016-06-17 11:52:00,
1.125268123,5224084,David Goffin,Federer v Goffin,90,2016-06-17 11:02:26.529,6.0,2016-06-17 11:52:00,
1.125268123,5224084,David Goffin,Federer v Goffin,100,2016-06-17 11:27:57.852,6.2,2016-06-17 11:52:00,
1.125268247,6603914,Guido Andreozzi,Londero v Andreozzi,0,2016-06-17 00:05:46.962,1.31,2016-06-17 11:00:00,
1.125268247,6603914,Guido Andreozzi,Londero v Andreozzi,10,2016-06-17 01:42:15.126,1.29,2016-06-17 11:00:00,
1.125268247,6603914,Guido Andreozzi,Londero v Andreozzi,20,2016-06-17 06:31:46.405,1.28,2016-06-17 11:00:00,
1.125268247,6603914,Guido Andreozzi,Londero v Andreozzi,30,2016-06-17 06:46:20.488,1.34,2016-06-17 11:00:00,
1.125268247,6603914,Guido Andreozzi,Londero v Andreozzi,40,2016-06-17 08:07:13.947,1.27,2016-06-17 11:00:00,
1.125268247,6603914,Guido Andreozzi,Londero v Andreozzi,50,2016-06-17 10:14:06.799,1.33,2016-06-17 11:00:00,
1.125268247,6603914,Guido Andreozzi,Londero v Andreozzi,60,2016-06-17 10:15:11.251,1.32,2016-06-17 11:00:00,
1.125268247,6603914,Guido Andreozzi,Londero v Andreozzi,70,2016-06-17 10:17:10.271,1.31,2016-06-17 11:00:00,
1.125268247,6603914,Guido Andreozzi,Londero v Andreozzi,80,2016-06-17 10:28:10.853,1.34,2016-06-17 11:00:00,
1.125268247,6603914,Guido Andreozzi,Londero v Andreozzi,90,2016-06-17 11:00:15.952,1.36,2016-06-17 11:15:00,
1.125268247,6603914,Guido Andreozzi,Londero v Andreozzi,100,2016-06-17 11:10:08.057,1.33,2016-06-17 11:15:00,
1.125268266,2496035,Martin Klizan,Klizan v G Melzer,0,2016-06-17 01:21:12.127,1.61,2016-06-17 14:00:00,
1.125268266,2496035,Martin Klizan,Klizan v G Melzer,10,2016-06-17 07:21:57.393,1.6,2016-06-17 14:00:00,
1.125268266,2496035,Martin Klizan,Klizan v G Melzer,20,2016-06-17 07:47:04.108,1.61,2016-06-17 14:00:00,
1.125268266,2496035,Martin Klizan,Klizan v G Melzer,30,2016-06-17 12:00:21.776,1.64,2016-06-17 14:00:00,
1.125268266,2496035,Martin Klizan,Klizan v G Melzer,40,2016-06-17 12:36:26.330,1.63,2016-06-17 14:00:00,
1.125268266,2496035,Martin Klizan,Klizan v G Melzer,50,2016-06-17 12:37:40.396,1.62,2016-06-17 14:00:00,
1.125268266,2496035,Martin Klizan,Klizan v G Melzer,60,2016-06-17 12:49:40.612,1.63,2016-06-17 14:00:00,
1.125268266,2496035,Martin Klizan,Klizan v G Melzer,70,2016-06-17 12:55:35.163,1.64,2016-06-17 14:00:00,
1.125268266,2496035,Martin Klizan,Klizan v G Melzer,80,2016-06-17 12:56:36.597,1.62,2016-06-17 14:00:00,
1.125268266,2496035,Martin Klizan,Klizan v G Melzer,90,2016-06-17 13:52:28.175,1.61,2016-06-17 14:00:00,
1.125268266,2496035,Martin Klizan,Klizan v G Melzer,100,2016-06-17 13:58:26.870,1.61,2016-06-17 14:00:00,
1.125268274,2248579,Gilles Muller,G Muller v B Tomic,0,2016-06-16 19:18:52.265,2.16,2016-06-17 17:00:00,
1.125268274,2248579,Gilles Muller,G Muller v B Tomic,10,2016-06-16 22:11:40.336,2.18,2016-06-17 17:00:00,
1.125268274,2248579,Gilles Muller,G Muller v B Tomic,20,2016-06-17 01:33:48.895,2.06,2016-06-17 17:00:00,
1.125268274,2248579,Gilles Muller,G Muller v B Tomic,30,2016-06-17 06:57:06.435,2.02,2016-06-17 17:00:00,
1.125268274,2248579,Gilles Muller,G Muller v B Tomic,40,2016-06-17 08:26:28.823,2.04,2016-06-17 17:00:00,
1.125268274,2248579,Gilles Muller,G Muller v B Tomic,50,2016-06-17 12:14:59.966,2.0,2016-06-17 16:30:00,
1.125268274,2248579,Gilles Muller,G Muller v B Tomic,60,2016-06-17 12:51:39.670,2.0,2016-06-17 17:00:00,
1.125268274,2248579,Gilles Muller,G Muller v B Tomic,70,2016-06-17 14:02:35.055,2.06,2016-06-17 17:02:00,
1.125268274,2248579,Gilles Muller,G Muller v B Tomic,80,2016-06-17 15:53:52.280,2.02,2016-06-17 17:13:00,
1.125268274,2248579,Gilles Muller,G Muller v B Tomic,90,2016-06-17 16:56:07.671,1.98,2016-06-17 17:13:00,
1.125268274,2248579,Gilles Muller,G Muller v B Tomic,100,2016-06-17 17:09:48.065,1.99,2016-06-17 17:13:00,
1.125268274,3588868,Bernard Tomic,G Muller v B Tomic,0,2016-06-16 18:58:01.476,1.8,2016-06-17 17:00:00,
1.125268274,3588868,Bernard Tomic,G Muller v B Tomic,10,2016-06-16 22:28:11.374,1.86,2016-06-17 17:00:00,
1.125268274,3588868,Bernard Tomic,G Muller v B Tomic,20,2016-06-17 06:57:06.435,1.97,2016-06-17 17:00:00,
1.125268274,3588868,Bernard Tomic,G Muller v B Tomic,30,2016-06-17 08:26:28.823,1.93,2016-06-17 17:00:00,
1.125268274,3588868,Bernard Tomic,G Muller v B Tomic,40,2016-06-17 10:42:29.764,1.99,2016-06-17 16:30:00,
1.125268274,3588868,Bernard Tomic,G Muller v B Tomic,50,2016-06-17 12:44:50.762,1.96,2016-06-17 16:45:00,
1.125268274,3588868,Bernard Tomic,G Muller v B Tomic,60,2016-06-17 13:15:35.015,1.98,2016-06-17 17:02:00,
1.125268274,3588868,Bernard Tomic,G Muller v B Tomic,70,2016-06-17 15:04:41.027,1.94,2016-06-17 17:17:00,
1.125268274,3588868,Bernard Tomic,G Muller v B Tomic,80,2016-06-17 15:49:46.496,1.96,2016-06-17 17:13:00,
1.125268274,3588868,Bernard Tomic,G Muller v B Tomic,90,2016-06-17 16:43:51.658,1.99,2016-06-17 17:13:00,
1.125268274,3588868,Bernard Tomic,G Muller v B Tomic,100,2016-06-17 17:01:50.877,2.0,2016-06-17 17:13:00,
1.125268331,4822931,Renzo Olivo,R Olivo v Ye Lu,0,2016-06-17 08:08:50.004,7.6,2016-06-17 16:00:00,
1.125268331,4822931,Renzo Olivo,R Olivo v Ye Lu,10,2016-06-17 14:33:51.186,5.5,2016-06-17 14:36:00,
1.125268331,4822931,Renzo Olivo,R Olivo v Ye Lu,20,2016-06-17 14:37:56.955,5.4,2016-06-17 14:51:00,
1.125268331,4822931,Renzo Olivo,R Olivo v Ye Lu,30,2016-06-17 15:03:37.332,6.2,2016-06-17 15:06:00,
1.125268331,4822931,Renzo Olivo,R Olivo v Ye Lu,40,2016-06-17 18:06:35.870,4.6,2016-06-17 18:21:00,
1.125268331,4822931,Renzo Olivo,R Olivo v Ye Lu,50,2016-06-17 18:56:49.420,4.5,2016-06-17 19:06:00,
1.125268331,4822931,Renzo Olivo,R Olivo v Ye Lu,60,2016-06-17 20:53:05.460,5.3,2016-06-18 09:30:00,
1.125268331,4822931,Renzo Olivo,R Olivo v Ye Lu,70,2016-06-18 03:21:53.299,8.6,2016-06-18 09:30:00,
1.125268331,4822931,Renzo Olivo,R Olivo v Ye Lu,80,2016-06-18 04:15:56.294,11.0,2016-06-18 09:30:00,
1.125268331,4822931,Renzo Olivo,R Olivo v Ye Lu,90,2016-06-18 06:08:08.378,8.6,2016-06-18 09:30:00,
1.125268331,4822931,Renzo Olivo,R Olivo v Ye Lu,100,2016-06-18 09:11:50.692,8.0,2016-06-18 09:30:00,
1.125268331,8287128,Yen-Hsun Lu,R Olivo v Ye Lu,0,2016-06-17 04:34:12.436,1.22,2016-06-17 16:00:00,
1.125268331,8287128,Yen-Hsun Lu,R Olivo v Ye Lu,10,2016-06-17 14:15:08.352,1.14,2016-06-17 16:21:00,
1.125268331,8287128,Yen-Hsun Lu,R Olivo v Ye Lu,20,2016-06-17 14:45:52.813,1.15,2016-06-17 14:51:00,
1.125268331,8287128,Yen-Hsun Lu,R Olivo v Ye Lu,30,2016-06-17 16:12:51.531,1.12,2016-06-17 16:21:00,
1.125268331,8287128,Yen-Hsun Lu,R Olivo v Ye Lu,40,2016-06-17 19:01:37.128,1.13,2016-06-17 19:06:00,
1.125268331,8287128,Yen-Hsun Lu,R Olivo v Ye Lu,50,2016-06-18 02:32:55.931,1.17,2016-06-18 09:30:00,
1.125268331,8287128,Yen-Hsun Lu,R Olivo v Ye Lu,60,2016-06-18 03:03:40.449,1.13,2016-06-18 09:30:00,
1.125268331,8287128,Yen-Hsun Lu,R Olivo v Ye Lu,70,2016-06-18 04:15:56.294,1.1,2016-06-18 09:30:00,
1.125268331,8287128,Yen-Hsun Lu,R Olivo v Ye Lu,80,2016-06-18 08:14:46.138,1.12,2016-06-18 09:30:00,
1.125268331,8287128,Yen-Hsun Lu,R Olivo v Ye Lu,90,2016-06-18 08:47:52.548,1.14,2016-06-18 09:30:00,
1.125268331,8287128,Yen-Hsun Lu,R Olivo v Ye Lu,100,2016-06-18 09:29:39.324,1.12,2016-06-18 09:30:00,
1.125268342,2264530,Kirsten Flipkens,Flipkens v Cepede Royg,0,2016-06-16 20:47:25.199,1.53,2016-06-17 12:00:00,
1.125268342,2264530,Kirsten Flipkens,Flipkens v Cepede Royg,10,2016-06-17 05:36:00.132,1.47,2016-06-17 12:00:00,
1.125268342,2264530,Kirsten Flipkens,Flipkens v Cepede Royg,20,2016-06-17 07:26:47.661,1.49,2016-06-17 12:00:00,
1.125268342,2264530,Kirsten Flipkens,Flipkens v Cepede Royg,30,2016-06-17 08:06:10.105,1.47,2016-06-17 12:00:00,
1.125268342,2264530,Kirsten Flipkens,Flipkens v Cepede Royg,40,2016-06-17 09:47:36.546,1.48,2016-06-17 12:00:00,
1.125268342,2264530,Kirsten Flipkens,Flipkens v Cepede Royg,50,2016-06-17 09:56:02.254,1.48,2016-06-17 12:00:00,
1.125268342,2264530,Kirsten Flipkens,Flipkens v Cepede Royg,60,2016-06-17 10:07:15.636,1.48,2016-06-17 12:00:00,
1.125268342,2264530,Kirsten Flipkens,Flipkens v Cepede Royg,70,2016-06-17 11:06:17.060,1.46,2016-06-17 12:00:00,
1.125268342,2264530,Kirsten Flipkens,Flipkens v Cepede Royg,80,2016-06-17 11:31:54.505,1.46,2016-06-17 12:00:00,
1.125268342,2264530,Kirsten Flipkens,Flipkens v Cepede Royg,90,2016-06-17 11:38:21.793,1.48,2016-06-17 12:00:00,
1.125268342,2264530,Kirsten Flipkens,Flipkens v Cepede Royg,100,2016-06-17 11:54:25.754,1.46,2016-06-17 12:00:00,
1.125268342,6400531,Veronica Cepede Royg,Flipkens v Cepede Royg,0,2016-06-16 20:47:25.199,2.88,2016-06-17 12:00:00,
1.125268342,6400531,Veronica Cepede Royg,Flipkens v Cepede Royg,10,2016-06-16 23:06:15.142,2.9,2016-06-17 12:00:00,
1.125268342,6400531,Veronica Cepede Royg,Flipkens v Cepede Royg,20,2016-06-17 04:48:25.281,3.05,2016-06-17 12:00:00,
1.125268342,6400531,Veronica Cepede Royg,Flipkens v Cepede Royg,30,2016-06-17 09:01:07.906,3.05,2016-06-17 12:00:00,
1.125268342,6400531,Veronica Cepede Royg,Flipkens v Cepede Royg,40,2016-06-17 09:54:43.508,3.1,2016-06-17 12:00:00,
1.125268342,6400531,Veronica Cepede Royg,Flipkens v Cepede Royg,50,2016-06-17 10:07:15.636,3.0,2016-06-17 12:00:00,
1.125268342,6400531,Veronica Cepede Royg,Flipkens v Cepede Royg,60,2016-06-17 10:14:17.285,3.15,2016-06-17 12:00:00,
1.125268342,6400531,Veronica Cepede Royg,Flipkens v Cepede Royg,70,2016-06-17 11:26:25.044,3.2,2016-06-17 12:00:00,
1.125268342,6400531,Veronica Cepede Royg,Flipkens v Cepede Royg,80,2016-06-17 11:39:25.188,3.1,2016-06-17 12:00:00,
1.125268342,6400531,Veronica Cepede Royg,Flipkens v Cepede Royg,90,2016-06-17 11:40:55.255,3.05,2016-06-17 12:00:00,
1.125268342,6400531,Veronica Cepede Royg,Flipkens v Cepede Royg,100,2016-06-17 11:53:19.114,3.05,2016-06-17 12:00:00,
1.125268536,2257302,Philipp Kohlschreiber,Kohlschreiber v D Thiem,0,2016-06-16 19:50:56.399,2.14,2016-06-17 14:00:00,
1.125268536,2257302,Philipp Kohlschreiber,Kohlschreiber v D Thiem,10,2016-06-16 21:31:35.534,2.06,2016-06-17 14:00:00,
1.125268536,2257302,Philipp Kohlschreiber,Kohlschreiber v D Thiem,20,2016-06-17 03:51:19.898,2.08,2016-06-17 14:00:00,
1.125268536,2257302,Philipp Kohlschreiber,Kohlschreiber v D Thiem,30,2016-06-17 04:27:20.126,2.08,2016-06-17 14:00:00,
1.125268536,2257302,Philipp Kohlschreiber,Kohlschreiber v D Thiem,40,2016-06-17 06:11:05.505,2.04,2016-06-17 14:00:00,
1.125268536,2257302,Philipp Kohlschreiber,Kohlschreiber v D Thiem,50,2016-06-17 06:53:58.818,2.1,2016-06-17 14:00:00,
1.125268536,2257302,Philipp Kohlschreiber,Kohlschreiber v D Thiem,60,2016-06-17 07:29:51.460,2.1,2016-06-17 14:00:00,
1.125268536,2257302,Philipp Kohlschreiber,Kohlschreiber v D Thiem,70,2016-06-17 08:18:03.596,2.1,2016-06-17 14:00:00,
1.125268536,2257302,Philipp Kohlschreiber,Kohlschreiber v D Thiem,80,2016-06-17 11:14:58.827,2.1,2016-06-17 13:52:00,
1.125268536,2257302,Philipp Kohlschreiber,Kohlschreiber v D Thiem,90,2016-06-17 12:45:54.063,2.06,2016-06-17 13:51:00,
1.125268536,2257302,Philipp Kohlschreiber,Kohlschreiber v D Thiem,100,2016-06-17 13:00:56.903,2.06,2016-06-17 13:51:00,
1.125268536,5720747,Dominic Thiem,Kohlschreiber v D Thiem,0,2016-06-16 19:50:56.399,1.88,2016-06-17 14:00:00,
1.125268536,5720747,Dominic Thiem,Kohlschreiber v D Thiem,10,2016-06-16 21:51:48.201,1.88,2016-06-17 14:00:00,
1.125268536,5720747,Dominic Thiem,Kohlschreiber v D Thiem,20,2016-06-16 23:27:46.769,1.91,2016-06-17 14:00:00,
1.125268536,5720747,Dominic Thiem,Kohlschreiber v D Thiem,30,2016-06-17 06:20:43.490,1.95,2016-06-17 14:00:00,
1.125268536,5720747,Dominic Thiem,Kohlschreiber v D Thiem,40,2016-06-17 07:04:14.614,1.91,2016-06-17 14:00:00,
1.125268536,5720747,Dominic Thiem,Kohlschreiber v D Thiem,50,2016-06-17 08:16:36.546,1.9,2016-06-17 14:00:00,
1.125268536,5720747,Dominic Thiem,Kohlschreiber v D Thiem,60,2016-06-17 10:07:21.983,1.89,2016-06-17 13:52:00,
1.125268536,5720747,Dominic Thiem,Kohlschreiber v D Thiem,70,2016-06-17 11:22:56.640,1.91,2016-06-17 13:52:00,
1.125268536,5720747,Dominic Thiem,Kohlschreiber v D Thiem,80,2016-06-17 11:46:11.424,1.9,2016-06-17 13:52:00,
1.125268536,5720747,Dominic Thiem,Kohlschreiber v D Thiem,90,2016-06-17 12:10:27.781,1.9,2016-06-17 13:51:00,
1.125268536,5720747,Dominic Thiem,Kohlschreiber v D Thiem,100,2016-06-17 13:01:58.555,1.92,2016-06-17 13:51:00,2016-06-17 13:01:58.555
1.125268601,2759763,Brydan Klein,B Klein v R Harrison,0,2016-06-17 07:40:22.515,2.58,2016-06-17 12:00:00,
1.125268601,2759763,Brydan Klein,B Klein v R Harrison,10,2016-06-17 20:34:03.733,2.76,2016-06-18 10:45:00,2016-06-17 14:29:05.996
1.125268601,2759763,Brydan Klein,B Klein v R Harrison,20,2016-06-17 21:07:01.786,2.72,2016-06-18 10:45:00,2016-06-17 14:29:05.996
1.125268601,2759763,Brydan Klein,B Klein v R Harrison,30,2016-06-17 22:17:54.757,2.72,2016-06-18 10:45:00,2016-06-17 14:29:05.996
1.125268601,2759763,Brydan Klein,B Klein v R Harrison,40,2016-06-18 01:11:29.768,2.66,2016-06-18 10:45:00,2016-06-17 14:29:05.996
1.125268601,2759763,Brydan Klein,B Klein v R Harrison,50,2016-06-18 03:56:04.960,2.68,2016-06-18 10:45:00,2016-06-17 14:29:05.996
1.125268601,2759763,Brydan Klein,B Klein v R Harrison,60,2016-06-18 06:07:03.773,2.64,2016-06-18 10:45:00,2016-06-17 14:29:05.996
1.125268601,2759763,Brydan Klein,B Klein v R Harrison,70,2016-06-18 07:23:01.620,2.66,2016-06-18 10:45:00,2016-06-17 14:29:05.996
1.125268601,2759763,Brydan Klein,B Klein v R Harrison,80,2016-06-18 08:51:41.974,2.58,2016-06-18 10:45:00,2016-06-17 14:29:05.996
1.125268601,2759763,Brydan Klein,B Klein v R Harrison,90,2016-06-18 09:56:52.830,2.6,2016-06-18 10:45:00,2016-06-17 14:29:05.996
1.125268601,2759763,Brydan Klein,B Klein v R Harrison,100,2016-06-18 10:52:53.329,2.7,2016-06-18 11:00:00,2016-06-17 14:29:05.996
1.125268601,2923247,Ryan Harrison,B Klein v R Harrison,0,2016-06-17 01:48:38.528,1.55,2016-06-17 12:00:00,
1.125268601,2923247,Ryan Harrison,B Klein v R Harrison,10,2016-06-17 19:58:34.567,1.57,2016-06-18 10:45:00,2016-06-17 14:29:05.996
1.125268601,2923247,Ryan Harrison,B Klein v R Harrison,20,2016-06-17 20:55:05.054,1.56,2016-06-18 10:45:00,2016-06-17 14:29:05.996
1.125268601,2923247,Ryan Harrison,B Klein v R Harrison,30,2016-06-17 21:20:06.852,1.57,2016-06-18 10:45:00,2016-06-17 14:29:05.996
1.125268601,2923247,Ryan Harrison,B Klein v R Harrison,40,2016-06-17 22:12:49.822,1.59,2016-06-18 10:45:00,2016-06-17 14:29:05.996
1.125268601,2923247,Ryan Harrison,B Klein v R Harrison,50,2016-06-18 00:22:12.923,1.58,2016-06-18 10:45:00,2016-06-17 14:29:05.996
1.125268601,2923247,Ryan Harrison,B Klein v R Harrison,60,2016-06-18 03:51:16.498,1.59,2016-06-18 10:45:00,2016-06-17 14:29:05.996
1.125268601,2923247,Ryan Harrison,B Klein v R Harrison,70,2016-06-18 05:13:32.456,1.59,2016-06-18 10:45:00,2016-06-17 14:29:05.996
1.125268601,2923247,Ryan Harrison,B Klein v R Harrison,80,2016-06-18 07:05:07.228,1.6,2016-06-18 10:45:00,2016-06-17 14:29:05.996
1.125268601,2923247,Ryan Harrison,B Klein v R Harrison,90,2016-06-18 09:00:32.382,1.6,2016-06-18 10:45:00,2016-06-17 14:29:05.996
1.125268601,2923247,Ryan Harrison,B Klein v R Harrison,100,2016-06-18 10:52:53.329,1.58,2016-06-18 11:00:00,2016-06-17 14:29:05.996
1.125268628,2249841,Ana Ivanovic,A Ivanovic v Caro Garcia,0,2016-06-16 23:12:29.353,1.8,2016-06-17 14:00:00,
1.125268628,2249841,Ana Ivanovic,A Ivanovic v Caro Garcia,10,2016-06-17 07:26:21.449,1.93,2016-06-17 14:00:00,
1.125268628,2249841,Ana Ivanovic,A Ivanovic v Caro Garcia,20,2016-06-17 08:54:55.031,1.87,2016-06-17 14:00:00,
1.125268628,2249841,Ana Ivanovic,A Ivanovic v Caro Garcia,30,2016-06-17 09:16:43.640,1.9,2016-06-17 14:00:00,
1.125268628,2249841,Ana Ivanovic,A Ivanovic v Caro Garcia,40,2016-06-17 11:34:27.349,1.86,2016-06-17 14:00:00,
1.125268628,2249841,Ana Ivanovic,A Ivanovic v Caro Garcia,50,2016-06-17 12:35:22.418,1.9,2016-06-17 13:49:00,
1.125268628,2249841,Ana Ivanovic,A Ivanovic v Caro Garcia,60,2016-06-17 12:53:30.450,1.88,2016-06-17 13:49:00,
1.125268628,2249841,Ana Ivanovic,A Ivanovic v Caro Garcia,70,2016-06-17 13:06:40.917,1.86,2016-06-17 13:49:00,
1.125268628,2249841,Ana Ivanovic,A Ivanovic v Caro Garcia,80,2016-06-17 13:12:41.903,1.84,2016-06-17 13:49:00,
1.125268628,2249841,Ana Ivanovic,A Ivanovic v Caro Garcia,90,2016-06-17 13:25:40.996,1.88,2016-06-17 13:49:00,
1.125268628,2249841,Ana Ivanovic,A Ivanovic v Caro Garcia,100,2016-06-17 13:33:38.794,1.85,2016-06-17 13:49:00,
1.125268628,5248977,Caroline Garcia,A Ivanovic v Caro Garcia,0,2016-06-17 02:18:00.650,2.08,2016-06-17 14:00:00,
1.125268628,5248977,Caroline Garcia,A Ivanovic v Caro Garcia,10,2016-06-17 04:38:40.753,2.18,2016-06-17 14:00:00,
1.125268628,5248977,Caroline Garcia,A Ivanovic v Caro Garcia,20,2016-06-17 07:34:17.146,2.1,2016-06-17 14:00:00,
1.125268628,5248977,Caroline Garcia,A Ivanovic v Caro Garcia,30,2016-06-17 08:00:49.638,2.1,2016-06-17 14:00:00,
1.125268628,5248977,Caroline Garcia,A Ivanovic v Caro Garcia,40,2016-06-17 09:03:23.934,2.18,2016-06-17 14:00:00,
1.125268628,5248977,Caroline Garcia,A Ivanovic v Caro Garcia,50,2016-06-17 09:49:22.773,2.08,2016-06-17 14:00:00,
1.125268628,5248977,Caroline Garcia,A Ivanovic v Caro Garcia,60,2016-06-17 10:43:02.321,2.12,2016-06-17 14:00:00,
1.125268628,5248977,Caroline Garcia,A Ivanovic v Caro Garcia,70,2016-06-17 12:52:35.422,2.12,2016-06-17 13:49:00,
1.125268628,5248977,Caroline Garcia,A Ivanovic v Caro Garcia,80,2016-06-17 13:05:23.220,2.14,2016-06-17 13:49:00,
1.125268628,5248977,Caroline Garcia,A Ivanovic v Caro Garcia,90,2016-06-17 13:29:22.112,2.12,2016-06-17 13:49:00,
1.125268628,5248977,Caroline Garcia,A Ivanovic v Caro Garcia,100,2016-06-17 13:33:38.794,2.16,2016-06-17 13:49:00,
1.125268889,2475803,Michal Przysiezny,Halys v Przysiezny,0,2016-06-17 06:46:38.769,2.06,2016-06-17 13:00:00,
1.125268889,2475803,Michal Przysiezny,Halys v Przysiezny,10,2016-06-17 08:36:33.802,2.02,2016-06-17 13:00:00,
1.125268889,2475803,Michal Przysiezny,Halys v Przysiezny,20,2016-06-17 11:04:51.536,2.18,2016-06-17 13:00:00,
1.125268889,2475803,Michal Przysiezny,Halys v Przysiezny,30,2016-06-17 14:12:24.441,2.12,2016-06-17 14:15:00,
1.125268889,2475803,Michal Przysiezny,Halys v Przysiezny,40,2016-06-17 17:17:58.306,2.22,2016-06-17 17:30:00,
1.125268889,2475803,Michal Przysiezny,Halys v Przysiezny,50,2016-06-17 18:36:42.408,2.28,2016-06-17 18:45:00,
1.125268889,2475803,Michal Przysiezny,Halys v Przysiezny,60,2016-06-17 19:08:50.588,2.1,2016-06-17 19:15:00,
1.125268889,2475803,Michal Przysiezny,Halys v Przysiezny,70,2016-06-17 21:03:21.514,2.16,2016-06-18 09:30:00,
1.125268889,2475803,Michal Przysiezny,Halys v Przysiezny,80,2016-06-18 06:22:48.693,2.18,2016-06-18 09:30:00,
1.125268889,2475803,Michal Przysiezny,Halys v Przysiezny,90,2016-06-18 08:40:51.286,2.18,2016-06-18 09:30:00,
1.125268889,2475803,Michal Przysiezny,Halys v Przysiezny,100,2016-06-18 09:30:45.358,2.34,2016-06-18 09:45:00,
1.125268889,7287690,Quentin Halys,Halys v Przysiezny,0,2016-06-17 02:37:28.508,1.78,2016-06-17 13:00:00,
1.125268889,7287690,Quentin Halys,Halys v Przysiezny,10,2016-06-17 09:57:57.442,1.87,2016-06-17 13:00:00,
1.125268889,7287690,Quentin Halys,Halys v Przysiezny,20,2016-06-17 11:03:56.640,1.86,2016-06-17 13:00:00,
1.125268889,7287690,Quentin Halys,Halys v Przysiezny,30,2016-06-17 12:49:49.131,1.86,2016-06-17 13:00:00,
1.125268889,7287690,Quentin Halys,Halys v Przysiezny,40,2016-06-17 14:11:55.317,1.82,2016-06-17 14:15:00,
1.125268889,7287690,Quentin Halys,Halys v Przysiezny,50,2016-06-17 18:00:42.711,1.78,2016-06-17 18:15:00,
1.125268889,7287690,Quentin Halys,Halys v Przysiezny,60,2016-06-17 19:25:10.680,1.77,2016-06-18 09:30:00,
1.125268889,7287690,Quentin Halys,Halys v Przysiezny,70,2016-06-18 07:30:09.923,1.78,2016-06-18 09:30:00,
1.125268889,7287690,Quentin Halys,Halys v Przysiezny,80,2016-06-18 08:53:57.836,1.79,2016-06-18 09:30:00,
1.125268889,7287690,Quentin Halys,Halys v Przysiezny,90,2016-06-18 09:16:57.413,1.79,2016-06-18 09:30:00,
1.125268889,7287690,Quentin Halys,Halys v Przysiezny,100,2016-06-18 09:30:45.358,1.74,2016-06-18 09:45:00,
1.125269989,6603898,Radu Albot,Du Lee v Albot,0,2016-06-17 20:19:06.340,1.48,2016-06-18 06:30:00,
1.125269989,6603898,Radu Albot,Du Lee v Albot,10,2016-06-18 00:07:48.715,1.45,2016-06-18 06:30:00,
1.125269989,6603898,Radu Albot,Du Lee v Albot,20,2016-06-18 01:56:49.554,1.44,2016-06-18 06:30:00,
1.125269989,6603898,Radu Albot,Du Lee v Albot,30,2016-06-18 03:38:16.632,1.45,2016-06-18 06:30:00,
1.125269989,6603898,Radu Albot,Du Lee v Albot,40,2016-06-18 04:53:33.280,1.45,2016-06-18 06:30:00,
1.125269989,6603898,Radu Albot,Du Lee v Albot,50,2016-06-18 05:00:26.023,1.45,2016-06-18 06:30:00,
1.125269989,6603898,Radu Albot,Du Lee v Albot,60,2016-06-18 05:15:16.447,1.41,2016-06-18 06:30:00,
1.125269989,6603898,Radu Albot,Du Lee v Albot,70,2016-06-18 05:36:12.527,1.42,2016-06-18 06:30:00,
1.125269989,6603898,Radu Albot,Du Lee v Albot,80,2016-06-18 06:02:23.350,1.41,2016-06-18 06:30:00,
1.125269989,6603898,Radu Albot,Du Lee v Albot,90,2016-06-18 06:15:31.350,1.41,2016-06-18 06:30:00,
1.125269989,6603898,Radu Albot,Du Lee v Albot,100,2016-06-18 06:19:01.281,1.41,2016-06-18 06:30:00,
1.125270034,4105819,Milos Raonic,Bautista Agut v Raonic,0,2016-06-17 10:49:10.181,1.4,2016-06-17 14:30:00,
1.125270034,4105819,Milos Raonic,Bautista Agut v Raonic,10,2016-06-17 11:20:54.569,1.36,2016-06-17 14:30:00,
1.125270034,4105819,Milos Raonic,Bautista Agut v Raonic,20,2016-06-17 13:01:21.233,1.36,2016-06-17 15:16:00,
1.125270034,4105819,Milos Raonic,Bautista Agut v Raonic,30,2016-06-17 13:24:54.323,1.39,2016-06-17 15:02:00,
1.125270034,4105819,Milos Raonic,Bautista Agut v Raonic,40,2016-06-17 13:27:19.644,1.37,2016-06-17 15:02:00,
1.125270034,4105819,Milos Raonic,Bautista Agut v Raonic,50,2016-06-17 13:44:49.304,1.38,2016-06-17 15:02:00,
1.125270034,4105819,Milos Raonic,Bautista Agut v Raonic,60,2016-06-17 14:19:15.924,1.37,2016-06-17 15:02:00,
1.125270034,4105819,Milos Raonic,Bautista Agut v Raonic,70,2016-06-17 15:02:12.762,1.32,2016-06-17 15:17:00,
1.125270034,4105819,Milos Raonic,Bautista Agut v Raonic,80,2016-06-17 15:08:20.781,1.37,2016-06-17 15:17:00,
1.125270034,4105819,Milos Raonic,Bautista Agut v Raonic,90,2016-06-17 15:10:16.555,1.35,2016-06-17 15:17:00,
1.125270034,4105819,Milos Raonic,Bautista Agut v Raonic,100,2016-06-17 15:13:14.595,1.33,2016-06-17 15:17:00,
1.125270034,4290403,Roberto Bautista Agut,Bautista Agut v Raonic,0,2016-06-17 12:27:04.168,3.4,2016-06-17 14:30:00,
1.125270034,4290403,Roberto Bautista Agut,Bautista Agut v Raonic,10,2016-06-17 13:24:54.323,3.55,2016-06-17 15:02:00,
1.125270034,4290403,Roberto Bautista Agut,Bautista Agut v Raonic,20,2016-06-17 13:26:19.367,3.5,2016-06-17 15:02:00,
1.125270034,4290403,Roberto Bautista Agut,Bautista Agut v Raonic,30,2016-06-17 13:29:51.560,3.75,2016-06-17 15:02:00,
1.125270034,4290403,Roberto Bautista Agut,Bautista Agut v Raonic,40,2016-06-17 13:33:20.356,3.5,2016-06-17 15:02:00,
1.125270034,4290403,Roberto Bautista Agut,Bautista Agut v Raonic,50,2016-06-17 14:06:14.166,3.6,2016-06-17 15:02:00,
1.125270034,4290403,Roberto Bautista Agut,Bautista Agut v Raonic,60,2016-06-17 14:54:19.681,3.75,2016-06-17 15:02:00,
1.125270034,4290403,Roberto Bautista Agut,Bautista Agut v Raonic,70,2016-06-17 14:56:17.814,3.65,2016-06-17 15:02:00,
1.125270034,4290403,Roberto Bautista Agut,Bautista Agut v Raonic,80,2016-06-17 15:00:15.896,3.8,2016-06-17 15:17:00,
1.125270034,4290403,Roberto Bautista Agut,Bautista Agut v Raonic,90,2016-06-17 15:12:01.830,3.75,2016-06-17 15:17:00,
1.125270034,4290403,Roberto Bautista Agut,Bautista Agut v Raonic,100,2016-06-17 15:14:13.756,3.9,2016-06-17 15:17:00,
1.125270093,5011822,Konstantin Kravchuk,Kravchuk v N Milojevic,0,2016-06-17 20:19:06.295,1.5,2016-06-18 08:30:00,
1.125270093,5011822,Konstantin Kravchuk,Kravchuk v N Milojevic,10,2016-06-17 22:49:20.427,1.51,2016-06-18 08:30:00,
1.125270093,5011822,Konstantin Kravchuk,Kravchuk v N Milojevic,20,2016-06-18 01:59:22.385,1.52,2016-06-18 08:30:00,
1.125270093,5011822,Konstantin Kravchuk,Kravchuk v N Milojevic,30,2016-06-18 04:15:36.435,1.44,2016-06-18 08:30:00,
1.125270093,5011822,Konstantin Kravchuk,Kravchuk v N Milojevic,40,2016-06-18 07:25:20.165,1.43,2016-06-18 08:23:00,
1.125270093,5011822,Konstantin Kravchuk,Kravchuk v N Milojevic,50,2016-06-18 08:11:35.859,1.43,2016-06-18 08:23:00,
1.125270093,5011822,Konstantin Kravchuk,Kravchuk v N Milojevic,60,2016-06-18 08:19:06.085,1.43,2016-06-18 08:23:00,
1.125270093,5011822,Konstantin Kravchuk,Kravchuk v N Milojevic,70,2016-06-18 08:29:23.502,1.45,2016-06-18 08:38:00,
1.125270093,5011822,Konstantin Kravchuk,Kravchuk v N Milojevic,80,2016-06-18 08:32:49.702,1.45,2016-06-18 08:38:00,
1.125270093,5011822,Konstantin Kravchuk,Kravchuk v N Milojevic,90,2016-06-18 08:58:28.681,1.49,2016-06-18 09:08:00,
1.125270093,5011822,Konstantin Kravchuk,Kravchuk v N Milojevic,100,2016-06-18 09:03:12.053,1.46,2016-06-18 09:08:00,
1.125270556,2411840,Angelique Kerber,SuÁrez Navarro v Kerber,0,2016-06-17 12:39:03.847,1.29,2016-06-17 15:44:00,
1.125270556,2411840,Angelique Kerber,SuÁrez Navarro v Kerber,10,2016-06-17 12:51:31.058,1.31,2016-06-17 15:44:00,
1.125270556,2411840,Angelique Kerber,SuÁrez Navarro v Kerber,20,2016-06-17 13:42:19.242,1.3,2016-06-17 15:25:00,
1.125270556,2411840,Angelique Kerber,SuÁrez Navarro v Kerber,30,2016-06-17 14:17:52.549,1.29,2016-06-17 15:25:00,
1.125270556,2411840,Angelique Kerber,SuÁrez Navarro v Kerber,40,2016-06-17 14:53:59.518,1.29,2016-06-17 15:25:00,
1.125270556,2411840,Angelique Kerber,SuÁrez Navarro v Kerber,50,2016-06-17 15:00:36.224,1.3,2016-06-17 15:25:00,
1.125270556,2411840,Angelique Kerber,SuÁrez Navarro v Kerber,60,2016-06-17 15:15:42.972,1.32,2016-06-17 15:25:00,
1.125270556,2411840,Angelique Kerber,SuÁrez Navarro v Kerber,70,2016-06-17 15:18:42.200,1.34,2016-06-17 15:25:00,
1.125270556,2411840,Angelique Kerber,SuÁrez Navarro v Kerber,80,2016-06-17 15:29:33.566,1.33,2016-06-17 15:40:00,
1.125270556,2411840,Angelique Kerber,SuÁrez Navarro v Kerber,90,2016-06-17 15:33:38.898,1.35,2016-06-17 15:40:00,
1.125270556,2411840,Angelique Kerber,SuÁrez Navarro v Kerber,100,2016-06-17 15:37:38.219,1.32,2016-06-17 15:40:00,
1.125281604,8942538,Herbert/Mahut,Herbert/Mahut v Erlich/Fleming,0,2016-06-17 18:31:32.123,1.33,2016-06-18 16:15:00,
1.125281604,8942538,Herbert/Mahut,Herbert/Mahut v Erlich/Fleming,10,2016-06-17 18:38:29.440,1.32,2016-06-18 16:15:00,
1.125281604,8942538,Herbert/Mahut,Herbert/Mahut v Erlich/Fleming,20,2016-06-18 09:26:37.657,1.33,2016-06-18 16:15:00,
1.125281604,8942538,Herbert/Mahut,Herbert/Mahut v Erlich/Fleming,30,2016-06-18 12:08:14.589,1.31,2016-06-18 16:04:00,
1.125281604,8942538,Herbert/Mahut,Herbert/Mahut v Erlich/Fleming,40,2016-06-18 12:53:44.923,1.29,2016-06-18 16:04:00,
1.125281604,8942538,Herbert/Mahut,Herbert/Mahut v Erlich/Fleming,50,2016-06-18 13:18:25.844,1.33,2016-06-18 16:04:00,
1.125281604,8942538,Herbert/Mahut,Herbert/Mahut v Erlich/Fleming,60,2016-06-18 14:30:08.524,1.26,2016-06-18 16:44:00,
1.125281604,8942538,Herbert/Mahut,Herbert/Mahut v Erlich/Fleming,70,2016-06-18 14:38:31.352,1.27,2016-06-18 16:33:00,
1.125281604,8942538,Herbert/Mahut,Herbert/Mahut v Erlich/Fleming,80,2016-06-18 15:02:36.279,1.35,2016-06-18 16:33:00,
1.125281604,8942538,Herbert/Mahut,Herbert/Mahut v Erlich/Fleming,90,2016-06-18 15:30:45.123,1.29,2016-06-18 16:33:00,
1.125281604,8942538,Herbert/Mahut,Herbert/Mahut v Erlich/Fleming,100,2016-06-18 15:59:09.093,1.28,2016-06-18 16:07:00,
1.125281803,2251402,Roger Federer,Federer v A Zverev,0,2016-06-17 13:54:25.484,1.25,2016-06-18 12:00:00,
1.125281803,2251402,Roger Federer,Federer v A Zverev,10,2016-06-17 18:45:55.368,1.32,2016-06-18 10:00:00,
1.125281803,2251402,Roger Federer,Federer v A Zverev,20,2016-06-17 20:55:11.119,1.25,2016-06-18 10:00:00,
1.125281803,2251402,Roger Federer,Federer v A Zverev,30,2016-06-17 23:10:48.981,1.25,2016-06-18 10:00:00,
1.125281803,2251402,Roger Federer,Federer v A Zverev,40,2016-06-18 02:04:32.404,1.26,2016-06-18 10:00:00,
1.125281803,2251402,Roger Federer,Federer v A Zverev,50,2016-06-18 03:49:55.438,1.25,2016-06-18 10:00:00,
1.125281803,2251402,Roger Federer,Federer v A Zverev,60,2016-06-18 05:55:34.750,1.25,2016-06-18 10:00:00,
1.125281803,2251402,Roger Federer,Federer v A Zverev,70,2016-06-18 07:47:55.124,1.24,2016-06-18 10:00:00,
1.125281803,2251402,Roger Federer,Federer v A Zverev,80,2016-06-18 08:56:30.458,1.22,2016-06-18 10:00:00,
1.125281803,2251402,Roger Federer,Federer v A Zverev,90,2016-06-18 09:30:32.552,1.23,2016-06-18 10:00:00,
1.125281803,2251402,Roger Federer,Federer v A Zverev,100,2016-06-18 09:54:36.131,1.22,2016-06-18 10:00:00,
1.125281803,7430944,Alexander Zverev,Federer v A Zverev,0,2016-06-17 13:54:25.484,5.0,2016-06-18 12:00:00,
1.125281803,7430944,Alexander Zverev,Federer v A Zverev,10,2016-06-17 19:23:37.191,4.4,2016-06-18 10:00:00,
1.125281803,7430944,Alexander Zverev,Federer v A Zverev,20,2016-06-17 21:50:38.003,5.0,2016-06-18 10:00:00,
1.125281803,7430944,Alexander Zverev,Federer v A Zverev,30,2016-06-18 00:11:22.664,4.8,2016-06-18 10:00:00,
1.125281803,7430944,Alexander Zverev,Federer v A Zverev,40,2016-06-18 03:31:14.994,5.1,2016-06-18 10:00:00,
1.125281803,7430944,Alexander Zverev,Federer v A Zverev,50,2016-06-18 06:05:41.157,5.1,2016-06-18 10:00:00,
1.125281803,7430944,Alexander Zverev,Federer v A Zverev,60,2016-06-18 08:12:09.783,5.3,2016-06-18 10:00:00,
1.125281803,7430944,Alexander Zverev,Federer v A Zverev,70,2016-06-18 08:52:37.500,5.5,2016-06-18 10:00:00,
1.125281803,7430944,Alexander Zverev,Federer v A Zverev,80,2016-06-18 09:15:30.793,5.5,2016-06-18 10:00:00,
1.125281803,7430944,Alexander Zverev,Federer v A Zverev,90,2016-06-18 09:39:35.331,5.5,2016-06-18 10:00:00,
1.125281803,7430944,Alexander Zverev,Federer v A Zverev,100,2016-06-18 09:54:36.131,5.6,2016-06-18 10:00:00,
1.125281818,2328051,Coco Vandeweghe,Vandeweghe v Wickmayer,0,2016-06-17 14:19:33.943,1.4,2016-06-17 15:30:00,
1.125281818,2328051,Coco Vandeweghe,Vandeweghe v Wickmayer,10,2016-06-17 15:10:39.697,1.42,2016-06-17 15:30:00,
1.125281818,2328051,Coco Vandeweghe,Vandeweghe v Wickmayer,20,2016-06-17 15:16:32.009,1.47,2016-06-17 15:30:00,
1.125281818,2328051,Coco Vandeweghe,Vandeweghe v Wickmayer,30,2016-06-17 15:23:37.816,1.37,2016-06-17 15:30:00,
1.125281818,2328051,Coco Vandeweghe,Vandeweghe v Wickmayer,40,2016-06-17 15:34:42.052,1.43,2016-06-17 15:45:00,
1.125281818,2328051,Coco Vandeweghe,Vandeweghe v Wickmayer,50,2016-06-17 15:38:33.676,1.38,2016-06-17 15:45:00,
1.125281818,2328051,Coco Vandeweghe,Vandeweghe v Wickmayer,60,2016-06-17 15:44:36.579,1.39,2016-06-17 16:00:00,
1.125281818,2328051,Coco Vandeweghe,Vandeweghe v Wickmayer,70,2016-06-17 15:46:41.341,1.4,2016-06-17 16:00:00,
1.125281818,2328051,Coco Vandeweghe,Vandeweghe v Wickmayer,80,2016-06-17 16:18:41.147,1.44,2016-06-17 16:30:00,
1.125281818,2328051,Coco Vandeweghe,Vandeweghe v Wickmayer,90,2016-06-17 16:21:37.514,1.45,2016-06-17 16:30:00,
1.125281818,2328051,Coco Vandeweghe,Vandeweghe v Wickmayer,100,2016-06-17 16:23:43.293,1.42,2016-06-17 16:30:00,
1.125281818,2386943,Yanina Wickmayer,Vandeweghe v Wickmayer,0,2016-06-17 14:19:33.943,3.5,2016-06-17 15:30:00,
1.125281818,2386943,Yanina Wickmayer,Vandeweghe v Wickmayer,10,2016-06-17 14:29:25.671,3.3,2016-06-17 15:30:00,
1.125281818,2386943,Yanina Wickmayer,Vandeweghe v Wickmayer,20,2016-06-17 15:16:32.009,3.1,2016-06-17 15:30:00,
1.125281818,2386943,Yanina Wickmayer,Vandeweghe v Wickmayer,30,2016-06-17 15:19:41.333,3.4,2016-06-17 15:30:00,
1.125281818,2386943,Yanina Wickmayer,Vandeweghe v Wickmayer,40,2016-06-17 15:20:31.378,3.35,2016-06-17 15:30:00,
1.125281818,2386943,Yanina Wickmayer,Vandeweghe v Wickmayer,50,2016-06-17 15:24:42.392,3.15,2016-06-17 15:30:00,
1.125281818,2386943,Yanina Wickmayer,Vandeweghe v Wickmayer,60,2016-06-17 15:30:43.218,3.3,2016-06-17 15:45:00,
1.125281818,2386943,Yanina Wickmayer,Vandeweghe v Wickmayer,70,2016-06-17 15:40:31.166,3.45,2016-06-17 15:45:00,
1.125281818,2386943,Yanina Wickmayer,Vandeweghe v Wickmayer,80,2016-06-17 15:57:33.216,3.25,2016-06-17 16:00:00,
1.125281818,2386943,Yanina Wickmayer,Vandeweghe v Wickmayer,90,2016-06-17 16:09:29.997,3.3,2016-06-17 16:15:00,
1.125281818,2386943,Yanina Wickmayer,Vandeweghe v Wickmayer,100,2016-06-17 16:18:41.147,3.2,2016-06-17 16:30:00,
1.125282184,7430086,Juan Ignacio Londero,Rola v Londero,0,2016-06-17 20:53:26.544,2.98,2016-06-18 12:30:00,
1.125282184,7430086,Juan Ignacio Londero,Rola v Londero,10,2016-06-17 21:04:42.937,3.0,2016-06-18 12:30:00,
1.125282184,7430086,Juan Ignacio Londero,Rola v Londero,20,2016-06-17 23:19:02.841,3.3,2016-06-18 12:30:00,
1.125282184,7430086,Juan Ignacio Londero,Rola v Londero,30,2016-06-18 08:57:01.226,3.4,2016-06-18 12:30:00,
1.125282184,7430086,Juan Ignacio Londero,Rola v Londero,40,2016-06-18 09:40:30.682,3.5,2016-06-18 12:30:00,
1.125282184,7430086,Juan Ignacio Londero,Rola v Londero,50,2016-06-18 11:14:44.195,2.68,2016-06-18 12:30:00,
1.125282184,7430086,Juan Ignacio Londero,Rola v Londero,60,2016-06-18 11:47:18.230,3.75,2016-06-18 12:30:00,
1.125282184,7430086,Juan Ignacio Londero,Rola v Londero,70,2016-06-18 12:13:31.913,3.6,2016-06-18 12:30:00,
1.125282184,7430086,Juan Ignacio Londero,Rola v Londero,80,2016-06-18 12:22:47.504,3.8,2016-06-18 12:30:00,
1.125282184,7430086,Juan Ignacio Londero,Rola v Londero,90,2016-06-18 12:24:30.490,3.9,2016-06-18 12:30:00,
1.125282184,7430086,Juan Ignacio Londero,Rola v Londero,100,2016-06-18 12:34:42.083,3.55,2016-06-18 12:45:00,
1.125282184,8174357,Blaz Rola,Rola v Londero,0,2016-06-17 21:04:42.937,1.5,2016-06-18 12:30:00,
1.125282184,8174357,Blaz Rola,Rola v Londero,10,2016-06-18 08:57:01.226,1.41,2016-06-18 12:30:00,
1.125282184,8174357,Blaz Rola,Rola v Londero,20,2016-06-18 10:03:46.183,1.34,2016-06-18 12:30:00,
1.125282184,8174357,Blaz Rola,Rola v Londero,30,2016-06-18 11:05:20.591,1.41,2016-06-18 12:30:00,
1.125282184,8174357,Blaz Rola,Rola v Londero,40,2016-06-18 11:14:44.195,1.8,2016-06-18 12:30:00,
1.125282184,8174357,Blaz Rola,Rola v Londero,50,2016-06-18 11:26:47.638,1.33,2016-06-18 12:30:00,
1.125282184,8174357,Blaz Rola,Rola v Londero,60,2016-06-18 12:05:43.443,1.35,2016-06-18 12:30:00,
1.125282184,8174357,Blaz Rola,Rola v Londero,70,2016-06-18 12:13:31.913,1.38,2016-06-18 12:30:00,
1.125282184,8174357,Blaz Rola,Rola v Londero,80,2016-06-18 12:20:27.544,1.4,2016-06-18 12:30:00,
1.125282184,8174357,Blaz Rola,Rola v Londero,90,2016-06-18 12:24:30.490,1.34,2016-06-18 12:30:00,
1.125282184,8174357,Blaz Rola,Rola v Londero,100,2016-06-18 12:29:29.005,1.39,2016-06-18 12:30:00,
1.125282715,2256509,Andy Murray,A Murray v Ma Cilic,0,2016-06-17 16:32:12.650,1.19,2016-06-18 12:00:00,
1.125282715,2256509,Andy Murray,A Murray v Ma Cilic,10,2016-06-17 20:12:52.130,1.2,2016-06-18 12:15:00,
1.125282715,2256509,Andy Murray,A Murray v Ma Cilic,20,2016-06-17 21:51:42.302,1.18,2016-06-18 12:15:00,
1.125282715,2256509,Andy Murray,A Murray v Ma Cilic,30,2016-06-18 04:30:33.190,1.2,2016-06-18 12:15:00,
1.125282715,2256509,Andy Murray,A Murray v Ma Cilic,40,2016-06-18 06:50:47.107,1.2,2016-06-18 12:15:00,
1.125282715,2256509,Andy Murray,A Murray v Ma Cilic,50,2016-06-18 08:17:30.968,1.18,2016-06-18 12:15:00,
1.125282715,2256509,Andy Murray,A Murray v Ma Cilic,60,2016-06-18 09:30:37.260,1.19,2016-06-18 12:15:00,
1.125282715,2256509,Andy Murray,A Murray v Ma Cilic,70,2016-06-18 10:08:41.875,1.19,2016-06-18 12:15:00,
1.125282715,2256509,Andy Murray,A Murray v Ma Cilic,80,2016-06-18 10:45:39.551,1.19,2016-06-18 12:15:00,
1.125282715,2256509,Andy Murray,A Murray v Ma Cilic,90,2016-06-18 11:29:25.932,1.19,2016-06-18 12:15:00,
1.125282715,2256509,Andy Murray,A Murray v Ma Cilic,100,2016-06-18 12:03:51.608,1.18,2016-06-18 12:15:00,
1.125282715,2263681,Marin Cilic,A Murray v Ma Cilic,0,2016-06-17 18:12:27.603,5.7,2016-06-18 12:15:00,
1.125282715,2263681,Marin Cilic,A Murray v Ma Cilic,10,2016-06-17 20:59:25.379,6.6,2016-06-18 12:15:00,
1.125282715,2263681,Marin Cilic,A Murray v Ma Cilic,20,2016-06-17 23:23:42.078,6.4,2016-06-18 12:15:00,
1.125282715,2263681,Marin Cilic,A Murray v Ma Cilic,30,2016-06-18 07:06:29.787,6.4,2016-06-18 12:15:00,
1.125282715,2263681,Marin Cilic,A Murray v Ma Cilic,40,2016-06-18 09:27:49.364,6.2,2016-06-18 12:15:00,
1.125282715,2263681,Marin Cilic,A Murray v Ma Cilic,50,2016-06-18 09:58:24.881,6.4,2016-06-18 12:15:00,
1.125282715,2263681,Marin Cilic,A Murray v Ma Cilic,60,2016-06-18 10:20:51.661,6.4,2016-06-18 12:15:00,
1.125282715,2263681,Marin Cilic,A Murray v Ma Cilic,70,2016-06-18 11:06:46.280,6.2,2016-06-18 12:15:00,
1.125282715,2263681,Marin Cilic,A Murray v Ma Cilic,80,2016-06-18 11:25:42.082,6.2,2016-06-18 12:15:00,
1.125282715,2263681,Marin Cilic,A Murray v Ma Cilic,90,2016-06-18 11:50:50.474,6.4,2016-06-18 12:15:00,
1.125282715,2263681,Marin Cilic,A Murray v Ma Cilic,100,2016-06-18 12:01:47.588,6.2,2016-06-18 12:15:00,
1.125283213,2264530,Kirsten Flipkens,Flipkens v Caro Garcia,0,2016-06-17 19:35:47.842,2.34,2016-06-18 14:00:00,
1.125283213,2264530,Kirsten Flipkens,Flipkens v Caro Garcia,10,2016-06-17 20:36:07.402,2.32,2016-06-18 14:00:00,
1.125283213,2264530,Kirsten Flipkens,Flipkens v Caro Garcia,20,2016-06-17 22:00:23.011,2.5,2016-06-18 14:00:00,
1.125283213,2264530,Kirsten Flipkens,Flipkens v Caro Garcia,30,2016-06-18 01:01:07.986,2.54,2016-06-18 14:00:00,
1.125283213,2264530,Kirsten Flipkens,Flipkens v Caro Garcia,40,2016-06-18 03:28:25.898,2.66,2016-06-18 14:00:00,
1.125283213,2264530,Kirsten Flipkens,Flipkens v Caro Garcia,50,2016-06-18 05:41:49.933,2.68,2016-06-18 14:00:00,
1.125283213,2264530,Kirsten Flipkens,Flipkens v Caro Garcia,60,2016-06-18 09:44:12.115,2.62,2016-06-18 14:00:00,
1.125283213,2264530,Kirsten Flipkens,Flipkens v Caro Garcia,70,2016-06-18 11:09:24.929,2.62,2016-06-18 14:00:00,
1.125283213,2264530,Kirsten Flipkens,Flipkens v Caro Garcia,80,2016-06-18 12:19:52.016,2.6,2016-06-18 14:00:00,
1.125283213,2264530,Kirsten Flipkens,Flipkens v Caro Garcia,90,2016-06-18 13:20:05.610,2.62,2016-06-18 14:00:00,
1.125283213,2264530,Kirsten Flipkens,Flipkens v Caro Garcia,100,2016-06-18 13:29:05.598,2.6,2016-06-18 14:00:00,
1.125283213,5248977,Caroline Garcia,Flipkens v Caro Garcia,0,2016-06-17 22:20:02.618,1.65,2016-06-18 14:00:00,
1.125283213,5248977,Caroline Garcia,Flipkens v Caro Garcia,10,2016-06-18 01:16:43.384,1.63,2016-06-18 14:00:00,
1.125283213,5248977,Caroline Garcia,Flipkens v Caro Garcia,20,2016-06-18 05:41:49.933,1.59,2016-06-18 14:00:00,
1.125283213,5248977,Caroline Garcia,Flipkens v Caro Garcia,30,2016-06-18 07:37:53.380,1.56,2016-06-18 14:00:00,
1.125283213,5248977,Caroline Garcia,Flipkens v Caro Garcia,40,2016-06-18 08:23:31.651,1.58,2016-06-18 14:00:00,
1.125283213,5248977,Caroline Garcia,Flipkens v Caro Garcia,50,2016-06-18 09:14:54.238,1.62,2016-06-18 14:00:00,
1.125283213,5248977,Caroline Garcia,Flipkens v Caro Garcia,60,2016-06-18 11:07:44.993,1.6,2016-06-18 14:00:00,
1.125283213,5248977,Caroline Garcia,Flipkens v Caro Garcia,70,2016-06-18 12:26:09.343,1.62,2016-06-18 14:00:00,
1.125283213,5248977,Caroline Garcia,Flipkens v Caro Garcia,80,2016-06-18 12:54:10.408,1.63,2016-06-18 14:00:00,
1.125283213,5248977,Caroline Garcia,Flipkens v Caro Garcia,90,2016-06-18 13:05:13.638,1.63,2016-06-18 14:00:00,
1.125283213,5248977,Caroline Garcia,Flipkens v Caro Garcia,100,2016-06-18 13:26:50.071,1.63,2016-06-18 14:00:00,
1.125283351,5300737,Anett Kontaveit,Kontaveit v Falconi,0,2016-06-18 02:07:43.165,1.45,2016-06-18 10:00:00,
1.125283351,5300737,Anett Kontaveit,Kontaveit v Falconi,10,2016-06-18 06:34:23.736,1.49,2016-06-18 10:00:00,
1.125283351,5300737,Anett Kontaveit,Kontaveit v Falconi,20,2016-06-18 07:32:02.975,1.38,2016-06-18 10:00:00,
1.125283351,5300737,Anett Kontaveit,Kontaveit v Falconi,30,2016-06-18 08:27:41.852,1.34,2016-06-18 10:00:00,
1.125283351,5300737,Anett Kontaveit,Kontaveit v Falconi,40,2016-06-18 09:01:41.386,1.47,2016-06-18 10:30:00,
1.125283351,5300737,Anett Kontaveit,Kontaveit v Falconi,50,2016-06-18 09:40:41.932,1.37,2016-06-18 10:30:00,
1.125283351,5300737,Anett Kontaveit,Kontaveit v Falconi,60,2016-06-18 09:42:38.732,1.36,2016-06-18 10:30:00,
1.125283351,5300737,Anett Kontaveit,Kontaveit v Falconi,70,2016-06-18 09:44:27.972,1.37,2016-06-18 10:30:00,
1.125283351,5300737,Anett Kontaveit,Kontaveit v Falconi,80,2016-06-18 10:00:17.106,1.34,2016-06-18 10:30:00,
1.125283351,5300737,Anett Kontaveit,Kontaveit v Falconi,90,2016-06-18 10:03:11.703,1.37,2016-06-18 10:30:00,
1.125283351,5300737,Anett Kontaveit,Kontaveit v Falconi,100,2016-06-18 10:20:03.656,1.37,2016-06-18 10:30:00,
1.125283356,5829453,Saisai Zheng,Burrage v S Zheng,0,2016-06-18 08:10:49.291,1.11,2016-06-18 12:00:00,
1.125283356,5829453,Saisai Zheng,Burrage v S Zheng,10,2016-06-18 08:24:22.710,1.14,2016-06-18 12:00:00,
1.125283356,5829453,Saisai Zheng,Burrage v S Zheng,20,2016-06-18 09:03:33.902,1.23,2016-06-18 12:30:00,
1.125283356,5829453,Saisai Zheng,Burrage v S Zheng,30,2016-06-18 11:08:22.735,1.11,2016-06-18 12:24:00,
1.125283356,5829453,Saisai Zheng,Burrage v S Zheng,40,2016-06-18 11:36:45.584,1.08,2016-06-18 12:24:00,
1.125283356,5829453,Saisai Zheng,Burrage v S Zheng,50,2016-06-18 11:37:34.834,1.07,2016-06-18 12:24:00,
1.125283356,5829453,Saisai Zheng,Burrage v S Zheng,60,2016-06-18 12:38:45.503,1.1,2016-06-18 12:39:00,
1.125283356,5829453,Saisai Zheng,Burrage v S Zheng,70,2016-06-18 12:52:38.962,1.15,2016-06-18 12:54:00,
1.125283356,5829453,Saisai Zheng,Burrage v S Zheng,80,2016-06-18 12:58:30.669,1.22,2016-06-18 13:09:00,
1.125283356,5829453,Saisai Zheng,Burrage v S Zheng,90,2016-06-18 13:03:37.341,1.24,2016-06-18 13:15:00,
1.125283356,5829453,Saisai Zheng,Burrage v S Zheng,100,2016-06-18 13:04:47.072,1.2,2016-06-18 13:15:00,
1.125283364,2263713,Yaroslava Shvedova,Shvedova v Chirico,0,2016-06-18 09:05:47.303,2.16,2016-06-18 14:30:00,
1.125283364,2263713,Yaroslava Shvedova,Shvedova v Chirico,10,2016-06-18 09:45:25.607,2.14,2016-06-18 14:30:00,
1.125283364,2263713,Yaroslava Shvedova,Shvedova v Chirico,20,2016-06-18 11:25:44.410,2.12,2016-06-18 14:24:00,
1.125283364,2263713,Yaroslava Shvedova,Shvedova v Chirico,30,2016-06-18 13:11:48.744,2.4,2016-06-18 15:24:00,
1.125283364,2263713,Yaroslava Shvedova,Shvedova v Chirico,40,2016-06-18 13:12:44.475,2.18,2016-06-18 15:24:00,
1.125283364,2263713,Yaroslava Shvedova,Shvedova v Chirico,50,2016-06-18 15:16:49.467,2.16,2016-06-18 15:31:00,
1.125283364,2263713,Yaroslava Shvedova,Shvedova v Chirico,60,2016-06-18 15:47:50.743,2.08,2016-06-18 16:01:00,
1.125283364,2263713,Yaroslava Shvedova,Shvedova v Chirico,70,2016-06-18 15:53:42.028,2.06,2016-06-18 16:01:00,
1.125283364,2263713,Yaroslava Shvedova,Shvedova v Chirico,80,2016-06-18 16:12:42.680,2.06,2016-06-18 16:16:00,
1.125283364,2263713,Yaroslava Shvedova,Shvedova v Chirico,90,2016-06-18 16:32:35.994,2.08,2016-06-18 16:46:00,
1.125283364,2263713,Yaroslava Shvedova,Shvedova v Chirico,100,2016-06-18 16:44:49.582,2.1,2016-06-18 16:46:00,
1.125283364,7168233,Louisa Chirico,Shvedova v Chirico,0,2016-06-18 09:05:47.303,1.87,2016-06-18 14:30:00,
1.125283364,7168233,Louisa Chirico,Shvedova v Chirico,10,2016-06-18 10:57:22.413,1.7,2016-06-18 14:24:00,
1.125283364,7168233,Louisa Chirico,Shvedova v Chirico,20,2016-06-18 11:24:50.126,1.89,2016-06-18 14:24:00,
1.125283364,7168233,Louisa Chirico,Shvedova v Chirico,30,2016-06-18 13:12:44.475,1.85,2016-06-18 15:24:00,
1.125283364,7168233,Louisa Chirico,Shvedova v Chirico,40,2016-06-18 15:20:44.053,1.73,2016-06-18 15:31:00,
1.125283364,7168233,Louisa Chirico,Shvedova v Chirico,50,2016-06-18 15:41:18.338,1.73,2016-06-18 15:46:00,
1.125283364,7168233,Louisa Chirico,Shvedova v Chirico,60,2016-06-18 15:46:49.803,1.88,2016-06-18 16:01:00,
1.125283364,7168233,Louisa Chirico,Shvedova v Chirico,70,2016-06-18 15:55:51.381,1.76,2016-06-18 16:01:00,
1.125283364,7168233,Louisa Chirico,Shvedova v Chirico,80,2016-06-18 16:00:47.119,1.93,2016-06-18 16:16:00,
1.125283364,7168233,Louisa Chirico,Shvedova v Chirico,90,2016-06-18 16:31:48.001,1.93,2016-06-18 16:46:00,
1.125283364,7168233,Louisa Chirico,Shvedova v Chirico,100,2016-06-18 16:44:49.582,1.9,2016-06-18 16:46:00,
1.125283371,5374368,Monica Puig,Puig v Christie,0,2016-06-18 08:25:24.537,1.12,2016-06-18 16:00:00,
1.125283371,5374368,Monica Puig,Puig v Christie,10,2016-06-18 10:55:59.267,1.13,2016-06-18 16:00:00,
1.125283371,5374368,Monica Puig,Puig v Christie,20,2016-06-18 12:01:13.578,1.15,2016-06-18 15:58:00,
1.125283371,5374368,Monica Puig,Puig v Christie,30,2016-06-18 12:40:26.757,1.14,2016-06-18 15:58:00,
1.125283371,5374368,Monica Puig,Puig v Christie,40,2016-06-18 13:56:13.936,1.14,2016-06-18 15:31:00,
1.125283371,5374368,Monica Puig,Puig v Christie,50,2016-06-18 15:04:47.218,1.14,2016-06-18 15:31:00,
1.125283371,5374368,Monica Puig,Puig v Christie,60,2016-06-18 15:12:50.531,1.13,2016-06-18 15:31:00,
1.125283371,5374368,Monica Puig,Puig v Christie,70,2016-06-18 15:46:31.632,1.14,2016-06-18 16:01:00,
1.125283371,5374368,Monica Puig,Puig v Christie,80,2016-06-18 16:04:41.195,1.12,2016-06-18 16:16:00,
1.125283371,5374368,Monica Puig,Puig v Christie,90,2016-06-18 16:45:32.191,1.15,2016-06-18 17:01:00,
1.125283371,5374368,Monica Puig,Puig v Christie,100,2016-06-18 16:53:49.855,1.11,2016-06-18 17:01:00,
1.125283454,2249400,Florian Mayer,D Thiem v F Mayer,0,2016-06-17 17:48:27.762,6.0,2016-06-18 13:00:00,
1.125283454,2249400,Florian Mayer,D Thiem v F Mayer,10,2016-06-17 19:29:39.049,4.8,2016-06-18 13:00:00,
1.125283454,2249400,Florian Mayer,D Thiem v F Mayer,20,2016-06-17 23:19:37.221,5.6,2016-06-18 13:00:00,
1.125283454,2249400,Florian Mayer,D Thiem v F Mayer,30,2016-06-18 04:26:15.877,5.5,2016-06-18 13:00:00,
1.125283454,2249400,Florian Mayer,D Thiem v F Mayer,40,2016-06-18 08:54:54.777,5.4,2016-06-18 13:00:00,
1.125283454,2249400,Florian Mayer,D Thiem v F Mayer,50,2016-06-18 09:26:46.262,5.2,2016-06-18 13:00:00,
1.125283454,2249400,Florian Mayer,D Thiem v F Mayer,60,2016-06-18 10:14:51.744,5.0,2016-06-18 13:00:00,
1.125283454,2249400,Florian Mayer,D Thiem v F Mayer,70,2016-06-18 11:03:42.254,5.0,2016-06-18 13:00:00,
1.125283454,2249400,Florian Mayer,D Thiem v F Mayer,80,2016-06-18 12:32:51.028,5.1,2016-06-18 13:00:00,
1.125283454,2249400,Florian Mayer,D Thiem v F Mayer,90,2016-06-18 12:44:47.706,5.0,2016-06-18 13:00:00,
1.125283454,2249400,Florian Mayer,D Thiem v F Mayer,100,2016-06-18 12:54:48.519,5.3,2016-06-18 13:00:00,
1.125283454,5720747,Dominic Thiem,D Thiem v F Mayer,0,2016-06-17 17:48:27.762,1.2,2016-06-18 13:00:00,
1.125283454,5720747,Dominic Thiem,D Thiem v F Mayer,10,2016-06-17 20:55:30.742,1.23,2016-06-18 13:00:00,
1.125283454,5720747,Dominic Thiem,D Thiem v F Mayer,20,2016-06-17 23:17:28.416,1.22,2016-06-18 13:00:00,
1.125283454,5720747,Dominic Thiem,D Thiem v F Mayer,30,2016-06-18 03:47:01.530,1.22,2016-06-18 13:00:00,
1.125283454,5720747,Dominic Thiem,D Thiem v F Mayer,40,2016-06-18 06:23:20.083,1.24,2016-06-18 13:00:00,
1.125283454,5720747,Dominic Thiem,D Thiem v F Mayer,50,2016-06-18 08:46:40.589,1.23,2016-06-18 13:00:00,
1.125283454,5720747,Dominic Thiem,D Thiem v F Mayer,60,2016-06-18 09:48:50.044,1.26,2016-06-18 13:00:00,
1.125283454,5720747,Dominic Thiem,D Thiem v F Mayer,70,2016-06-18 11:03:42.254,1.24,2016-06-18 13:00:00,
1.125283454,5720747,Dominic Thiem,D Thiem v F Mayer,80,2016-06-18 11:55:11.775,1.24,2016-06-18 13:00:00,
1.125283454,5720747,Dominic Thiem,D Thiem v F Mayer,90,2016-06-18 12:24:51.483,1.24,2016-06-18 13:00:00,
1.125283454,5720747,Dominic Thiem,D Thiem v F Mayer,100,2016-06-18 12:53:44.709,1.23,2016-06-18 13:00:00,
1.125283626,2328051,Coco Vandeweghe,Vandeweghe v Strycova,0,2016-06-17 19:53:30.228,1.58,2016-06-18 11:00:00,
1.125283626,2328051,Coco Vandeweghe,Vandeweghe v Strycova,10,2016-06-17 23:27:49.614,1.68,2016-06-18 11:00:00,
1.125283626,2328051,Coco Vandeweghe,Vandeweghe v Strycova,20,2016-06-18 05:12:32.416,1.67,2016-06-18 11:00:00,
1.125283626,2328051,Coco Vandeweghe,Vandeweghe v Strycova,30,2016-06-18 07:34:40.911,1.73,2016-06-18 11:00:00,
1.125283626,2328051,Coco Vandeweghe,Vandeweghe v Strycova,40,2016-06-18 08:52:25.797,1.71,2016-06-18 11:00:00,
1.125283626,2328051,Coco Vandeweghe,Vandeweghe v Strycova,50,2016-06-18 09:53:17.913,1.71,2016-06-18 11:00:00,
1.125283626,2328051,Coco Vandeweghe,Vandeweghe v Strycova,60,2016-06-18 10:30:39.102,1.7,2016-06-18 11:00:00,
1.125283626,2328051,Coco Vandeweghe,Vandeweghe v Strycova,70,2016-06-18 10:59:44.868,1.76,2016-06-18 11:15:00,
1.125283626,2328051,Coco Vandeweghe,Vandeweghe v Strycova,80,2016-06-18 11:35:44.235,1.75,2016-06-18 11:45:00,
1.125283626,2328051,Coco Vandeweghe,Vandeweghe v Strycova,90,2016-06-18 11:50:15.685,1.77,2016-06-18 12:00:00,
1.125283626,2328051,Coco Vandeweghe,Vandeweghe v Strycova,100,2016-06-18 12:02:40.748,1.8,2016-06-18 12:15:00,
1.125283626,9416669,Barbora Strycova,Vandeweghe v Strycova,0,2016-06-17 19:00:11.305,2.5,2016-06-18 11:00:00,
1.125283626,9416669,Barbora Strycova,Vandeweghe v Strycova,10,2016-06-17 20:55:33.293,2.42,2016-06-18 11:00:00,
1.125283626,9416669,Barbora Strycova,Vandeweghe v Strycova,20,2016-06-17 23:30:20.936,2.48,2016-06-18 11:00:00,
1.125283626,9416669,Barbora Strycova,Vandeweghe v Strycova,30,2016-06-18 07:11:44.841,2.44,2016-06-18 11:00:00,
1.125283626,9416669,Barbora Strycova,Vandeweghe v Strycova,40,2016-06-18 07:37:19.634,2.44,2016-06-18 11:00:00,
1.125283626,9416669,Barbora Strycova,Vandeweghe v Strycova,50,2016-06-18 09:57:36.014,2.4,2016-06-18 11:00:00,
1.125283626,9416669,Barbora Strycova,Vandeweghe v Strycova,60,2016-06-18 10:59:44.868,2.3,2016-06-18 11:15:00,
1.125283626,9416669,Barbora Strycova,Vandeweghe v Strycova,70,2016-06-18 11:32:31.609,2.3,2016-06-18 11:45:00,
1.125283626,9416669,Barbora Strycova,Vandeweghe v Strycova,80,2016-06-18 11:42:43.341,2.26,2016-06-18 11:45:00,
1.125283626,9416669,Barbora Strycova,Vandeweghe v Strycova,90,2016-06-18 11:55:44.044,2.3,2016-06-18 12:00:00,
1.125283626,9416669,Barbora Strycova,Vandeweghe v Strycova,100,2016-06-18 12:03:43.960,2.24,2016-06-18 12:15:00,
1.12528368,8969293,Benneteau/Roger-Vasseli,Benneteau/Roger-Vasseli v Guccione/Sa,0,2016-06-18 05:34:30.585,1.65,2016-06-18 18:15:00,
1.12528368,8969293,Benneteau/Roger-Vasseli,Benneteau/Roger-Vasseli v Guccione/Sa,10,2016-06-18 17:06:38.017,1.59,2016-06-18 17:56:00,
1.12528368,8969293,Benneteau/Roger-Vasseli,Benneteau/Roger-Vasseli v Guccione/Sa,20,2016-06-18 19:29:39.549,1.82,2016-06-19 10:30:00,2016-06-18 18:14:48.539
1.12528368,8969293,Benneteau/Roger-Vasseli,Benneteau/Roger-Vasseli v Guccione/Sa,30,2016-06-18 20:49:02.932,1.79,2016-06-19 10:30:00,2016-06-18 18:14:48.539
1.12528368,8969293,Benneteau/Roger-Vasseli,Benneteau/Roger-Vasseli v Guccione/Sa,40,2016-06-18 21:03:40.473,1.73,2016-06-19 10:30:00,2016-06-18 18:14:48.539
1.12528368,8969293,Benneteau/Roger-Vasseli,Benneteau/Roger-Vasseli v Guccione/Sa,50,2016-06-18 21:32:15.112,1.75,2016-06-19 10:30:00,2016-06-18 18:14:48.539
1.12528368,8969293,Benneteau/Roger-Vasseli,Benneteau/Roger-Vasseli v Guccione/Sa,60,2016-06-18 23:14:14.907,1.73,2016-06-19 10:30:00,2016-06-18 18:14:48.539
1.12528368,8969293,Benneteau/Roger-Vasseli,Benneteau/Roger-Vasseli v Guccione/Sa,70,2016-06-19 06:24:46.066,1.76,2016-06-19 10:30:00,2016-06-18 18:14:48.539
1.12528368,8969293,Benneteau/Roger-Vasseli,Benneteau/Roger-Vasseli v Guccione/Sa,80,2016-06-19 07:52:27.321,1.68,2016-06-19 10:30:00,2016-06-18 18:14:48.539
1.12528368,8969293,Benneteau/Roger-Vasseli,Benneteau/Roger-Vasseli v Guccione/Sa,90,2016-06-19 09:05:39.023,1.67,2016-06-19 10:30:00,2016-06-18 18:14:48.539
1.12528368,8969293,Benneteau/Roger-Vasseli,Benneteau/Roger-Vasseli v Guccione/Sa,100,2016-06-19 09:58:15.623,1.66,2016-06-19 10:30:00,2016-06-18 18:14:48.539
1.12528368,9378423,Guccione/Sa,Benneteau/Roger-Vasseli v Guccione/Sa,0,2016-06-18 11:30:17.032,2.7,2016-06-18 18:15:00,
1.12528368,9378423,Guccione/Sa,Benneteau/Roger-Vasseli v Guccione/Sa,10,2016-06-18 16:59:39.899,2.42,2016-06-18 17:56:00,
1.12528368,9378423,Guccione/Sa,Benneteau/Roger-Vasseli v Guccione/Sa,20,2016-06-18 19:19:42.431,2.26,2016-06-19 10:30:00,2016-06-18 18:14:48.539
1.12528368,9378423,Guccione/Sa,Benneteau/Roger-Vasseli v Guccione/Sa,30,2016-06-18 20:59:11.530,2.28,2016-06-19 10:30:00,2016-06-18 18:14:48.539
1.12528368,9378423,Guccione/Sa,Benneteau/Roger-Vasseli v Guccione/Sa,40,2016-06-18 21:37:47.843,2.34,2016-06-19 10:30:00,2016-06-18 18:14:48.539
1.12528368,9378423,Guccione/Sa,Benneteau/Roger-Vasseli v Guccione/Sa,50,2016-06-19 04:15:46.620,2.36,2016-06-19 10:30:00,2016-06-18 18:14:48.539
1.12528368,9378423,Guccione/Sa,Benneteau/Roger-Vasseli v Guccione/Sa,60,2016-06-19 06:37:17.821,2.4,2016-06-19 10:30:00,2016-06-18 18:14:48.539
1.12528368,9378423,Guccione/Sa,Benneteau/Roger-Vasseli v Guccione/Sa,70,2016-06-19 07:24:46.640,2.44,2016-06-19 10:30:00,2016-06-18 18:14:48.539
1.12528368,9378423,Guccione/Sa,Benneteau/Roger-Vasseli v Guccione/Sa,80,2016-06-19 08:28:53.317,2.46,2016-06-19 10:30:00,2016-06-18 18:14:48.539
1.12528368,9378423,Guccione/Sa,Benneteau/Roger-Vasseli v Guccione/Sa,90,2016-06-19 09:38:48.673,2.42,2016-06-19 10:30:00,2016-06-18 18:14:48.539
1.12528368,9378423,Guccione/Sa,Benneteau/Roger-Vasseli v Guccione/Sa,100,2016-06-19 09:57:24.984,2.58,2016-06-19 10:30:00,2016-06-18 18:14:48.539
1.12528369,3506037,Horacio Zeballos,H Zeballos v Vesely,0,2016-06-19 20:21:25.517,4.3,2016-06-20 14:00:00,
1.12528369,3506037,Horacio Zeballos,H Zeballos v Vesely,10,2016-06-20 00:38:16.294,4.7,2016-06-20 14:00:00,
1.12528369,3506037,Horacio Zeballos,H Zeballos v Vesely,20,2016-06-20 07:02:01.354,5.5,2016-06-20 14:00:00,
1.12528369,3506037,Horacio Zeballos,H Zeballos v Vesely,30,2016-06-20 11:00:09.410,5.7,2016-06-20 14:00:00,
1.12528369,3506037,Horacio Zeballos,H Zeballos v Vesely,40,2016-06-20 11:07:00.672,5.2,2016-06-20 14:00:00,
1.12528369,3506037,Horacio Zeballos,H Zeballos v Vesely,50,2016-06-20 11:29:35.681,5.2,2016-06-20 14:00:00,
1.12528369,3506037,Horacio Zeballos,H Zeballos v Vesely,60,2016-06-20 11:42:16.904,5.2,2016-06-20 14:00:00,
1.12528369,3506037,Horacio Zeballos,H Zeballos v Vesely,70,2016-06-20 11:50:13.195,5.2,2016-06-20 14:00:00,
1.12528369,3506037,Horacio Zeballos,H Zeballos v Vesely,80,2016-06-20 14:35:13.778,5.2,2016-06-20 14:55:00,
1.12528369,3506037,Horacio Zeballos,H Zeballos v Vesely,90,2016-06-20 15:55:05.973,5.0,2016-06-20 16:10:00,
1.12528369,3506037,Horacio Zeballos,H Zeballos v Vesely,100,2016-06-20 16:18:03.816,5.2,2016-06-20 16:25:00,
1.12528369,7032143,Jiri Vesely,H Zeballos v Vesely,0,2016-06-19 20:16:43.989,1.29,2016-06-20 14:00:00,
1.12528369,7032143,Jiri Vesely,H Zeballos v Vesely,10,2016-06-19 23:42:50.295,1.23,2016-06-20 14:00:00,
1.12528369,7032143,Jiri Vesely,H Zeballos v Vesely,20,2016-06-20 06:15:41.650,1.26,2016-06-20 14:00:00,
1.12528369,7032143,Jiri Vesely,H Zeballos v Vesely,30,2016-06-20 08:55:33.541,1.21,2016-06-20 14:00:00,
1.12528369,7032143,Jiri Vesely,H Zeballos v Vesely,40,2016-06-20 09:29:20.499,1.22,2016-06-20 15:00:00,
1.12528369,7032143,Jiri Vesely,H Zeballos v Vesely,50,2016-06-20 11:00:09.410,1.21,2016-06-20 14:00:00,
1.12528369,7032143,Jiri Vesely,H Zeballos v Vesely,60,2016-06-20 11:32:50.191,1.23,2016-06-20 14:00:00,
1.12528369,7032143,Jiri Vesely,H Zeballos v Vesely,70,2016-06-20 12:08:38.492,1.24,2016-06-20 14:15:00,
1.12528369,7032143,Jiri Vesely,H Zeballos v Vesely,80,2016-06-20 12:44:07.060,1.24,2016-06-20 14:45:00,
1.12528369,7032143,Jiri Vesely,H Zeballos v Vesely,90,2016-06-20 15:21:16.832,1.23,2016-06-20 15:25:00,
1.12528369,7032143,Jiri Vesely,H Zeballos v Vesely,100,2016-06-20 16:18:03.816,1.24,2016-06-20 16:25:00,
1.125283705,585761,Julien Benneteau,J Benneteau v Dodig,0,2016-06-19 09:52:32.540,2.48,2016-06-20 12:00:00,
1.125283705,585761,Julien Benneteau,J Benneteau v Dodig,10,2016-06-20 05:32:12.791,2.78,2016-06-20 13:30:00,
1.125283705,585761,Julien Benneteau,J Benneteau v Dodig,20,2016-06-20 08:38:17.795,2.72,2016-06-20 13:30:00,
1.125283705,585761,Julien Benneteau,J Benneteau v Dodig,30,2016-06-20 09:53:17.459,2.52,2016-06-20 13:30:00,
1.125283705,585761,Julien Benneteau,J Benneteau v Dodig,40,2016-06-20 10:10:04.440,2.42,2016-06-20 13:30:00,
1.125283705,585761,Julien Benneteau,J Benneteau v Dodig,50,2016-06-20 12:47:09.633,2.52,2016-06-20 17:00:00,
1.125283705,585761,Julien Benneteau,J Benneteau v Dodig,60,2016-06-20 15:08:48.755,2.48,2016-06-20 17:14:00,
1.125283705,585761,Julien Benneteau,J Benneteau v Dodig,70,2016-06-20 15:43:06.142,2.4,2016-06-20 17:26:00,
1.125283705,585761,Julien Benneteau,J Benneteau v Dodig,80,2016-06-20 16:36:12.632,2.5,2016-06-20 17:26:00,
1.125283705,585761,Julien Benneteau,J Benneteau v Dodig,90,2016-06-20 17:05:12.613,2.54,2016-06-20 17:26:00,
1.125283705,585761,Julien Benneteau,J Benneteau v Dodig,100,2016-06-20 17:49:18.620,2.52,2016-06-20 17:56:00,
1.125283705,2835266,Ivan Dodig,J Benneteau v Dodig,0,2016-06-19 12:01:08.924,1.56,2016-06-20 12:00:00,
1.125283705,2835266,Ivan Dodig,J Benneteau v Dodig,10,2016-06-20 02:41:56.911,1.57,2016-06-20 13:30:00,
1.125283705,2835266,Ivan Dodig,J Benneteau v Dodig,20,2016-06-20 06:44:38.589,1.55,2016-06-20 13:30:00,
1.125283705,2835266,Ivan Dodig,J Benneteau v Dodig,30,2016-06-20 08:39:18.259,1.6,2016-06-20 13:30:00,
1.125283705,2835266,Ivan Dodig,J Benneteau v Dodig,40,2016-06-20 09:54:10.588,1.7,2016-06-20 13:30:00,
1.125283705,2835266,Ivan Dodig,J Benneteau v Dodig,50,2016-06-20 11:33:31.520,1.64,2016-06-20 16:00:00,
1.125283705,2835266,Ivan Dodig,J Benneteau v Dodig,60,2016-06-20 12:45:04.332,1.66,2016-06-20 17:00:00,
1.125283705,2835266,Ivan Dodig,J Benneteau v Dodig,70,2016-06-20 16:01:09.277,1.67,2016-06-20 17:26:00,
1.125283705,2835266,Ivan Dodig,J Benneteau v Dodig,80,2016-06-20 17:18:15.641,1.6,2016-06-20 17:26:00,
1.125283705,2835266,Ivan Dodig,J Benneteau v Dodig,90,2016-06-20 17:36:16.962,1.64,2016-06-20 17:41:00,
1.125283705,2835266,Ivan Dodig,J Benneteau v Dodig,100,2016-06-20 17:56:17.096,1.65,2016-06-20 17:57:00,
1.12528372,2249398,Benjamin Becker,Jor Thompson v B Becker,0,2016-06-18 23:02:19.546,1.75,2016-06-19 12:00:00,
1.12528372,2249398,Benjamin Becker,Jor Thompson v B Becker,10,2016-06-19 19:13:19.803,1.77,2016-06-20 10:00:00,
1.12528372,2249398,Benjamin Becker,Jor Thompson v B Becker,20,2016-06-19 21:05:36.482,1.81,2016-06-20 10:00:00,
1.12528372,2249398,Benjamin Becker,Jor Thompson v B Becker,30,2016-06-20 02:53:22.440,1.82,2016-06-20 10:00:00,
1.12528372,2249398,Benjamin Becker,Jor Thompson v B Becker,40,2016-06-20 06:19:56.009,1.84,2016-06-20 10:00:00,
1.12528372,2249398,Benjamin Becker,Jor Thompson v B Becker,50,2016-06-20 09:14:12.259,1.84,2016-06-20 10:00:00,
1.12528372,2249398,Benjamin Becker,Jor Thompson v B Becker,60,2016-06-20 09:42:38.427,1.84,2016-06-20 11:00:00,
1.12528372,2249398,Benjamin Becker,Jor Thompson v B Becker,70,2016-06-20 10:31:17.144,1.79,2016-06-20 11:00:00,
1.12528372,2249398,Benjamin Becker,Jor Thompson v B Becker,80,2016-06-20 10:44:49.016,1.78,2016-06-20 11:00:00,
1.12528372,2249398,Benjamin Becker,Jor Thompson v B Becker,90,2016-06-20 11:03:41.808,1.77,2016-06-20 12:00:00,
1.12528372,2249398,Benjamin Becker,Jor Thompson v B Becker,100,2016-06-20 11:44:20.951,1.75,2016-06-20 12:00:00,
1.12528372,8145584,Jordan Thompson,Jor Thompson v B Becker,0,2016-06-19 17:45:22.884,2.26,2016-06-20 10:00:00,
1.12528372,8145584,Jordan Thompson,Jor Thompson v B Becker,10,2016-06-19 19:45:53.736,2.22,2016-06-20 10:00:00,
1.12528372,8145584,Jordan Thompson,Jor Thompson v B Becker,20,2016-06-19 21:26:52.024,2.24,2016-06-20 10:00:00,
1.12528372,8145584,Jordan Thompson,Jor Thompson v B Becker,30,2016-06-20 01:06:57.774,2.2,2016-06-20 10:00:00,
1.12528372,8145584,Jordan Thompson,Jor Thompson v B Becker,40,2016-06-20 03:09:39.367,2.24,2016-06-20 10:00:00,
1.12528372,8145584,Jordan Thompson,Jor Thompson v B Becker,50,2016-06-20 06:19:56.009,2.18,2016-06-20 10:00:00,
1.12528372,8145584,Jordan Thompson,Jor Thompson v B Becker,60,2016-06-20 07:58:00.069,2.18,2016-06-20 10:00:00,
1.12528372,8145584,Jordan Thompson,Jor Thompson v B Becker,70,2016-06-20 09:30:28.255,2.18,2016-06-20 11:00:00,
1.12528372,8145584,Jordan Thompson,Jor Thompson v B Becker,80,2016-06-20 09:58:14.136,2.2,2016-06-20 11:00:00,
1.12528372,8145584,Jordan Thompson,Jor Thompson v B Becker,90,2016-06-20 10:40:23.636,2.24,2016-06-20 11:00:00,
1.12528372,8145584,Jordan Thompson,Jor Thompson v B Becker,100,2016-06-20 11:16:16.301,2.3,2016-06-20 12:00:00,
1.125283852,2765780,Denis Istomin,Istomin v Dzumhur,0,2016-06-18 22:23:44.709,1.23,2016-06-19 12:00:00,
1.125283852,2765780,Denis Istomin,Istomin v Dzumhur,10,2016-06-20 15:21:14.785,1.25,2016-06-20 19:09:00,
1.125283852,2765780,Denis Istomin,Istomin v Dzumhur,20,2016-06-20 20:17:19.873,1.37,2016-06-21 13:00:00,2016-06-20 18:41:26.383
1.125283852,2765780,Denis Istomin,Istomin v Dzumhur,30,2016-06-20 21:11:16.363,1.36,2016-06-21 13:00:00,2016-06-20 18:41:26.383
1.125283852,2765780,Denis Istomin,Istomin v Dzumhur,40,2016-06-20 22:37:25.988,1.35,2016-06-21 13:00:00,2016-06-20 18:41:26.383
1.125283852,2765780,Denis Istomin,Istomin v Dzumhur,50,2016-06-21 01:22:45.237,1.36,2016-06-21 13:00:00,2016-06-20 18:41:26.383
1.125283852,2765780,Denis Istomin,Istomin v Dzumhur,60,2016-06-21 04:42:02.500,1.38,2016-06-21 13:00:00,2016-06-20 18:41:26.383
1.125283852,2765780,Denis Istomin,Istomin v Dzumhur,70,2016-06-21 07:26:49.897,1.37,2016-06-21 13:00:00,2016-06-20 18:41:26.383
1.125283852,2765780,Denis Istomin,Istomin v Dzumhur,80,2016-06-21 09:04:33.085,1.37,2016-06-21 13:00:00,2016-06-20 18:41:26.383
1.125283852,2765780,Denis Istomin,Istomin v Dzumhur,90,2016-06-21 10:50:56.821,1.37,2016-06-21 12:43:00,2016-06-20 18:41:26.383
1.125283852,2765780,Denis Istomin,Istomin v Dzumhur,100,2016-06-21 12:32:41.154,1.37,2016-06-21 12:43:00,2016-06-20 18:41:26.383
1.125283852,7414058,Damir Dzumhur,Istomin v Dzumhur,0,2016-06-18 22:23:44.709,5.4,2016-06-19 12:00:00,
1.125283852,7414058,Damir Dzumhur,Istomin v Dzumhur,10,2016-06-20 17:49:19.708,5.1,2016-06-20 19:05:00,
1.125283852,7414058,Damir Dzumhur,Istomin v Dzumhur,20,2016-06-20 20:27:01.857,3.75,2016-06-21 13:00:00,2016-06-20 18:41:26.383
1.125283852,7414058,Damir Dzumhur,Istomin v Dzumhur,30,2016-06-20 21:07:24.633,3.85,2016-06-21 13:00:00,2016-06-20 18:41:26.383
1.125283852,7414058,Damir Dzumhur,Istomin v Dzumhur,40,2016-06-20 21:46:20.858,3.75,2016-06-21 13:00:00,2016-06-20 18:41:26.383
1.125283852,7414058,Damir Dzumhur,Istomin v Dzumhur,50,2016-06-20 22:36:26.849,3.75,2016-06-21 13:00:00,2016-06-20 18:41:26.383
1.125283852,7414058,Damir Dzumhur,Istomin v Dzumhur,60,2016-06-21 02:36:57.426,3.7,2016-06-21 13:00:00,2016-06-20 18:41:26.383
1.125283852,7414058,Damir Dzumhur,Istomin v Dzumhur,70,2016-06-21 07:11:20.709,3.7,2016-06-21 13:00:00,2016-06-20 18:41:26.383
1.125283852,7414058,Damir Dzumhur,Istomin v Dzumhur,80,2016-06-21 09:10:33.157,3.6,2016-06-21 13:00:00,2016-06-20 18:41:26.383
1.125283852,7414058,Damir Dzumhur,Istomin v Dzumhur,90,2016-06-21 10:38:13.836,3.55,2016-06-21 13:00:00,2016-06-20 18:41:26.383
1.125283852,7414058,Damir Dzumhur,Istomin v Dzumhur,100,2016-06-21 12:31:55.496,3.75,2016-06-21 12:43:00,2016-06-20 18:41:26.383
1.125283866,2263536,Mikhail Youzhny,Youzhny v Gabashvili,0,2016-06-18 18:29:41.731,1.43,2016-06-19 15:00:00,
1.125283866,2263536,Mikhail Youzhny,Youzhny v Gabashvili,10,2016-06-19 11:40:26.576,1.49,2016-06-19 14:47:00,
1.125283866,2263536,Mikhail Youzhny,Youzhny v Gabashvili,20,2016-06-19 17:07:20.105,2.92,2016-06-20 10:00:00,2016-06-19 14:41:24.805
1.125283866,2263536,Mikhail Youzhny,Youzhny v Gabashvili,30,2016-06-19 17:47:22.242,2.78,2016-06-20 10:00:00,2016-06-19 14:41:24.805
1.125283866,2263536,Mikhail Youzhny,Youzhny v Gabashvili,40,2016-06-19 19:18:25.049,2.8,2016-06-20 10:00:00,2016-06-19 14:41:24.805
1.125283866,2263536,Mikhail Youzhny,Youzhny v Gabashvili,50,2016-06-19 22:28:05.975,2.8,2016-06-20 10:00:00,2016-06-19 14:41:24.805
1.125283866,2263536,Mikhail Youzhny,Youzhny v Gabashvili,60,2016-06-20 05:46:16.114,2.88,2016-06-20 10:00:00,2016-06-19 14:41:24.805
1.125283866,2263536,Mikhail Youzhny,Youzhny v Gabashvili,70,2016-06-20 09:00:21.351,2.96,2016-06-20 10:00:00,2016-06-19 14:41:24.805
1.125283866,2263536,Mikhail Youzhny,Youzhny v Gabashvili,80,2016-06-20 09:51:22.791,2.86,2016-06-20 11:00:00,2016-06-19 14:41:24.805
1.125283866,2263536,Mikhail Youzhny,Youzhny v Gabashvili,90,2016-06-20 10:51:18.967,2.8,2016-06-20 11:30:00,2016-06-19 14:41:24.805
1.125283866,2263536,Mikhail Youzhny,Youzhny v Gabashvili,100,2016-06-20 11:34:48.174,2.74,2016-06-20 11:45:00,2016-06-19 14:41:24.805
1.125283866,4877292,Teymuraz Gabashvili,Youzhny v Gabashvili,0,2016-06-18 18:31:26.921,2.86,2016-06-19 15:00:00,
1.125283866,4877292,Teymuraz Gabashvili,Youzhny v Gabashvili,10,2016-06-19 14:28:25.212,3.2,2016-06-19 14:33:00,
1.125283866,4877292,Teymuraz Gabashvili,Youzhny v Gabashvili,20,2016-06-19 17:47:22.242,1.56,2016-06-20 10:00:00,2016-06-19 14:41:24.805
1.125283866,4877292,Teymuraz Gabashvili,Youzhny v Gabashvili,30,2016-06-19 19:01:52.680,1.56,2016-06-20 10:00:00,2016-06-19 14:41:24.805
1.125283866,4877292,Teymuraz Gabashvili,Youzhny v Gabashvili,40,2016-06-19 21:44:37.340,1.55,2016-06-20 10:00:00,2016-06-19 14:41:24.805
1.125283866,4877292,Teymuraz Gabashvili,Youzhny v Gabashvili,50,2016-06-20 03:01:02.544,1.53,2016-06-20 10:00:00,2016-06-19 14:41:24.805
1.125283866,4877292,Teymuraz Gabashvili,Youzhny v Gabashvili,60,2016-06-20 06:17:44.756,1.54,2016-06-20 10:00:00,2016-06-19 14:41:24.805
1.125283866,4877292,Teymuraz Gabashvili,Youzhny v Gabashvili,70,2016-06-20 08:22:59.479,1.55,2016-06-20 10:00:00,2016-06-19 14:41:24.805
1.125283866,4877292,Teymuraz Gabashvili,Youzhny v Gabashvili,80,2016-06-20 09:23:16.319,1.5,2016-06-20 11:00:00,2016-06-19 14:41:24.805
1.125283866,4877292,Teymuraz Gabashvili,Youzhny v Gabashvili,90,2016-06-20 10:25:51.347,1.54,2016-06-20 11:00:00,2016-06-19 14:41:24.805
1.125283866,4877292,Teymuraz Gabashvili,Youzhny v Gabashvili,100,2016-06-20 11:38:25.254,1.57,2016-06-20 11:45:00,2016-06-19 14:41:24.805
1.125283882,3066621,Adrian Mannarino,A Mannarino v Fritz,0,2016-06-18 10:08:19.660,1.46,2016-06-19 12:00:00,
1.125283882,3066621,Adrian Mannarino,A Mannarino v Fritz,10,2016-06-18 10:37:58.217,1.51,2016-06-19 12:00:00,
1.125283882,3066621,Adrian Mannarino,A Mannarino v Fritz,20,2016-06-18 21:42:03.875,1.48,2016-06-19 11:00:00,
1.125283882,3066621,Adrian Mannarino,A Mannarino v Fritz,30,2016-06-19 03:06:05.453,1.47,2016-06-19 11:00:00,
1.125283882,3066621,Adrian Mannarino,A Mannarino v Fritz,40,2016-06-19 06:46:49.089,1.45,2016-06-19 11:00:00,
1.125283882,3066621,Adrian Mannarino,A Mannarino v Fritz,50,2016-06-19 08:22:18.688,1.45,2016-06-19 11:00:00,
1.125283882,3066621,Adrian Mannarino,A Mannarino v Fritz,60,2016-06-19 08:43:21.566,1.48,2016-06-19 11:00:00,
1.125283882,3066621,Adrian Mannarino,A Mannarino v Fritz,70,2016-06-19 09:50:25.022,1.49,2016-06-19 11:00:00,
1.125283882,3066621,Adrian Mannarino,A Mannarino v Fritz,80,2016-06-19 10:09:26.896,1.47,2016-06-19 11:00:00,
1.125283882,3066621,Adrian Mannarino,A Mannarino v Fritz,90,2016-06-19 10:18:14.992,1.47,2016-06-19 11:00:00,
1.125283882,3066621,Adrian Mannarino,A Mannarino v Fritz,100,2016-06-19 10:46:27.842,1.49,2016-06-19 11:00:00,
1.125283882,10279360,Taylor Fritz,A Mannarino v Fritz,0,2016-06-18 22:00:37.229,3.3,2016-06-19 11:00:00,
1.125283882,10279360,Taylor Fritz,A Mannarino v Fritz,10,2016-06-19 02:16:43.769,3.1,2016-06-19 11:00:00,
1.125283882,10279360,Taylor Fritz,A Mannarino v Fritz,20,2016-06-19 06:19:17.699,3.0,2016-06-19 11:00:00,
1.125283882,10279360,Taylor Fritz,A Mannarino v Fritz,30,2016-06-19 06:46:49.089,3.2,2016-06-19 11:00:00,
1.125283882,10279360,Taylor Fritz,A Mannarino v Fritz,40,2016-06-19 08:34:15.639,3.05,2016-06-19 11:00:00,
1.125283882,10279360,Taylor Fritz,A Mannarino v Fritz,50,2016-06-19 09:35:28.295,3.05,2016-06-19 11:00:00,
1.125283882,10279360,Taylor Fritz,A Mannarino v Fritz,60,2016-06-19 09:52:18.062,3.0,2016-06-19 11:00:00,
1.125283882,10279360,Taylor Fritz,A Mannarino v Fritz,70,2016-06-19 10:06:10.924,3.1,2016-06-19 11:00:00,
1.125283882,10279360,Taylor Fritz,A Mannarino v Fritz,80,2016-06-19 10:14:28.282,3.05,2016-06-19 11:00:00,
1.125283882,10279360,Taylor Fritz,A Mannarino v Fritz,90,2016-06-19 10:19:25.062,3.2,2016-06-19 11:00:00,
1.125283882,10279360,Taylor Fritz,A Mannarino v Fritz,100,2016-06-19 10:46:55.071,3.05,2016-06-19 11:00:00,
1.125284014,2488011,Rajeev Ram,Estrella Burgos v R Ram,0,2016-06-19 23:45:41.016,1.38,2016-06-20 11:30:00,
1.125284014,2488011,Rajeev Ram,Estrella Burgos v R Ram,10,2016-06-20 05:17:40.746,1.37,2016-06-20 11:30:00,
1.125284014,2488011,Rajeev Ram,Estrella Burgos v R Ram,20,2016-06-20 06:39:32.813,1.34,2016-06-20 11:30:00,
1.125284014,2488011,Rajeev Ram,Estrella Burgos v R Ram,30,2016-06-20 09:07:58.276,1.33,2016-06-20 11:30:00,
1.125284014,2488011,Rajeev Ram,Estrella Burgos v R Ram,40,2016-06-20 09:27:29.016,1.32,2016-06-20 11:30:00,
1.125284014,2488011,Rajeev Ram,Estrella Burgos v R Ram,50,2016-06-20 09:58:38.325,1.3,2016-06-20 11:30:00,
1.125284014,2488011,Rajeev Ram,Estrella Burgos v R Ram,60,2016-06-20 10:08:35.340,1.32,2016-06-20 11:30:00,
1.125284014,2488011,Rajeev Ram,Estrella Burgos v R Ram,70,2016-06-20 11:57:08.682,1.33,2016-06-20 14:00:00,
1.125284014,2488011,Rajeev Ram,Estrella Burgos v R Ram,80,2016-06-20 13:08:00.591,1.34,2016-06-20 14:59:00,
1.125284014,2488011,Rajeev Ram,Estrella Burgos v R Ram,90,2016-06-20 14:07:41.310,1.29,2016-06-20 14:59:00,
1.125284014,2488011,Rajeev Ram,Estrella Burgos v R Ram,100,2016-06-20 15:18:26.168,1.3,2016-06-20 15:29:00,
1.125284014,7430580,Victor Estrella Burgos,Estrella Burgos v R Ram,0,2016-06-19 23:45:41.016,3.6,2016-06-20 11:30:00,
1.125284014,7430580,Victor Estrella Burgos,Estrella Burgos v R Ram,10,2016-06-20 02:44:56.852,4.0,2016-06-20 11:30:00,
1.125284014,7430580,Victor Estrella Burgos,Estrella Burgos v R Ram,20,2016-06-20 03:20:35.964,3.95,2016-06-20 11:30:00,
1.125284014,7430580,Victor Estrella Burgos,Estrella Burgos v R Ram,30,2016-06-20 06:39:32.813,3.9,2016-06-20 11:30:00,
1.125284014,7430580,Victor Estrella Burgos,Estrella Burgos v R Ram,40,2016-06-20 09:11:37.840,4.1,2016-06-20 11:30:00,
1.125284014,7430580,Victor Estrella Burgos,Estrella Burgos v R Ram,50,2016-06-20 09:47:32.552,4.1,2016-06-20 11:30:00,
1.125284014,7430580,Victor Estrella Burgos,Estrella Burgos v R Ram,60,2016-06-20 09:58:38.325,4.4,2016-06-20 11:30:00,
1.125284014,7430580,Victor Estrella Burgos,Estrella Burgos v R Ram,70,2016-06-20 10:08:35.340,4.2,2016-06-20 11:30:00,
1.125284014,7430580,Victor Estrella Burgos,Estrella Burgos v R Ram,80,2016-06-20 12:00:08.280,4.1,2016-06-20 14:15:00,
1.125284014,7430580,Victor Estrella Burgos,Estrella Burgos v R Ram,90,2016-06-20 14:38:16.151,4.3,2016-06-20 14:59:00,
1.125284014,7430580,Victor Estrella Burgos,Estrella Burgos v R Ram,100,2016-06-20 15:28:40.225,4.2,2016-06-20 15:29:00,
1.125284043,2830908,Thomaz Bellucci,Bellucci v Millman,0,2016-06-19 17:45:19.168,2.94,2016-06-20 10:00:00,
1.125284043,2830908,Thomaz Bellucci,Bellucci v Millman,10,2016-06-19 23:59:43.161,3.1,2016-06-20 10:00:00,
1.125284043,2830908,Thomaz Bellucci,Bellucci v Millman,20,2016-06-20 03:07:20.752,3.1,2016-06-20 10:00:00,
1.125284043,2830908,Thomaz Bellucci,Bellucci v Millman,30,2016-06-20 08:09:42.804,3.2,2016-06-20 10:00:00,
1.125284043,2830908,Thomaz Bellucci,Bellucci v Millman,40,2016-06-20 08:52:39.428,2.96,2016-06-20 10:00:00,
1.125284043,2830908,Thomaz Bellucci,Bellucci v Millman,50,2016-06-20 09:50:10.814,3.0,2016-06-20 11:00:00,
1.125284043,2830908,Thomaz Bellucci,Bellucci v Millman,60,2016-06-20 10:32:39.301,2.92,2016-06-20 11:00:00,
1.125284043,2830908,Thomaz Bellucci,Bellucci v Millman,70,2016-06-20 11:04:40.414,2.88,2016-06-20 12:00:00,
1.125284043,2830908,Thomaz Bellucci,Bellucci v Millman,80,2016-06-20 11:49:37.675,2.96,2016-06-20 12:00:00,
1.125284043,2830908,Thomaz Bellucci,Bellucci v Millman,90,2016-06-20 12:26:30.913,2.92,2016-06-20 12:30:00,
1.125284043,2830908,Thomaz Bellucci,Bellucci v Millman,100,2016-06-20 12:44:43.009,2.8,2016-06-20 13:00:00,
1.125284043,4415206,John Millman,Bellucci v Millman,0,2016-06-19 17:35:32.517,1.45,2016-06-20 10:00:00,
1.125284043,4415206,John Millman,Bellucci v Millman,10,2016-06-20 02:54:53.558,1.48,2016-06-20 10:00:00,
1.125284043,4415206,John Millman,Bellucci v Millman,20,2016-06-20 07:27:53.875,1.47,2016-06-20 10:00:00,
1.125284043,4415206,John Millman,Bellucci v Millman,30,2016-06-20 08:50:28.905,1.46,2016-06-20 10:00:00,
1.125284043,4415206,John Millman,Bellucci v Millman,40,2016-06-20 09:08:11.189,1.53,2016-06-20 10:00:00,
1.125284043,4415206,John Millman,Bellucci v Millman,50,2016-06-20 10:19:29.349,1.5,2016-06-20 11:00:00,
1.125284043,4415206,John Millman,Bellucci v Millman,60,2016-06-20 10:48:40.905,1.51,2016-06-20 11:00:00,
1.125284043,4415206,John Millman,Bellucci v Millman,70,2016-06-20 11:22:24.915,1.51,2016-06-20 12:00:00,
1.125284043,4415206,John Millman,Bellucci v Millman,80,2016-06-20 11:54:34.707,1.5,2016-06-20 12:00:00,
1.125284043,4415206,John Millman,Bellucci v Millman,90,2016-06-20 12:26:30.913,1.52,2016-06-20 12:30:00,
1.125284043,4415206,John Millman,Bellucci v Millman,100,2016-06-20 12:46:06.150,1.51,2016-06-20 13:00:00,
1.125284176,2370329,James Ward,Jaziri v J Ward,0,2016-06-19 14:17:01.002,2.02,2016-06-20 11:00:00,
1.125284176,2370329,James Ward,Jaziri v J Ward,10,2016-06-19 21:25:01.150,2.16,2016-06-20 11:00:00,
1.125284176,2370329,James Ward,Jaziri v J Ward,20,2016-06-20 03:17:30.114,2.06,2016-06-20 11:00:00,
1.125284176,2370329,James Ward,Jaziri v J Ward,30,2016-06-20 05:01:04.056,2.04,2016-06-20 11:00:00,
1.125284176,2370329,James Ward,Jaziri v J Ward,40,2016-06-20 05:49:31.177,2.1,2016-06-20 11:00:00,
1.125284176,2370329,James Ward,Jaziri v J Ward,50,2016-06-20 10:51:51.090,2.2,2016-06-20 13:30:00,
1.125284176,2370329,James Ward,Jaziri v J Ward,60,2016-06-20 12:23:28.037,2.18,2016-06-20 13:39:00,
1.125284176,2370329,James Ward,Jaziri v J Ward,70,2016-06-20 13:33:29.852,2.12,2016-06-20 13:39:00,
1.125284176,2370329,James Ward,Jaziri v J Ward,80,2016-06-20 14:01:25.560,2.22,2016-06-20 14:09:00,
1.125284176,2370329,James Ward,Jaziri v J Ward,90,2016-06-20 14:42:11.828,2.22,2016-06-20 14:54:00,
1.125284176,2370329,James Ward,Jaziri v J Ward,100,2016-06-20 15:09:40.276,2.26,2016-06-20 15:25:00,
1.125284176,5776215,Malek Jaziri,Jaziri v J Ward,0,2016-06-18 15:51:02.168,1.8,2016-06-19 12:00:00,
1.125284176,5776215,Malek Jaziri,Jaziri v J Ward,10,2016-06-20 01:41:54.119,1.88,2016-06-20 11:00:00,
1.125284176,5776215,Malek Jaziri,Jaziri v J Ward,20,2016-06-20 05:49:31.177,1.92,2016-06-20 11:00:00,
1.125284176,5776215,Malek Jaziri,Jaziri v J Ward,30,2016-06-20 08:51:08.892,1.89,2016-06-20 11:00:00,
1.125284176,5776215,Malek Jaziri,Jaziri v J Ward,40,2016-06-20 10:14:03.375,1.8,2016-06-20 13:00:00,
1.125284176,5776215,Malek Jaziri,Jaziri v J Ward,50,2016-06-20 11:25:44.093,1.84,2016-06-20 13:30:00,
1.125284176,5776215,Malek Jaziri,Jaziri v J Ward,60,2016-06-20 12:22:04.255,1.84,2016-06-20 13:39:00,
1.125284176,5776215,Malek Jaziri,Jaziri v J Ward,70,2016-06-20 13:23:41.408,1.86,2016-06-20 13:39:00,
1.125284176,5776215,Malek Jaziri,Jaziri v J Ward,80,2016-06-20 13:53:44.095,1.84,2016-06-20 13:54:00,
1.125284176,5776215,Malek Jaziri,Jaziri v J Ward,90,2016-06-20 14:38:38.921,1.85,2016-06-20 14:39:00,
1.125284176,5776215,Malek Jaziri,Jaziri v J Ward,100,2016-06-20 15:12:38.285,1.79,2016-06-20 15:25:00,
1.125284191,2258415,Lukas Rosol,Rosol v Edmund,0,2016-06-19 11:56:07.884,2.34,2016-06-20 12:00:00,
1.125284191,2258415,Lukas Rosol,Rosol v Edmund,10,2016-06-20 05:18:41.588,2.48,2016-06-20 13:00:00,
1.125284191,2258415,Lukas Rosol,Rosol v Edmund,20,2016-06-20 06:41:44.122,2.58,2016-06-20 13:00:00,
1.125284191,2258415,Lukas Rosol,Rosol v Edmund,30,2016-06-20 09:17:44.699,2.64,2016-06-20 13:00:00,
1.125284191,2258415,Lukas Rosol,Rosol v Edmund,40,2016-06-20 10:42:53.108,2.7,2016-06-20 15:00:00,
1.125284191,2258415,Lukas Rosol,Rosol v Edmund,50,2016-06-20 11:35:51.787,2.66,2016-06-20 15:45:00,
1.125284191,2258415,Lukas Rosol,Rosol v Edmund,60,2016-06-20 12:24:17.134,2.62,2016-06-20 15:39:00,
1.125284191,2258415,Lukas Rosol,Rosol v Edmund,70,2016-06-20 14:36:54.840,2.62,2016-06-20 16:39:00,
1.125284191,2258415,Lukas Rosol,Rosol v Edmund,80,2016-06-20 15:39:30.557,2.58,2016-06-20 17:09:00,
1.125284191,2258415,Lukas Rosol,Rosol v Edmund,90,2016-06-20 16:39:29.653,2.6,2016-06-20 17:09:00,
1.125284191,2258415,Lukas Rosol,Rosol v Edmund,100,2016-06-20 17:07:45.212,2.6,2016-06-20 17:20:00,
1.125284191,5626817,Kyle Edmund,Rosol v Edmund,0,2016-06-18 10:13:30.971,1.7,2016-06-19 12:00:00,
1.125284191,5626817,Kyle Edmund,Rosol v Edmund,10,2016-06-20 04:22:25.087,1.61,2016-06-20 13:00:00,
1.125284191,5626817,Kyle Edmund,Rosol v Edmund,20,2016-06-20 06:23:45.583,1.6,2016-06-20 13:00:00,
1.125284191,5626817,Kyle Edmund,Rosol v Edmund,30,2016-06-20 08:18:45.922,1.65,2016-06-20 13:00:00,
1.125284191,5626817,Kyle Edmund,Rosol v Edmund,40,2016-06-20 09:20:07.154,1.61,2016-06-20 15:00:00,
1.125284191,5626817,Kyle Edmund,Rosol v Edmund,50,2016-06-20 10:48:36.818,1.61,2016-06-20 15:00:00,
1.125284191,5626817,Kyle Edmund,Rosol v Edmund,60,2016-06-20 12:15:29.059,1.59,2016-06-20 15:39:00,
1.125284191,5626817,Kyle Edmund,Rosol v Edmund,70,2016-06-20 13:15:29.478,1.63,2016-06-20 15:39:00,
1.125284191,5626817,Kyle Edmund,Rosol v Edmund,80,2016-06-20 15:39:30.557,1.63,2016-06-20 17:09:00,
1.125284191,5626817,Kyle Edmund,Rosol v Edmund,90,2016-06-20 16:43:32.269,1.61,2016-06-20 17:09:00,
1.125284191,5626817,Kyle Edmund,Rosol v Edmund,100,2016-06-20 17:07:45.212,1.62,2016-06-20 17:20:00,
1.125284284,4829260,Denis Kudla,Kudla v Donskoy,0,2016-06-18 17:09:42.323,1.34,2016-06-19 11:00:00,
1.125284284,4829260,Denis Kudla,Kudla v Donskoy,10,2016-06-18 21:33:55.022,1.29,2016-06-19 11:00:00,
1.125284284,4829260,Denis Kudla,Kudla v Donskoy,20,2016-06-19 00:05:06.302,1.27,2016-06-19 11:00:00,
1.125284284,4829260,Denis Kudla,Kudla v Donskoy,30,2016-06-19 05:56:29.183,1.25,2016-06-19 11:00:00,
1.125284284,4829260,Denis Kudla,Kudla v Donskoy,40,2016-06-19 06:07:07.438,1.3,2016-06-19 11:00:00,
1.125284284,4829260,Denis Kudla,Kudla v Donskoy,50,2016-06-19 08:41:54.039,1.27,2016-06-19 11:00:00,
1.125284284,4829260,Denis Kudla,Kudla v Donskoy,60,2016-06-19 09:07:46.071,1.25,2016-06-19 11:00:00,
1.125284284,4829260,Denis Kudla,Kudla v Donskoy,70,2016-06-19 09:45:03.619,1.25,2016-06-19 11:00:00,
1.125284284,4829260,Denis Kudla,Kudla v Donskoy,80,2016-06-19 10:32:52.753,1.24,2016-06-19 11:00:00,
1.125284284,4829260,Denis Kudla,Kudla v Donskoy,90,2016-06-19 10:49:42.553,1.25,2016-06-19 11:00:00,
1.125284284,4829260,Denis Kudla,Kudla v Donskoy,100,2016-06-19 11:09:44.013,1.24,2016-06-19 11:15:00,
1.125284407,3800907,Madison Keys,Keys v SuÁrez Navarro,0,2016-06-17 20:28:58.526,1.52,2016-06-18 10:00:00,
1.125284407,3800907,Madison Keys,Keys v SuÁrez Navarro,10,2016-06-17 21:51:25.073,1.49,2016-06-18 10:00:00,
1.125284407,3800907,Madison Keys,Keys v SuÁrez Navarro,20,2016-06-18 00:22:11.326,1.48,2016-06-18 10:00:00,
1.125284407,3800907,Madison Keys,Keys v SuÁrez Navarro,30,2016-06-18 05:29:21.607,1.47,2016-06-18 10:00:00,
1.125284407,3800907,Madison Keys,Keys v SuÁrez Navarro,40,2016-06-18 06:05:41.157,1.47,2016-06-18 10:00:00,
1.125284407,3800907,Madison Keys,Keys v SuÁrez Navarro,50,2016-06-18 07:25:43.094,1.46,2016-06-18 10:00:00,
1.125284407,3800907,Madison Keys,Keys v SuÁrez Navarro,60,2016-06-18 08:17:05.724,1.48,2016-06-18 10:00:00,
1.125284407,3800907,Madison Keys,Keys v SuÁrez Navarro,70,2016-06-18 08:55:10.805,1.44,2016-06-18 10:00:00,
1.125284407,3800907,Madison Keys,Keys v SuÁrez Navarro,80,2016-06-18 09:07:42.610,1.42,2016-06-18 10:00:00,
1.125284407,3800907,Madison Keys,Keys v SuÁrez Navarro,90,2016-06-18 09:43:35.754,1.43,2016-06-18 10:00:00,
1.125284407,3800907,Madison Keys,Keys v SuÁrez Navarro,100,2016-06-18 09:56:42.069,1.42,2016-06-18 10:00:00,
1.125284407,8735953,Carla Suárez Navarro,Keys v SuÁrez Navarro,0,2016-06-17 20:28:58.526,2.92,2016-06-18 10:00:00,
1.125284407,8735953,Carla Suárez Navarro,Keys v SuÁrez Navarro,10,2016-06-17 21:34:35.573,2.96,2016-06-18 10:00:00,
1.125284407,8735953,Carla Suárez Navarro,Keys v SuÁrez Navarro,20,2016-06-18 01:27:34.508,3.15,2016-06-18 10:00:00,
1.125284407,8735953,Carla Suárez Navarro,Keys v SuÁrez Navarro,30,2016-06-18 06:02:00.294,3.1,2016-06-18 10:00:00,
1.125284407,8735953,Carla Suárez Navarro,Keys v SuÁrez Navarro,40,2016-06-18 07:24:06.777,3.2,2016-06-18 10:00:00,
1.125284407,8735953,Carla Suárez Navarro,Keys v SuÁrez Navarro,50,2016-06-18 08:16:09.853,3.1,2016-06-18 10:00:00,
1.125284407,8735953,Carla Suárez Navarro,Keys v SuÁrez Navarro,60,2016-06-18 08:53:33.122,3.25,2016-06-18 10:00:00,
1.125284407,8735953,Carla Suárez Navarro,Keys v SuÁrez Navarro,70,2016-06-18 09:12:35.967,3.3,2016-06-18 10:00:00,
1.125284407,8735953,Carla Suárez Navarro,Keys v SuÁrez Navarro,80,2016-06-18 09:29:18.962,3.3,2016-06-18 10:00:00,
1.125284407,8735953,Carla Suárez Navarro,Keys v SuÁrez Navarro,90,2016-06-18 09:45:32.896,3.35,2016-06-18 10:00:00,
1.125284407,8735953,Carla Suárez Navarro,Keys v SuÁrez Navarro,100,2016-06-18 09:55:35.072,3.35,2016-06-18 10:00:00,
1.125284466,7414305,Elias Ymer,E Ymer v Kicker,0,2016-06-17 20:58:44.250,1.67,2016-06-18 15:00:00,
1.125284466,7414305,Elias Ymer,E Ymer v Kicker,10,2016-06-18 06:06:58.718,1.71,2016-06-18 15:00:00,
1.125284466,7414305,Elias Ymer,E Ymer v Kicker,20,2016-06-18 08:57:03.262,1.82,2016-06-18 15:00:00,
1.125284466,7414305,Elias Ymer,E Ymer v Kicker,30,2016-06-18 09:41:16.474,1.8,2016-06-18 15:00:00,
1.125284466,7414305,Elias Ymer,E Ymer v Kicker,40,2016-06-18 09:56:59.947,1.82,2016-06-18 15:00:00,
1.125284466,7414305,Elias Ymer,E Ymer v Kicker,50,2016-06-18 10:12:52.455,1.88,2016-06-18 15:00:00,
1.125284466,7414305,Elias Ymer,E Ymer v Kicker,60,2016-06-18 10:18:45.024,1.88,2016-06-18 15:00:00,
1.125284466,7414305,Elias Ymer,E Ymer v Kicker,70,2016-06-18 10:29:04.702,1.82,2016-06-18 15:00:00,
1.125284466,7414305,Elias Ymer,E Ymer v Kicker,80,2016-06-18 10:34:59.345,1.75,2016-06-18 15:00:00,
1.125284466,7414305,Elias Ymer,E Ymer v Kicker,90,2016-06-18 14:33:04.098,1.76,2016-06-18 15:00:00,
1.125284466,7414305,Elias Ymer,E Ymer v Kicker,100,2016-06-18 14:53:52.078,1.79,2016-06-18 15:00:00,
1.125284531,2252607,Jelena Jankovic,Sevastova v J Jankovic,0,2016-06-17 19:27:04.471,1.6,2016-06-18 17:00:00,
1.125284531,2252607,Jelena Jankovic,Sevastova v J Jankovic,10,2016-06-18 03:25:34.548,1.58,2016-06-18 17:00:00,
1.125284531,2252607,Jelena Jankovic,Sevastova v J Jankovic,20,2016-06-18 05:34:43.875,1.52,2016-06-18 17:00:00,
1.125284531,2252607,Jelena Jankovic,Sevastova v J Jankovic,30,2016-06-18 08:38:12.909,1.55,2016-06-18 17:00:00,
1.125284531,2252607,Jelena Jankovic,Sevastova v J Jankovic,40,2016-06-18 09:26:05.621,1.57,2016-06-18 17:00:00,
1.125284531,2252607,Jelena Jankovic,Sevastova v J Jankovic,50,2016-06-18 14:00:03.437,1.58,2016-06-18 17:00:00,
1.125284531,2252607,Jelena Jankovic,Sevastova v J Jankovic,60,2016-06-18 15:00:39.153,1.6,2016-06-18 17:00:00,
1.125284531,2252607,Jelena Jankovic,Sevastova v J Jankovic,70,2016-06-18 15:34:34.677,1.63,2016-06-18 17:00:00,
1.125284531,2252607,Jelena Jankovic,Sevastova v J Jankovic,80,2016-06-18 16:06:36.588,1.63,2016-06-18 17:00:00,
1.125284531,2252607,Jelena Jankovic,Sevastova v J Jankovic,90,2016-06-18 16:35:46.306,1.61,2016-06-18 17:00:00,
1.125284531,2252607,Jelena Jankovic,Sevastova v J Jankovic,100,2016-06-18 16:53:46.281,1.58,2016-06-18 17:00:00,
1.125284531,2422070,Anastasija Sevastova,Sevastova v J Jankovic,0,2016-06-17 20:53:46.004,2.6,2016-06-18 17:00:00,
1.125284531,2422070,Anastasija Sevastova,Sevastova v J Jankovic,10,2016-06-17 22:11:29.304,2.7,2016-06-18 17:00:00,
1.125284531,2422070,Anastasija Sevastova,Sevastova v J Jankovic,20,2016-06-18 04:38:15.027,2.72,2016-06-18 17:00:00,
1.125284531,2422070,Anastasija Sevastova,Sevastova v J Jankovic,30,2016-06-18 11:12:30.322,2.76,2016-06-18 17:00:00,
1.125284531,2422070,Anastasija Sevastova,Sevastova v J Jankovic,40,2016-06-18 13:28:33.959,2.72,2016-06-18 17:00:00,
1.125284531,2422070,Anastasija Sevastova,Sevastova v J Jankovic,50,2016-06-18 14:48:46.109,2.74,2016-06-18 17:00:00,
1.125284531,2422070,Anastasija Sevastova,Sevastova v J Jankovic,60,2016-06-18 15:05:45.838,2.62,2016-06-18 17:00:00,
1.125284531,2422070,Anastasija Sevastova,Sevastova v J Jankovic,70,2016-06-18 15:16:42.999,2.62,2016-06-18 17:00:00,
1.125284531,2422070,Anastasija Sevastova,Sevastova v J Jankovic,80,2016-06-18 16:12:39.857,2.62,2016-06-18 17:00:00,
1.125284531,2422070,Anastasija Sevastova,Sevastova v J Jankovic,90,2016-06-18 16:35:46.306,2.62,2016-06-18 17:00:00,
1.125284531,2422070,Anastasija Sevastova,Sevastova v J Jankovic,100,2016-06-18 16:53:46.281,2.72,2016-06-18 17:00:00,
1.125284765,3588868,Bernard Tomic,Raonic v B Tomic,0,2016-06-17 19:55:13.033,3.9,2016-06-18 14:15:00,
1.125284765,3588868,Bernard Tomic,Raonic v B Tomic,10,2016-06-17 23:15:18.498,4.2,2016-06-18 14:15:00,
1.125284765,3588868,Bernard Tomic,Raonic v B Tomic,20,2016-06-18 03:35:55.103,4.5,2016-06-18 14:15:00,
1.125284765,3588868,Bernard Tomic,Raonic v B Tomic,30,2016-06-18 04:24:16.023,4.3,2016-06-18 14:15:00,
1.125284765,3588868,Bernard Tomic,Raonic v B Tomic,40,2016-06-18 07:27:46.189,4.2,2016-06-18 14:15:00,
1.125284765,3588868,Bernard Tomic,Raonic v B Tomic,50,2016-06-18 11:01:36.599,4.2,2016-06-18 14:15:00,
1.125284765,3588868,Bernard Tomic,Raonic v B Tomic,60,2016-06-18 12:32:04.928,4.3,2016-06-18 14:04:00,
1.125284765,3588868,Bernard Tomic,Raonic v B Tomic,70,2016-06-18 13:21:14.456,4.2,2016-06-18 14:04:00,
1.125284765,3588868,Bernard Tomic,Raonic v B Tomic,80,2016-06-18 14:09:14.587,4.3,2016-06-18 14:19:00,
1.125284765,3588868,Bernard Tomic,Raonic v B Tomic,90,2016-06-18 14:23:08.849,4.4,2016-06-18 14:34:00,
1.125284765,3588868,Bernard Tomic,Raonic v B Tomic,100,2016-06-18 14:33:11.360,4.4,2016-06-18 14:44:00,
1.125284765,4105819,Milos Raonic,Raonic v B Tomic,0,2016-06-17 19:36:44.033,1.23,2016-06-18 14:15:00,
1.125284765,4105819,Milos Raonic,Raonic v B Tomic,10,2016-06-17 22:18:56.063,1.31,2016-06-18 14:15:00,
1.125284765,4105819,Milos Raonic,Raonic v B Tomic,20,2016-06-18 04:24:04.496,1.3,2016-06-18 14:15:00,
1.125284765,4105819,Milos Raonic,Raonic v B Tomic,30,2016-06-18 06:45:09.269,1.29,2016-06-18 14:15:00,
1.125284765,4105819,Milos Raonic,Raonic v B Tomic,40,2016-06-18 08:20:56.950,1.31,2016-06-18 14:15:00,
1.125284765,4105819,Milos Raonic,Raonic v B Tomic,50,2016-06-18 09:48:04.773,1.3,2016-06-18 14:15:00,
1.125284765,4105819,Milos Raonic,Raonic v B Tomic,60,2016-06-18 11:20:20.553,1.31,2016-06-18 14:15:00,
1.125284765,4105819,Milos Raonic,Raonic v B Tomic,70,2016-06-18 12:52:01.254,1.31,2016-06-18 14:04:00,
1.125284765,4105819,Milos Raonic,Raonic v B Tomic,80,2016-06-18 13:16:39.302,1.3,2016-06-18 14:04:00,
1.125284765,4105819,Milos Raonic,Raonic v B Tomic,90,2016-06-18 14:07:09.193,1.3,2016-06-18 14:19:00,
1.125284765,4105819,Milos Raonic,Raonic v B Tomic,100,2016-06-18 14:34:13.472,1.3,2016-06-18 14:44:00,
1.125285274,8639819,Sam Groth,Groth v F Moser,0,2016-06-18 07:51:36.718,1.16,2016-06-18 14:00:00,
1.125285274,8639819,Sam Groth,Groth v F Moser,10,2016-06-18 09:00:02.805,1.2,2016-06-18 14:00:00,
1.125285274,8639819,Sam Groth,Groth v F Moser,20,2016-06-18 09:49:32.907,1.18,2016-06-18 13:48:00,
1.125285274,8639819,Sam Groth,Groth v F Moser,30,2016-06-18 10:18:05.477,1.12,2016-06-18 13:48:00,
1.125285274,8639819,Sam Groth,Groth v F Moser,40,2016-06-18 10:43:14.268,1.15,2016-06-18 13:48:00,
1.125285274,8639819,Sam Groth,Groth v F Moser,50,2016-06-18 11:35:16.097,1.13,2016-06-18 13:48:00,
1.125285274,8639819,Sam Groth,Groth v F Moser,60,2016-06-18 11:57:38.470,1.13,2016-06-18 14:03:00,
1.125285274,8639819,Sam Groth,Groth v F Moser,70,2016-06-18 12:29:52.582,1.18,2016-06-18 13:59:00,
1.125285274,8639819,Sam Groth,Groth v F Moser,80,2016-06-18 12:38:31.306,1.13,2016-06-18 13:59:00,
1.125285274,8639819,Sam Groth,Groth v F Moser,90,2016-06-18 12:45:17.973,1.14,2016-06-18 13:59:00,
1.125285274,8639819,Sam Groth,Groth v F Moser,100,2016-06-18 12:58:28.840,1.13,2016-06-18 13:59:00,
1.125286225,5011822,Konstantin Kravchuk,Kravchuk v Albot,0,2016-06-18 16:35:37.610,1.74,2016-06-19 05:00:00,
1.125286225,5011822,Konstantin Kravchuk,Kravchuk v Albot,10,2016-06-18 21:57:00.472,1.67,2016-06-19 05:00:00,
1.125286225,5011822,Konstantin Kravchuk,Kravchuk v Albot,20,2016-06-18 22:55:39.803,1.72,2016-06-19 05:00:00,
1.125286225,5011822,Konstantin Kravchuk,Kravchuk v Albot,30,2016-06-19 04:00:41.412,1.72,2016-06-19 05:00:00,
1.125286225,5011822,Konstantin Kravchuk,Kravchuk v Albot,40,2016-06-19 04:26:15.956,1.8,2016-06-19 05:00:00,
1.125286225,5011822,Konstantin Kravchuk,Kravchuk v Albot,50,2016-06-19 04:32:40.778,1.74,2016-06-19 05:00:00,
1.125286225,5011822,Konstantin Kravchuk,Kravchuk v Albot,60,2016-06-19 04:35:36.365,1.75,2016-06-19 05:00:00,
1.125286225,5011822,Konstantin Kravchuk,Kravchuk v Albot,70,2016-06-19 04:41:38.290,1.82,2016-06-19 05:00:00,
1.125286225,5011822,Konstantin Kravchuk,Kravchuk v Albot,80,2016-06-19 04:45:37.757,1.81,2016-06-19 05:00:00,
1.125286225,5011822,Konstantin Kravchuk,Kravchuk v Albot,90,2016-06-19 04:47:40.558,1.82,2016-06-19 05:00:00,
1.125286225,5011822,Konstantin Kravchuk,Kravchuk v Albot,100,2016-06-19 04:51:40.040,1.81,2016-06-19 05:00:00,
1.125286377,2249394,Jan Hernych,Hernych v Konecny,0,2016-06-19 04:27:53.658,1.31,2016-06-19 10:00:00,
1.125286377,2249394,Jan Hernych,Hernych v Konecny,10,2016-06-19 06:23:31.759,1.29,2016-06-19 10:00:00,
1.125286377,2249394,Jan Hernych,Hernych v Konecny,20,2016-06-19 07:12:24.624,1.29,2016-06-19 10:00:00,
1.125286377,2249394,Jan Hernych,Hernych v Konecny,30,2016-06-19 07:57:24.875,1.31,2016-06-19 10:00:00,
1.125286377,2249394,Jan Hernych,Hernych v Konecny,40,2016-06-19 08:30:14.332,1.31,2016-06-19 10:00:00,
1.125286377,2249394,Jan Hernych,Hernych v Konecny,50,2016-06-19 08:32:10.785,1.32,2016-06-19 10:00:00,
1.125286377,2249394,Jan Hernych,Hernych v Konecny,60,2016-06-19 08:43:02.476,1.25,2016-06-19 10:00:00,
1.125286377,2249394,Jan Hernych,Hernych v Konecny,70,2016-06-19 08:45:17.012,1.24,2016-06-19 10:00:00,
1.125286377,2249394,Jan Hernych,Hernych v Konecny,80,2016-06-19 09:25:16.389,1.24,2016-06-19 10:00:00,
1.125286377,2249394,Jan Hernych,Hernych v Konecny,90,2016-06-19 09:26:10.559,1.23,2016-06-19 10:00:00,
1.125286377,2249394,Jan Hernych,Hernych v Konecny,100,2016-06-19 09:28:50.326,1.23,2016-06-19 10:00:00,
1.125286795,4422812,Stephane Robert,St Robert v Barton,0,2016-06-19 04:02:13.000,1.47,2016-06-19 10:00:00,
1.125286795,4422812,Stephane Robert,St Robert v Barton,10,2016-06-19 06:11:17.072,1.46,2016-06-19 10:00:00,
1.125286795,4422812,Stephane Robert,St Robert v Barton,20,2016-06-19 06:32:40.832,1.47,2016-06-19 10:00:00,
1.125286795,4422812,Stephane Robert,St Robert v Barton,30,2016-06-19 07:22:26.297,1.53,2016-06-19 10:00:00,
1.125286795,4422812,Stephane Robert,St Robert v Barton,40,2016-06-19 08:03:02.333,1.5,2016-06-19 10:00:00,
1.125286795,4422812,Stephane Robert,St Robert v Barton,50,2016-06-19 08:03:27.813,1.48,2016-06-19 10:00:00,
1.125286795,4422812,Stephane Robert,St Robert v Barton,60,2016-06-19 08:31:13.156,1.53,2016-06-19 10:00:00,
1.125286795,4422812,Stephane Robert,St Robert v Barton,70,2016-06-19 08:43:11.974,1.57,2016-06-19 10:00:00,
1.125286795,4422812,Stephane Robert,St Robert v Barton,80,2016-06-19 08:44:08.235,1.58,2016-06-19 10:00:00,
1.125286795,4422812,Stephane Robert,St Robert v Barton,90,2016-06-19 08:54:13.873,1.56,2016-06-19 10:00:00,
1.125286795,4422812,Stephane Robert,St Robert v Barton,100,2016-06-19 09:18:58.249,1.56,2016-06-19 10:00:00,
1.1252869,2309522,Caroline Wozniacki,Cornet v Wozniacki,0,2016-06-18 20:45:26.293,1.39,2016-06-19 12:00:00,
1.1252869,2309522,Caroline Wozniacki,Cornet v Wozniacki,10,2016-06-18 21:07:06.196,1.44,2016-06-19 12:00:00,
1.1252869,2309522,Caroline Wozniacki,Cornet v Wozniacki,20,2016-06-18 22:17:15.062,1.38,2016-06-19 12:00:00,
1.1252869,2309522,Caroline Wozniacki,Cornet v Wozniacki,30,2016-06-19 00:46:22.201,1.43,2016-06-19 12:00:00,
1.1252869,2309522,Caroline Wozniacki,Cornet v Wozniacki,40,2016-06-19 07:15:39.360,1.44,2016-06-19 12:00:00,
1.1252869,2309522,Caroline Wozniacki,Cornet v Wozniacki,50,2016-06-19 09:09:46.123,1.4,2016-06-19 12:00:00,
1.1252869,2309522,Caroline Wozniacki,Cornet v Wozniacki,60,2016-06-19 09:32:45.293,1.4,2016-06-19 12:00:00,
1.1252869,2309522,Caroline Wozniacki,Cornet v Wozniacki,70,2016-06-19 10:29:42.670,1.36,2016-06-19 11:51:00,
1.1252869,2309522,Caroline Wozniacki,Cornet v Wozniacki,80,2016-06-19 10:36:46.081,1.34,2016-06-19 11:51:00,
1.1252869,2309522,Caroline Wozniacki,Cornet v Wozniacki,90,2016-06-19 11:10:39.849,1.35,2016-06-19 11:22:00,
1.1252869,2309522,Caroline Wozniacki,Cornet v Wozniacki,100,2016-06-19 11:19:44.705,1.34,2016-06-19 11:22:00,
1.1252869,8736064,Alizé Cornet,Cornet v Wozniacki,0,2016-06-18 21:48:49.893,3.5,2016-06-19 12:00:00,
1.1252869,8736064,Alizé Cornet,Cornet v Wozniacki,10,2016-06-19 06:30:35.363,3.1,2016-06-19 12:00:00,
1.1252869,8736064,Alizé Cornet,Cornet v Wozniacki,20,2016-06-19 08:25:14.658,3.25,2016-06-19 12:00:00,
1.1252869,8736064,Alizé Cornet,Cornet v Wozniacki,30,2016-06-19 08:45:44.612,3.6,2016-06-19 12:00:00,
1.1252869,8736064,Alizé Cornet,Cornet v Wozniacki,40,2016-06-19 10:29:42.670,3.75,2016-06-19 11:51:00,
1.1252869,8736064,Alizé Cornet,Cornet v Wozniacki,50,2016-06-19 10:30:46.304,3.9,2016-06-19 11:51:00,
1.1252869,8736064,Alizé Cornet,Cornet v Wozniacki,60,2016-06-19 10:31:46.281,4.1,2016-06-19 11:51:00,
1.1252869,8736064,Alizé Cornet,Cornet v Wozniacki,70,2016-06-19 11:06:36.740,3.75,2016-06-19 11:07:00,
1.1252869,8736064,Alizé Cornet,Cornet v Wozniacki,80,2016-06-19 11:10:39.849,3.9,2016-06-19 11:22:00,
1.1252869,8736064,Alizé Cornet,Cornet v Wozniacki,90,2016-06-19 11:11:44.657,3.85,2016-06-19 11:22:00,
1.1252869,8736064,Alizé Cornet,Cornet v Wozniacki,100,2016-06-19 11:19:44.705,3.95,2016-06-19 11:22:00,
1.125286902,8599405,Broady/Watson,Broady/Watson v Atawo/Spears,0,2016-06-19 17:36:44.610,2.62,2016-06-20 12:00:00,
1.125286902,8599405,Broady/Watson,Broady/Watson v Atawo/Spears,10,2016-06-21 19:40:09.787,4.6,2016-06-22 11:00:00,2016-06-21 18:41:29.661
1.125286902,8599405,Broady/Watson,Broady/Watson v Atawo/Spears,20,2016-06-21 20:01:42.482,4.5,2016-06-22 11:00:00,2016-06-21 18:41:29.661
1.125286902,8599405,Broady/Watson,Broady/Watson v Atawo/Spears,30,2016-06-21 20:21:13.918,5.0,2016-06-22 11:00:00,2016-06-21 18:41:29.661
1.125286902,8599405,Broady/Watson,Broady/Watson v Atawo/Spears,40,2016-06-21 21:06:39.920,4.5,2016-06-22 11:00:00,2016-06-21 18:41:29.661
1.125286902,8599405,Broady/Watson,Broady/Watson v Atawo/Spears,50,2016-06-21 21:24:44.036,4.2,2016-06-22 11:00:00,2016-06-21 18:41:29.661
1.125286902,8599405,Broady/Watson,Broady/Watson v Atawo/Spears,60,2016-06-21 21:29:44.674,4.2,2016-06-22 11:00:00,2016-06-21 18:41:29.661
1.125286902,8599405,Broady/Watson,Broady/Watson v Atawo/Spears,70,2016-06-22 04:12:26.446,4.1,2016-06-22 11:00:00,2016-06-21 18:41:29.661
1.125286902,8599405,Broady/Watson,Broady/Watson v Atawo/Spears,80,2016-06-22 05:57:41.870,4.2,2016-06-22 11:00:00,2016-06-21 18:41:29.661
1.125286902,8599405,Broady/Watson,Broady/Watson v Atawo/Spears,90,2016-06-22 06:46:41.040,4.0,2016-06-22 11:00:00,2016-06-21 18:41:29.661
1.125286902,8599405,Broady/Watson,Broady/Watson v Atawo/Spears,100,2016-06-22 09:10:37.698,3.9,2016-06-22 11:00:00,2016-06-21 18:41:29.661
1.125286902,10727428,Atawo/Spears,Broady/Watson v Atawo/Spears,0,2016-06-19 17:36:44.610,1.61,2016-06-20 12:00:00,
1.125286902,10727428,Atawo/Spears,Broady/Watson v Atawo/Spears,10,2016-06-21 20:12:40.623,1.22,2016-06-22 11:00:00,2016-06-21 18:41:29.661
1.125286902,10727428,Atawo/Spears,Broady/Watson v Atawo/Spears,20,2016-06-21 20:56:36.496,1.29,2016-06-22 11:00:00,2016-06-21 18:41:29.661
1.125286902,10727428,Atawo/Spears,Broady/Watson v Atawo/Spears,30,2016-06-21 21:18:28.048,1.28,2016-06-22 11:00:00,2016-06-21 18:41:29.661
1.125286902,10727428,Atawo/Spears,Broady/Watson v Atawo/Spears,40,2016-06-21 21:29:44.674,1.31,2016-06-22 11:00:00,2016-06-21 18:41:29.661
1.125286902,10727428,Atawo/Spears,Broady/Watson v Atawo/Spears,50,2016-06-21 21:50:36.174,1.3,2016-06-22 11:00:00,2016-06-21 18:41:29.661
1.125286902,10727428,Atawo/Spears,Broady/Watson v Atawo/Spears,60,2016-06-22 04:05:30.135,1.31,2016-06-22 11:00:00,2016-06-21 18:41:29.661
1.125286902,10727428,Atawo/Spears,Broady/Watson v Atawo/Spears,70,2016-06-22 05:36:23.266,1.31,2016-06-22 11:00:00,2016-06-21 18:41:29.661
1.125286902,10727428,Atawo/Spears,Broady/Watson v Atawo/Spears,80,2016-06-22 06:07:22.936,1.33,2016-06-22 11:00:00,2016-06-21 18:41:29.661
1.125286902,10727428,Atawo/Spears,Broady/Watson v Atawo/Spears,90,2016-06-22 07:12:47.048,1.34,2016-06-22 11:00:00,2016-06-21 18:41:29.661
1.125286902,10727428,Atawo/Spears,Broady/Watson v Atawo/Spears,100,2016-06-22 09:10:37.698,1.34,2016-06-22 11:00:00,2016-06-21 18:41:29.661
1.12528692,5053424,Daria Gavrilova,A Schmiedlova v Gavrilova,0,2016-06-19 15:28:27.282,1.22,2016-06-20 12:00:00,
1.12528692,5053424,Daria Gavrilova,A Schmiedlova v Gavrilova,10,2016-06-20 09:11:43.321,1.2,2016-06-20 17:00:00,
1.12528692,5053424,Daria Gavrilova,A Schmiedlova v Gavrilova,20,2016-06-20 16:17:52.950,1.21,2016-06-20 18:31:00,
1.12528692,5053424,Daria Gavrilova,A Schmiedlova v Gavrilova,30,2016-06-20 18:14:47.171,1.25,2016-06-20 19:11:00,
1.12528692,5053424,Daria Gavrilova,A Schmiedlova v Gavrilova,40,2016-06-20 20:17:46.769,1.14,2016-06-21 12:00:00,2016-06-20 18:44:47.345
1.12528692,5053424,Daria Gavrilova,A Schmiedlova v Gavrilova,50,2016-06-20 20:53:39.238,1.13,2016-06-21 12:00:00,2016-06-20 18:44:47.345
1.12528692,5053424,Daria Gavrilova,A Schmiedlova v Gavrilova,60,2016-06-20 21:34:24.231,1.14,2016-06-21 12:00:00,2016-06-20 18:44:47.345
1.12528692,5053424,Daria Gavrilova,A Schmiedlova v Gavrilova,70,2016-06-20 23:24:57.868,1.14,2016-06-21 12:00:00,2016-06-20 18:44:47.345
1.12528692,5053424,Daria Gavrilova,A Schmiedlova v Gavrilova,80,2016-06-21 07:17:08.972,1.14,2016-06-21 12:00:00,2016-06-20 18:44:47.345
1.12528692,5053424,Daria Gavrilova,A Schmiedlova v Gavrilova,90,2016-06-21 09:58:59.253,1.13,2016-06-21 11:52:00,2016-06-20 18:44:47.345
1.12528692,5053424,Daria Gavrilova,A Schmiedlova v Gavrilova,100,2016-06-21 11:15:40.730,1.13,2016-06-21 11:52:00,2016-06-20 18:44:47.345
1.12528692,11107655,Anna Karolina Schmiedlo,A Schmiedlova v Gavrilova,0,2016-06-18 21:42:53.313,5.2,2016-06-19 12:00:00,
1.12528692,11107655,Anna Karolina Schmiedlo,A Schmiedlova v Gavrilova,10,2016-06-20 09:29:37.133,5.8,2016-06-20 17:00:00,
1.12528692,11107655,Anna Karolina Schmiedlo,A Schmiedlova v Gavrilova,20,2016-06-20 16:56:33.879,5.6,2016-06-20 19:01:00,
1.12528692,11107655,Anna Karolina Schmiedlo,A Schmiedlova v Gavrilova,30,2016-06-20 18:22:49.072,5.2,2016-06-20 19:11:00,
1.12528692,11107655,Anna Karolina Schmiedlo,A Schmiedlova v Gavrilova,40,2016-06-20 19:48:44.075,8.2,2016-06-21 12:00:00,2016-06-20 18:44:47.345
1.12528692,11107655,Anna Karolina Schmiedlo,A Schmiedlova v Gavrilova,50,2016-06-20 21:01:35.406,8.0,2016-06-21 12:00:00,2016-06-20 18:44:47.345
1.12528692,11107655,Anna Karolina Schmiedlo,A Schmiedlova v Gavrilova,60,2016-06-20 22:08:09.474,8.4,2016-06-21 12:00:00,2016-06-20 18:44:47.345
1.12528692,11107655,Anna Karolina Schmiedlo,A Schmiedlova v Gavrilova,70,2016-06-21 04:00:37.126,8.4,2016-06-21 12:00:00,2016-06-20 18:44:47.345
1.12528692,11107655,Anna Karolina Schmiedlo,A Schmiedlova v Gavrilova,80,2016-06-21 07:58:53.837,8.6,2016-06-21 12:00:00,2016-06-20 18:44:47.345
1.12528692,11107655,Anna Karolina Schmiedlo,A Schmiedlova v Gavrilova,90,2016-06-21 09:41:07.250,8.4,2016-06-21 12:00:00,2016-06-20 18:44:47.345
1.12528692,11107655,Anna Karolina Schmiedlo,A Schmiedlova v Gavrilova,100,2016-06-21 11:42:45.745,8.6,2016-06-21 11:52:00,2016-06-20 18:44:47.345
1.125287024,2087731,Hingis/Mirza,Hingis/Mirza v Safarova/Stosur,0,2016-06-21 07:50:45.218,1.26,2016-06-21 17:00:00,
1.125287024,2087731,Hingis/Mirza,Hingis/Mirza v Safarova/Stosur,10,2016-06-21 13:43:13.133,1.21,2016-06-21 17:00:00,
1.125287024,2087731,Hingis/Mirza,Hingis/Mirza v Safarova/Stosur,20,2016-06-21 16:35:09.437,1.24,2016-06-21 17:00:00,
1.125287024,2087731,Hingis/Mirza,Hingis/Mirza v Safarova/Stosur,30,2016-06-21 18:12:43.482,1.22,2016-06-21 18:15:00,
1.125287024,2087731,Hingis/Mirza,Hingis/Mirza v Safarova/Stosur,40,2016-06-21 18:45:01.854,1.21,2016-06-21 19:00:00,
1.125287024,2087731,Hingis/Mirza,Hingis/Mirza v Safarova/Stosur,50,2016-06-21 19:28:15.691,1.19,2016-06-21 19:30:00,
1.125287024,2087731,Hingis/Mirza,Hingis/Mirza v Safarova/Stosur,60,2016-06-21 19:50:54.381,1.2,2016-06-22 12:00:00,
1.125287024,2087731,Hingis/Mirza,Hingis/Mirza v Safarova/Stosur,70,2016-06-22 04:17:47.960,1.25,2016-06-22 12:00:00,
1.125287024,2087731,Hingis/Mirza,Hingis/Mirza v Safarova/Stosur,80,2016-06-22 07:16:47.962,1.24,2016-06-22 12:00:00,
1.125287024,2087731,Hingis/Mirza,Hingis/Mirza v Safarova/Stosur,90,2016-06-22 09:17:55.216,1.24,2016-06-22 12:00:00,
1.125287024,2087731,Hingis/Mirza,Hingis/Mirza v Safarova/Stosur,100,2016-06-22 11:45:44.356,1.26,2016-06-22 12:00:00,
1.125287078,2453959,Ekaterina Makarova,T Moore v E Makarova,0,2016-06-19 18:09:53.723,1.26,2016-06-20 10:00:00,
1.125287078,2453959,Ekaterina Makarova,T Moore v E Makarova,10,2016-06-20 03:37:01.530,1.26,2016-06-20 10:00:00,
1.125287078,2453959,Ekaterina Makarova,T Moore v E Makarova,20,2016-06-20 06:46:46.796,1.3,2016-06-20 10:00:00,
1.125287078,2453959,Ekaterina Makarova,T Moore v E Makarova,30,2016-06-20 07:41:49.961,1.28,2016-06-20 10:00:00,
1.125287078,2453959,Ekaterina Makarova,T Moore v E Makarova,40,2016-06-20 08:54:52.729,1.32,2016-06-20 10:00:00,
1.125287078,2453959,Ekaterina Makarova,T Moore v E Makarova,50,2016-06-20 09:20:59.707,1.29,2016-06-20 13:00:00,
1.125287078,2453959,Ekaterina Makarova,T Moore v E Makarova,60,2016-06-20 09:29:57.855,1.3,2016-06-20 13:00:00,
1.125287078,2453959,Ekaterina Makarova,T Moore v E Makarova,70,2016-06-20 10:00:01.969,1.35,2016-06-20 13:00:00,
1.125287078,2453959,Ekaterina Makarova,T Moore v E Makarova,80,2016-06-20 12:25:53.106,1.35,2016-06-20 14:00:00,
1.125287078,2453959,Ekaterina Makarova,T Moore v E Makarova,90,2016-06-20 12:56:52.299,1.34,2016-06-20 14:00:00,
1.125287078,2453959,Ekaterina Makarova,T Moore v E Makarova,100,2016-06-20 13:50:59.594,1.36,2016-06-20 14:00:00,
1.125287078,4822914,Tara Moore,T Moore v E Makarova,0,2016-06-19 06:02:36.872,4.2,2016-06-20 12:00:00,
1.125287078,4822914,Tara Moore,T Moore v E Makarova,10,2016-06-20 02:25:57.349,4.9,2016-06-20 10:00:00,
1.125287078,4822914,Tara Moore,T Moore v E Makarova,20,2016-06-20 05:42:59.387,4.1,2016-06-20 10:00:00,
1.125287078,4822914,Tara Moore,T Moore v E Makarova,30,2016-06-20 06:46:46.796,4.3,2016-06-20 10:00:00,
1.125287078,4822914,Tara Moore,T Moore v E Makarova,40,2016-06-20 09:20:01.302,4.2,2016-06-20 13:00:00,
1.125287078,4822914,Tara Moore,T Moore v E Makarova,50,2016-06-20 09:40:02.064,4.3,2016-06-20 13:00:00,
1.125287078,4822914,Tara Moore,T Moore v E Makarova,60,2016-06-20 09:54:01.724,3.95,2016-06-20 13:00:00,
1.125287078,4822914,Tara Moore,T Moore v E Makarova,70,2016-06-20 10:06:55.865,3.75,2016-06-20 13:00:00,
1.125287078,4822914,Tara Moore,T Moore v E Makarova,80,2016-06-20 10:18:54.903,3.9,2016-06-20 13:00:00,
1.125287078,4822914,Tara Moore,T Moore v E Makarova,90,2016-06-20 13:00:02.044,3.8,2016-06-20 14:00:00,
1.125287078,4822914,Tara Moore,T Moore v E Makarova,100,2016-06-20 13:53:59.605,3.75,2016-06-20 14:00:00,
1.125287091,2248470,Elena Vesnina,H Watson v Vesnina,0,2016-06-18 22:17:03.698,2.44,2016-06-19 12:00:00,
1.125287091,2248470,Elena Vesnina,H Watson v Vesnina,10,2016-06-19 21:01:29.294,2.32,2016-06-20 12:00:00,
1.125287091,2248470,Elena Vesnina,H Watson v Vesnina,20,2016-06-20 07:51:05.403,2.34,2016-06-20 12:00:00,
1.125287091,2248470,Elena Vesnina,H Watson v Vesnina,30,2016-06-20 09:00:04.329,2.4,2016-06-20 15:00:00,
1.125287091,2248470,Elena Vesnina,H Watson v Vesnina,40,2016-06-20 09:45:47.378,2.42,2016-06-20 15:00:00,
1.125287091,2248470,Elena Vesnina,H Watson v Vesnina,50,2016-06-20 11:51:06.573,2.4,2016-06-20 16:00:00,
1.125287091,2248470,Elena Vesnina,H Watson v Vesnina,60,2016-06-20 14:35:09.033,2.34,2016-06-20 15:54:00,
1.125287091,2248470,Elena Vesnina,H Watson v Vesnina,70,2016-06-20 15:00:09.804,2.28,2016-06-20 15:54:00,
1.125287091,2248470,Elena Vesnina,H Watson v Vesnina,80,2016-06-20 15:42:55.515,2.32,2016-06-20 15:54:00,
1.125287091,2248470,Elena Vesnina,H Watson v Vesnina,90,2016-06-20 15:57:02.530,2.3,2016-06-20 16:09:00,
1.125287091,2248470,Elena Vesnina,H Watson v Vesnina,100,2016-06-20 16:03:09.098,2.24,2016-06-20 16:04:00,
1.125287091,4174997,Heather Watson,H Watson v Vesnina,0,2016-06-18 22:17:03.698,1.69,2016-06-19 12:00:00,
1.125287091,4174997,Heather Watson,H Watson v Vesnina,10,2016-06-19 20:37:09.762,1.65,2016-06-20 12:00:00,
1.125287091,4174997,Heather Watson,H Watson v Vesnina,20,2016-06-20 08:24:56.320,1.74,2016-06-20 12:00:00,
1.125287091,4174997,Heather Watson,H Watson v Vesnina,30,2016-06-20 09:37:54.456,1.71,2016-06-20 15:00:00,
1.125287091,4174997,Heather Watson,H Watson v Vesnina,40,2016-06-20 10:12:09.024,1.7,2016-06-20 15:00:00,
1.125287091,4174997,Heather Watson,H Watson v Vesnina,50,2016-06-20 14:00:47.245,1.71,2016-06-20 15:54:00,
1.125287091,4174997,Heather Watson,H Watson v Vesnina,60,2016-06-20 14:41:00.072,1.73,2016-06-20 15:54:00,
1.125287091,4174997,Heather Watson,H Watson v Vesnina,70,2016-06-20 15:26:08.583,1.74,2016-06-20 15:54:00,
1.125287091,4174997,Heather Watson,H Watson v Vesnina,80,2016-06-20 15:44:03.691,1.74,2016-06-20 15:54:00,
1.125287091,4174997,Heather Watson,H Watson v Vesnina,90,2016-06-20 15:56:00.712,1.75,2016-06-20 16:09:00,
1.125287091,4174997,Heather Watson,H Watson v Vesnina,100,2016-06-20 16:03:09.098,1.8,2016-06-20 16:04:00,
1.125287092,7795290,Daria Kasatkina,Kasatkina v Ostapenko,0,2016-06-19 04:51:28.950,2.74,2016-06-19 15:00:00,
1.125287092,7795290,Daria Kasatkina,Kasatkina v Ostapenko,10,2016-06-19 06:33:33.790,2.5,2016-06-19 15:00:00,
1.125287092,7795290,Daria Kasatkina,Kasatkina v Ostapenko,20,2016-06-19 09:57:38.562,2.42,2016-06-19 15:00:00,
1.125287092,7795290,Daria Kasatkina,Kasatkina v Ostapenko,30,2016-06-19 11:05:41.740,2.46,2016-06-19 15:15:00,
1.125287092,7795290,Daria Kasatkina,Kasatkina v Ostapenko,40,2016-06-19 11:16:36.788,2.66,2016-06-19 15:05:00,
1.125287092,7795290,Daria Kasatkina,Kasatkina v Ostapenko,50,2016-06-19 11:18:59.767,2.72,2016-06-19 15:05:00,
1.125287092,7795290,Daria Kasatkina,Kasatkina v Ostapenko,60,2016-06-19 11:43:28.628,2.6,2016-06-19 15:05:00,
1.125287092,7795290,Daria Kasatkina,Kasatkina v Ostapenko,70,2016-06-19 11:57:58.076,2.74,2016-06-19 15:05:00,
1.125287092,7795290,Daria Kasatkina,Kasatkina v Ostapenko,80,2016-06-19 12:10:56.318,2.74,2016-06-19 15:05:00,
1.125287092,7795290,Daria Kasatkina,Kasatkina v Ostapenko,90,2016-06-19 12:11:54.754,2.76,2016-06-19 15:05:00,
1.125287092,7795290,Daria Kasatkina,Kasatkina v Ostapenko,100,2016-06-19 14:56:26.698,2.62,2016-06-19 15:01:00,
1.125287092,8827537,Jelena Ostapenko,Kasatkina v Ostapenko,0,2016-06-19 04:51:28.950,1.57,2016-06-19 15:00:00,
1.125287092,8827537,Jelena Ostapenko,Kasatkina v Ostapenko,10,2016-06-19 06:04:17.547,1.58,2016-06-19 15:00:00,
1.125287092,8827537,Jelena Ostapenko,Kasatkina v Ostapenko,20,2016-06-19 06:36:49.821,1.66,2016-06-19 15:00:00,
1.125287092,8827537,Jelena Ostapenko,Kasatkina v Ostapenko,30,2016-06-19 08:28:10.833,1.69,2016-06-19 15:00:00,
1.125287092,8827537,Jelena Ostapenko,Kasatkina v Ostapenko,40,2016-06-19 11:15:40.913,1.63,2016-06-19 15:05:00,
1.125287092,8827537,Jelena Ostapenko,Kasatkina v Ostapenko,50,2016-06-19 11:18:59.767,1.58,2016-06-19 15:05:00,
1.125287092,8827537,Jelena Ostapenko,Kasatkina v Ostapenko,60,2016-06-19 11:43:28.628,1.62,2016-06-19 15:05:00,
1.125287092,8827537,Jelena Ostapenko,Kasatkina v Ostapenko,70,2016-06-19 11:57:58.076,1.57,2016-06-19 15:05:00,
1.125287092,8827537,Jelena Ostapenko,Kasatkina v Ostapenko,80,2016-06-19 12:10:56.318,1.53,2016-06-19 15:05:00,
1.125287092,8827537,Jelena Ostapenko,Kasatkina v Ostapenko,90,2016-06-19 13:23:23.904,1.55,2016-06-19 15:01:00,
1.125287092,8827537,Jelena Ostapenko,Kasatkina v Ostapenko,100,2016-06-19 14:38:56.722,1.58,2016-06-19 15:01:00,
1.125287247,4828174,Timea Babos,Babos v Giorgi,0,2016-06-18 22:47:25.127,1.87,2016-06-19 13:00:00,
1.125287247,4828174,Timea Babos,Babos v Giorgi,10,2016-06-19 06:02:03.287,1.76,2016-06-19 13:00:00,
1.125287247,4828174,Timea Babos,Babos v Giorgi,20,2016-06-19 08:38:10.267,1.88,2016-06-19 13:00:00,
1.125287247,4828174,Timea Babos,Babos v Giorgi,30,2016-06-19 09:06:59.791,1.9,2016-06-19 13:00:00,
1.125287247,4828174,Timea Babos,Babos v Giorgi,40,2016-06-19 09:29:57.753,1.88,2016-06-19 13:00:00,
1.125287247,4828174,Timea Babos,Babos v Giorgi,50,2016-06-19 11:08:12.389,2.02,2016-06-19 13:15:00,
1.125287247,4828174,Timea Babos,Babos v Giorgi,60,2016-06-19 11:53:42.780,1.98,2016-06-19 13:05:00,
1.125287247,4828174,Timea Babos,Babos v Giorgi,70,2016-06-19 11:57:48.016,1.96,2016-06-19 13:05:00,
1.125287247,4828174,Timea Babos,Babos v Giorgi,80,2016-06-19 12:07:01.730,1.94,2016-06-19 13:05:00,
1.125287247,4828174,Timea Babos,Babos v Giorgi,90,2016-06-19 12:22:01.967,1.95,2016-06-19 13:05:00,
1.125287247,4828174,Timea Babos,Babos v Giorgi,100,2016-06-19 12:58:13.832,1.94,2016-06-19 13:05:00,
1.125287247,5619012,Camila Giorgi,Babos v Giorgi,0,2016-06-18 22:47:25.127,2.18,2016-06-19 13:00:00,
1.125287247,5619012,Camila Giorgi,Babos v Giorgi,10,2016-06-19 06:02:03.287,2.28,2016-06-19 13:00:00,
1.125287247,5619012,Camila Giorgi,Babos v Giorgi,20,2016-06-19 08:07:10.978,2.04,2016-06-19 13:00:00,
1.125287247,5619012,Camila Giorgi,Babos v Giorgi,30,2016-06-19 08:38:10.267,2.14,2016-06-19 13:00:00,
1.125287247,5619012,Camila Giorgi,Babos v Giorgi,40,2016-06-19 10:29:13.365,2.06,2016-06-19 13:00:00,
1.125287247,5619012,Camila Giorgi,Babos v Giorgi,50,2016-06-19 11:35:05.385,2.04,2016-06-19 13:05:00,
1.125287247,5619012,Camila Giorgi,Babos v Giorgi,60,2016-06-19 11:44:09.127,2.0,2016-06-19 13:05:00,
1.125287247,5619012,Camila Giorgi,Babos v Giorgi,70,2016-06-19 11:57:48.016,2.04,2016-06-19 13:05:00,
1.125287247,5619012,Camila Giorgi,Babos v Giorgi,80,2016-06-19 12:07:01.730,2.06,2016-06-19 13:05:00,
1.125287247,5619012,Camila Giorgi,Babos v Giorgi,90,2016-06-19 12:23:02.734,2.04,2016-06-19 13:05:00,
1.125287247,5619012,Camila Giorgi,Babos v Giorgi,100,2016-06-19 12:56:07.241,2.06,2016-06-19 13:05:00,
1.125287304,2035578,Chan/Chan,Errani/Kalashnikova v Chan/Chan,0,2016-06-20 11:24:39.973,1.39,2016-06-20 11:30:00,
1.125287304,2035578,Chan/Chan,Errani/Kalashnikova v Chan/Chan,10,2016-06-20 13:15:03.572,1.35,2016-06-20 13:30:00,
1.125287304,2035578,Chan/Chan,Errani/Kalashnikova v Chan/Chan,20,2016-06-21 07:49:12.614,1.35,2016-06-21 17:30:00,
1.125287304,2035578,Chan/Chan,Errani/Kalashnikova v Chan/Chan,30,2016-06-21 18:47:04.323,1.38,2016-06-21 18:50:00,
1.125287304,2035578,Chan/Chan,Errani/Kalashnikova v Chan/Chan,40,2016-06-21 21:18:13.794,1.54,2016-06-22 12:00:00,2016-06-21 19:12:40.293
1.125287304,2035578,Chan/Chan,Errani/Kalashnikova v Chan/Chan,50,2016-06-21 21:23:38.621,1.56,2016-06-22 12:00:00,2016-06-21 19:12:40.293
1.125287304,2035578,Chan/Chan,Errani/Kalashnikova v Chan/Chan,60,2016-06-21 21:33:14.857,1.49,2016-06-22 12:00:00,2016-06-21 19:12:40.293
1.125287304,2035578,Chan/Chan,Errani/Kalashnikova v Chan/Chan,70,2016-06-21 21:39:51.682,1.54,2016-06-22 12:00:00,2016-06-21 19:12:40.293
1.125287304,2035578,Chan/Chan,Errani/Kalashnikova v Chan/Chan,80,2016-06-21 21:45:15.607,1.52,2016-06-22 12:00:00,2016-06-21 19:12:40.293
1.125287304,2035578,Chan/Chan,Errani/Kalashnikova v Chan/Chan,90,2016-06-22 05:38:22.712,1.29,2016-06-22 12:00:00,2016-06-21 19:12:40.293
1.125287304,2035578,Chan/Chan,Errani/Kalashnikova v Chan/Chan,100,2016-06-22 11:46:03.346,1.51,2016-06-22 12:00:00,2016-06-21 19:12:40.293
1.125287308,6542638,Klepac/Srebotnik,Groenefeld/Peschke v Klepac/Srebotnik,0,2016-06-20 08:36:18.337,1.74,2016-06-20 18:00:00,
1.125287308,6542638,Klepac/Srebotnik,Groenefeld/Peschke v Klepac/Srebotnik,10,2016-06-21 17:25:11.908,1.76,2016-06-21 17:37:00,
1.125287308,6542638,Klepac/Srebotnik,Groenefeld/Peschke v Klepac/Srebotnik,20,2016-06-21 20:33:18.100,1.56,2016-06-22 14:00:00,2016-06-21 18:22:16.861
1.125287308,6542638,Klepac/Srebotnik,Groenefeld/Peschke v Klepac/Srebotnik,30,2016-06-21 21:08:01.089,1.58,2016-06-22 14:00:00,2016-06-21 18:22:16.861
1.125287308,6542638,Klepac/Srebotnik,Groenefeld/Peschke v Klepac/Srebotnik,40,2016-06-21 21:31:15.423,1.55,2016-06-22 14:00:00,2016-06-21 18:22:16.861
1.125287308,6542638,Klepac/Srebotnik,Groenefeld/Peschke v Klepac/Srebotnik,50,2016-06-21 22:05:12.971,1.57,2016-06-22 14:00:00,2016-06-21 18:22:16.861
1.125287308,6542638,Klepac/Srebotnik,Groenefeld/Peschke v Klepac/Srebotnik,60,2016-06-22 01:52:35.183,1.52,2016-06-22 14:00:00,2016-06-21 18:22:16.861
1.125287308,6542638,Klepac/Srebotnik,Groenefeld/Peschke v Klepac/Srebotnik,70,2016-06-22 04:29:00.285,1.57,2016-06-22 14:00:00,2016-06-21 18:22:16.861
1.125287308,6542638,Klepac/Srebotnik,Groenefeld/Peschke v Klepac/Srebotnik,80,2016-06-22 06:31:21.861,1.53,2016-06-22 14:00:00,2016-06-21 18:22:16.861
1.125287308,6542638,Klepac/Srebotnik,Groenefeld/Peschke v Klepac/Srebotnik,90,2016-06-22 08:20:52.002,1.53,2016-06-22 14:00:00,2016-06-21 18:22:16.861
1.125287308,6542638,Klepac/Srebotnik,Groenefeld/Peschke v Klepac/Srebotnik,100,2016-06-22 11:30:12.648,1.53,2016-06-22 14:00:00,2016-06-21 18:22:16.861
1.125287308,6704901,Groenefeld/Peschke,Groenefeld/Peschke v Klepac/Srebotnik,0,2016-06-20 08:36:18.337,2.08,2016-06-20 18:00:00,
1.125287308,6704901,Groenefeld/Peschke,Groenefeld/Peschke v Klepac/Srebotnik,10,2016-06-21 17:25:11.908,2.32,2016-06-21 17:37:00,
1.125287308,6704901,Groenefeld/Peschke,Groenefeld/Peschke v Klepac/Srebotnik,20,2016-06-21 20:58:16.624,2.74,2016-06-22 14:00:00,2016-06-21 18:22:16.861
1.125287308,6704901,Groenefeld/Peschke,Groenefeld/Peschke v Klepac/Srebotnik,30,2016-06-21 21:25:05.455,3.1,2016-06-22 14:00:00,2016-06-21 18:22:16.861
1.125287308,6704901,Groenefeld/Peschke,Groenefeld/Peschke v Klepac/Srebotnik,40,2016-06-21 21:35:05.337,2.52,2016-06-22 14:00:00,2016-06-21 18:22:16.861
1.125287308,6704901,Groenefeld/Peschke,Groenefeld/Peschke v Klepac/Srebotnik,50,2016-06-21 22:26:19.426,2.9,2016-06-22 14:00:00,2016-06-21 18:22:16.861
1.125287308,6704901,Groenefeld/Peschke,Groenefeld/Peschke v Klepac/Srebotnik,60,2016-06-22 03:07:01.217,2.74,2016-06-22 14:00:00,2016-06-21 18:22:16.861
1.125287308,6704901,Groenefeld/Peschke,Groenefeld/Peschke v Klepac/Srebotnik,70,2016-06-22 06:31:21.861,2.88,2016-06-22 14:00:00,2016-06-21 18:22:16.861
1.125287308,6704901,Groenefeld/Peschke,Groenefeld/Peschke v Klepac/Srebotnik,80,2016-06-22 09:20:53.563,2.98,2016-06-22 14:00:00,2016-06-21 18:22:16.861
1.125287308,6704901,Groenefeld/Peschke,Groenefeld/Peschke v Klepac/Srebotnik,90,2016-06-22 11:08:13.029,2.68,2016-06-22 14:00:00,2016-06-21 18:22:16.861
1.125287308,6704901,Groenefeld/Peschke,Groenefeld/Peschke v Klepac/Srebotnik,100,2016-06-22 13:01:15.385,2.64,2016-06-22 13:52:00,2016-06-21 18:22:16.861
1.125287319,3622052,Kristina Mladenovic,Wickmayer v K Mladenovic,0,2016-06-18 20:59:33.248,1.79,2016-06-19 14:00:00,
1.125287319,3622052,Kristina Mladenovic,Wickmayer v K Mladenovic,10,2016-06-19 04:51:28.951,1.6,2016-06-19 14:00:00,
1.125287319,3622052,Kristina Mladenovic,Wickmayer v K Mladenovic,20,2016-06-19 08:27:22.487,1.69,2016-06-19 14:00:00,
1.125287319,3622052,Kristina Mladenovic,Wickmayer v K Mladenovic,30,2016-06-19 08:27:54.013,1.7,2016-06-19 14:00:00,
1.125287319,3622052,Kristina Mladenovic,Wickmayer v K Mladenovic,40,2016-06-19 10:53:27.752,1.7,2016-06-19 13:51:00,
1.125287319,3622052,Kristina Mladenovic,Wickmayer v K Mladenovic,50,2016-06-19 11:21:00.054,1.65,2016-06-19 13:16:00,
1.125287319,3622052,Kristina Mladenovic,Wickmayer v K Mladenovic,60,2016-06-19 11:38:14.316,1.65,2016-06-19 13:16:00,
1.125287319,3622052,Kristina Mladenovic,Wickmayer v K Mladenovic,70,2016-06-19 11:40:22.298,1.64,2016-06-19 13:16:00,
1.125287319,3622052,Kristina Mladenovic,Wickmayer v K Mladenovic,80,2016-06-19 11:57:55.950,1.64,2016-06-19 13:16:00,
1.125287319,3622052,Kristina Mladenovic,Wickmayer v K Mladenovic,90,2016-06-19 12:18:49.499,1.66,2016-06-19 13:16:00,
1.125287319,3622052,Kristina Mladenovic,Wickmayer v K Mladenovic,100,2016-06-19 12:58:29.603,1.7,2016-06-19 12:59:00,
1.125287321,4829328,Laura Siegemund,Tsurenko v Siegemund,0,2016-06-19 13:17:29.419,1.74,2016-06-20 12:00:00,
1.125287321,4829328,Laura Siegemund,Tsurenko v Siegemund,10,2016-06-20 02:26:08.331,1.74,2016-06-20 14:00:00,
1.125287321,4829328,Laura Siegemund,Tsurenko v Siegemund,20,2016-06-20 08:17:21.898,1.83,2016-06-20 14:00:00,
1.125287321,4829328,Laura Siegemund,Tsurenko v Siegemund,30,2016-06-20 09:28:23.656,1.78,2016-06-20 14:00:00,
1.125287321,4829328,Laura Siegemund,Tsurenko v Siegemund,40,2016-06-20 09:33:26.622,1.76,2016-06-20 14:00:00,
1.125287321,4829328,Laura Siegemund,Tsurenko v Siegemund,50,2016-06-20 10:18:38.318,1.77,2016-06-20 14:00:00,
1.125287321,4829328,Laura Siegemund,Tsurenko v Siegemund,60,2016-06-20 10:41:22.269,1.76,2016-06-20 14:00:00,
1.125287321,4829328,Laura Siegemund,Tsurenko v Siegemund,70,2016-06-20 11:53:50.699,1.84,2016-06-20 14:00:00,
1.125287321,4829328,Laura Siegemund,Tsurenko v Siegemund,80,2016-06-20 13:59:19.002,1.84,2016-06-20 14:00:00,
1.125287321,4829328,Laura Siegemund,Tsurenko v Siegemund,90,2016-06-20 16:39:58.053,1.82,2016-06-20 16:45:00,
1.125287321,4829328,Laura Siegemund,Tsurenko v Siegemund,100,2016-06-20 17:47:22.892,1.82,2016-06-20 18:00:00,
1.125287799,6195133,Dodig/Melo,Dodig/Melo v Marray/Shamasdin,0,2016-06-19 12:01:53.044,1.24,2016-06-19 16:47:00,
1.125287799,6195133,Dodig/Melo,Dodig/Melo v Marray/Shamasdin,10,2016-06-19 16:25:12.083,1.16,2016-06-19 16:27:00,
1.125287799,6195133,Dodig/Melo,Dodig/Melo v Marray/Shamasdin,20,2016-06-19 17:10:11.991,1.2,2016-06-19 17:16:00,
1.125287799,6195133,Dodig/Melo,Dodig/Melo v Marray/Shamasdin,30,2016-06-19 17:54:19.770,1.24,2016-06-19 18:01:00,
1.125287799,6195133,Dodig/Melo,Dodig/Melo v Marray/Shamasdin,40,2016-06-19 19:02:22.956,1.28,2016-06-19 19:16:00,
1.125287799,6195133,Dodig/Melo,Dodig/Melo v Marray/Shamasdin,50,2016-06-19 20:46:21.377,1.26,2016-06-19 21:01:00,
1.125287799,6195133,Dodig/Melo,Dodig/Melo v Marray/Shamasdin,60,2016-06-19 23:08:21.278,1.21,2016-06-19 23:16:00,
1.125287799,6195133,Dodig/Melo,Dodig/Melo v Marray/Shamasdin,70,2016-06-20 10:15:18.503,1.33,2016-06-21 10:00:00,
1.125287799,6195133,Dodig/Melo,Dodig/Melo v Marray/Shamasdin,80,2016-06-21 10:58:24.137,1.21,2016-06-21 15:46:00,
1.125287799,6195133,Dodig/Melo,Dodig/Melo v Marray/Shamasdin,90,2016-06-21 17:56:24.648,1.21,2016-06-21 18:07:00,
1.125287799,6195133,Dodig/Melo,Dodig/Melo v Marray/Shamasdin,100,2016-06-22 11:43:03.487,1.24,2016-06-22 11:47:00,
1.125287799,11079739,Marray/Shamasdin,Dodig/Melo v Marray/Shamasdin,0,2016-06-19 16:01:24.492,5.2,2016-06-19 16:27:00,
1.125287799,11079739,Marray/Shamasdin,Dodig/Melo v Marray/Shamasdin,10,2016-06-19 16:17:12.095,4.9,2016-06-19 16:27:00,
1.125287799,11079739,Marray/Shamasdin,Dodig/Melo v Marray/Shamasdin,20,2016-06-19 17:10:11.991,6.0,2016-06-19 17:16:00,
1.125287799,11079739,Marray/Shamasdin,Dodig/Melo v Marray/Shamasdin,30,2016-06-19 17:54:19.770,5.2,2016-06-19 18:01:00,
1.125287799,11079739,Marray/Shamasdin,Dodig/Melo v Marray/Shamasdin,40,2016-06-19 20:07:12.228,5.3,2016-06-19 20:16:00,
1.125287799,11079739,Marray/Shamasdin,Dodig/Melo v Marray/Shamasdin,50,2016-06-19 22:42:23.324,4.5,2016-06-19 22:46:00,
1.125287799,11079739,Marray/Shamasdin,Dodig/Melo v Marray/Shamasdin,60,2016-06-20 05:23:46.968,4.4,2016-06-21 10:00:00,
1.125287799,11079739,Marray/Shamasdin,Dodig/Melo v Marray/Shamasdin,70,2016-06-20 14:48:08.720,4.3,2016-06-21 10:00:00,
1.125287799,11079739,Marray/Shamasdin,Dodig/Melo v Marray/Shamasdin,80,2016-06-21 13:37:13.829,4.7,2016-06-21 14:49:00,
1.125287799,11079739,Marray/Shamasdin,Dodig/Melo v Marray/Shamasdin,90,2016-06-21 16:41:00.787,4.5,2016-06-21 16:52:00,
1.125287799,11079739,Marray/Shamasdin,Dodig/Melo v Marray/Shamasdin,100,2016-06-22 08:51:18.802,5.2,2016-06-22 12:00:00,
1.125287998,2249400,Florian Mayer,A Zverev v F Mayer,0,2016-06-18 17:07:40.211,2.98,2016-06-19 13:00:00,
1.125287998,2249400,Florian Mayer,A Zverev v F Mayer,10,2016-06-18 21:07:34.588,3.0,2016-06-19 13:00:00,
1.125287998,2249400,Florian Mayer,A Zverev v F Mayer,20,2016-06-18 23:11:44.146,2.86,2016-06-19 13:00:00,
1.125287998,2249400,Florian Mayer,A Zverev v F Mayer,30,2016-06-19 06:16:39.348,2.9,2016-06-19 13:00:00,
1.125287998,2249400,Florian Mayer,A Zverev v F Mayer,40,2016-06-19 08:03:31.050,2.84,2016-06-19 13:00:00,
1.125287998,2249400,Florian Mayer,A Zverev v F Mayer,50,2016-06-19 09:35:08.372,2.88,2016-06-19 13:00:00,
1.125287998,2249400,Florian Mayer,A Zverev v F Mayer,60,2016-06-19 10:04:40.333,2.98,2016-06-19 13:00:00,
1.125287998,2249400,Florian Mayer,A Zverev v F Mayer,70,2016-06-19 11:06:35.731,2.94,2016-06-19 13:00:00,
1.125287998,2249400,Florian Mayer,A Zverev v F Mayer,80,2016-06-19 11:40:40.407,2.92,2016-06-19 13:00:00,
1.125287998,2249400,Florian Mayer,A Zverev v F Mayer,90,2016-06-19 12:26:34.880,2.94,2016-06-19 13:00:00,
1.125287998,2249400,Florian Mayer,A Zverev v F Mayer,100,2016-06-19 12:47:37.646,3.0,2016-06-19 13:00:00,
1.125287998,7430944,Alexander Zverev,A Zverev v F Mayer,0,2016-06-18 18:05:38.854,1.48,2016-06-19 13:00:00,
1.125287998,7430944,Alexander Zverev,A Zverev v F Mayer,10,2016-06-18 20:55:35.798,1.47,2016-06-19 13:00:00,
1.125287998,7430944,Alexander Zverev,A Zverev v F Mayer,20,2016-06-18 22:42:40.169,1.54,2016-06-19 13:00:00,
1.125287998,7430944,Alexander Zverev,A Zverev v F Mayer,30,2016-06-19 01:32:59.894,1.53,2016-06-19 13:00:00,
1.125287998,7430944,Alexander Zverev,A Zverev v F Mayer,40,2016-06-19 06:30:39.496,1.55,2016-06-19 13:00:00,
1.125287998,7430944,Alexander Zverev,A Zverev v F Mayer,50,2016-06-19 08:37:38.293,1.56,2016-06-19 13:00:00,
1.125287998,7430944,Alexander Zverev,A Zverev v F Mayer,60,2016-06-19 09:52:15.688,1.52,2016-06-19 13:00:00,
1.125287998,7430944,Alexander Zverev,A Zverev v F Mayer,70,2016-06-19 10:38:36.072,1.52,2016-06-19 13:00:00,
1.125287998,7430944,Alexander Zverev,A Zverev v F Mayer,80,2016-06-19 11:24:17.760,1.53,2016-06-19 13:00:00,
1.125287998,7430944,Alexander Zverev,A Zverev v F Mayer,90,2016-06-19 11:55:31.333,1.53,2016-06-19 13:00:00,
1.125287998,7430944,Alexander Zverev,A Zverev v F Mayer,100,2016-06-19 12:48:22.385,1.49,2016-06-19 13:00:00,
1.125288013,3800907,Madison Keys,Strycova v Keys,0,2016-06-18 18:29:38.855,1.54,2016-06-19 12:30:00,
1.125288013,3800907,Madison Keys,Strycova v Keys,10,2016-06-18 20:58:27.230,1.56,2016-06-19 12:30:00,
1.125288013,3800907,Madison Keys,Strycova v Keys,20,2016-06-19 05:26:26.947,1.54,2016-06-19 12:30:00,
1.125288013,3800907,Madison Keys,Strycova v Keys,30,2016-06-19 06:59:40.541,1.53,2016-06-19 12:30:00,
1.125288013,3800907,Madison Keys,Strycova v Keys,40,2016-06-19 08:34:37.675,1.56,2016-06-19 12:30:00,
1.125288013,3800907,Madison Keys,Strycova v Keys,50,2016-06-19 09:20:27.528,1.55,2016-06-19 12:30:00,
1.125288013,3800907,Madison Keys,Strycova v Keys,60,2016-06-19 09:59:37.863,1.54,2016-06-19 12:30:00,
1.125288013,3800907,Madison Keys,Strycova v Keys,70,2016-06-19 10:27:42.649,1.57,2016-06-19 12:30:00,
1.125288013,3800907,Madison Keys,Strycova v Keys,80,2016-06-19 11:20:31.450,1.54,2016-06-19 12:30:00,
1.125288013,3800907,Madison Keys,Strycova v Keys,90,2016-06-19 11:52:30.082,1.55,2016-06-19 12:30:00,
1.125288013,3800907,Madison Keys,Strycova v Keys,100,2016-06-19 12:20:43.615,1.53,2016-06-19 12:30:00,
1.125288013,9416669,Barbora Strycova,Strycova v Keys,0,2016-06-18 18:04:54.812,2.74,2016-06-19 12:30:00,
1.125288013,9416669,Barbora Strycova,Strycova v Keys,10,2016-06-18 22:58:30.680,2.84,2016-06-19 12:30:00,
1.125288013,9416669,Barbora Strycova,Strycova v Keys,20,2016-06-19 06:24:16.525,2.8,2016-06-19 12:30:00,
1.125288013,9416669,Barbora Strycova,Strycova v Keys,30,2016-06-19 07:24:20.284,2.78,2016-06-19 12:30:00,
1.125288013,9416669,Barbora Strycova,Strycova v Keys,40,2016-06-19 09:30:14.280,2.72,2016-06-19 12:30:00,
1.125288013,9416669,Barbora Strycova,Strycova v Keys,50,2016-06-19 09:52:35.825,2.82,2016-06-19 12:30:00,
1.125288013,9416669,Barbora Strycova,Strycova v Keys,60,2016-06-19 10:19:26.610,2.82,2016-06-19 12:30:00,
1.125288013,9416669,Barbora Strycova,Strycova v Keys,70,2016-06-19 10:28:36.334,2.78,2016-06-19 12:30:00,
1.125288013,9416669,Barbora Strycova,Strycova v Keys,80,2016-06-19 11:20:31.450,2.86,2016-06-19 12:30:00,
1.125288013,9416669,Barbora Strycova,Strycova v Keys,90,2016-06-19 12:01:42.838,2.82,2016-06-19 12:30:00,
1.125288013,9416669,Barbora Strycova,Strycova v Keys,100,2016-06-19 12:22:38.877,2.84,2016-06-19 12:30:00,
1.12528825,8639819,Sam Groth,Groth v Dancevic,0,2016-06-19 04:25:18.626,1.39,2016-06-19 10:00:00,
1.12528825,8639819,Sam Groth,Groth v Dancevic,10,2016-06-19 06:11:54.060,1.38,2016-06-19 10:00:00,
1.12528825,8639819,Sam Groth,Groth v Dancevic,20,2016-06-19 06:20:33.876,1.4,2016-06-19 10:00:00,
1.12528825,8639819,Sam Groth,Groth v Dancevic,30,2016-06-19 06:35:42.406,1.44,2016-06-19 10:00:00,
1.12528825,8639819,Sam Groth,Groth v Dancevic,40,2016-06-19 07:09:15.451,1.45,2016-06-19 10:00:00,
1.12528825,8639819,Sam Groth,Groth v Dancevic,50,2016-06-19 08:02:59.081,1.46,2016-06-19 10:00:00,
1.12528825,8639819,Sam Groth,Groth v Dancevic,60,2016-06-19 08:30:32.000,1.51,2016-06-19 10:00:00,
1.12528825,8639819,Sam Groth,Groth v Dancevic,70,2016-06-19 08:41:10.623,1.47,2016-06-19 10:00:00,
1.12528825,8639819,Sam Groth,Groth v Dancevic,80,2016-06-19 08:53:24.527,1.43,2016-06-19 10:00:00,
1.12528825,8639819,Sam Groth,Groth v Dancevic,90,2016-06-19 09:00:33.715,1.4,2016-06-19 10:00:00,
1.12528825,8639819,Sam Groth,Groth v Dancevic,100,2016-06-19 09:44:34.386,1.44,2016-06-19 10:00:00,
1.125288343,2481589,Steve Darcis,Darcis v Berlocq,0,2016-06-19 06:05:06.459,2.26,2016-06-19 13:00:00,
1.125288343,2481589,Steve Darcis,Darcis v Berlocq,10,2016-06-19 08:53:44.253,2.4,2016-06-19 13:00:00,
1.125288343,2481589,Steve Darcis,Darcis v Berlocq,20,2016-06-19 09:52:43.620,2.3,2016-06-19 13:00:00,
1.125288343,2481589,Steve Darcis,Darcis v Berlocq,30,2016-06-19 10:07:50.176,2.28,2016-06-19 13:00:00,
1.125288343,2481589,Steve Darcis,Darcis v Berlocq,40,2016-06-19 11:00:38.291,2.38,2016-06-19 13:00:00,
1.125288343,2481589,Steve Darcis,Darcis v Berlocq,50,2016-06-19 11:13:33.144,2.28,2016-06-19 13:00:00,
1.125288343,2481589,Steve Darcis,Darcis v Berlocq,60,2016-06-19 11:31:33.418,2.3,2016-06-19 13:00:00,
1.125288343,2481589,Steve Darcis,Darcis v Berlocq,70,2016-06-19 11:52:43.986,2.34,2016-06-19 13:00:00,
1.125288343,2481589,Steve Darcis,Darcis v Berlocq,80,2016-06-19 12:10:32.959,2.36,2016-06-19 13:00:00,
1.125288343,2481589,Steve Darcis,Darcis v Berlocq,90,2016-06-19 12:54:47.141,2.34,2016-06-19 13:00:00,
1.125288343,2481589,Steve Darcis,Darcis v Berlocq,100,2016-06-19 13:08:43.085,2.32,2016-06-19 13:15:00,
1.125288421,2256509,Andy Murray,A Murray v Raonic,0,2016-06-18 16:13:57.442,1.35,2016-06-19 12:00:00,
1.125288421,2256509,Andy Murray,A Murray v Raonic,10,2016-06-18 20:57:00.762,1.38,2016-06-19 13:15:00,
1.125288421,2256509,Andy Murray,A Murray v Raonic,20,2016-06-18 21:51:53.801,1.32,2016-06-19 13:15:00,
1.125288421,2256509,Andy Murray,A Murray v Raonic,30,2016-06-18 23:28:52.637,1.36,2016-06-19 13:15:00,
1.125288421,2256509,Andy Murray,A Murray v Raonic,40,2016-06-19 04:00:45.263,1.34,2016-06-19 13:15:00,
1.125288421,2256509,Andy Murray,A Murray v Raonic,50,2016-06-19 07:57:52.925,1.36,2016-06-19 13:15:00,
1.125288421,2256509,Andy Murray,A Murray v Raonic,60,2016-06-19 09:28:50.332,1.35,2016-06-19 13:15:00,
1.125288421,2256509,Andy Murray,A Murray v Raonic,70,2016-06-19 10:40:49.566,1.35,2016-06-19 13:15:00,
1.125288421,2256509,Andy Murray,A Murray v Raonic,80,2016-06-19 11:22:01.042,1.36,2016-06-19 13:15:00,
1.125288421,2256509,Andy Murray,A Murray v Raonic,90,2016-06-19 12:06:02.477,1.36,2016-06-19 13:15:00,
1.125288421,2256509,Andy Murray,A Murray v Raonic,100,2016-06-19 13:04:01.868,1.4,2016-06-19 13:15:00,
1.125288421,4105819,Milos Raonic,A Murray v Raonic,0,2016-06-18 16:13:57.442,3.8,2016-06-19 12:00:00,
1.125288421,4105819,Milos Raonic,A Murray v Raonic,10,2016-06-18 21:01:00.785,3.3,2016-06-19 13:15:00,
1.125288421,4105819,Milos Raonic,A Murray v Raonic,20,2016-06-18 22:47:54.527,3.9,2016-06-19 13:15:00,
1.125288421,4105819,Milos Raonic,A Murray v Raonic,30,2016-06-19 00:39:39.576,3.85,2016-06-19 13:15:00,
1.125288421,4105819,Milos Raonic,A Murray v Raonic,40,2016-06-19 07:21:59.362,3.8,2016-06-19 13:15:00,
1.125288421,4105819,Milos Raonic,A Murray v Raonic,50,2016-06-19 08:44:57.558,3.9,2016-06-19 13:15:00,
1.125288421,4105819,Milos Raonic,A Murray v Raonic,60,2016-06-19 09:36:50.671,3.8,2016-06-19 13:15:00,
1.125288421,4105819,Milos Raonic,A Murray v Raonic,70,2016-06-19 10:33:02.584,3.85,2016-06-19 13:15:00,
1.125288421,4105819,Milos Raonic,A Murray v Raonic,80,2016-06-19 11:25:52.304,3.75,2016-06-19 13:15:00,
1.125288421,4105819,Milos Raonic,A Murray v Raonic,90,2016-06-19 12:39:01.830,3.75,2016-06-19 13:15:00,
1.125288421,4105819,Milos Raonic,A Murray v Raonic,100,2016-06-19 13:05:02.961,3.5,2016-06-19 13:15:00,
1.12528916,8174357,Blaz Rola,Rola v Kicker,0,2016-06-19 00:19:49.012,1.83,2016-06-19 09:00:00,
1.12528916,8174357,Blaz Rola,Rola v Kicker,10,2016-06-19 01:28:41.374,1.81,2016-06-19 09:00:00,
1.12528916,8174357,Blaz Rola,Rola v Kicker,20,2016-06-19 06:54:18.504,1.87,2016-06-19 09:00:00,
1.12528916,8174357,Blaz Rola,Rola v Kicker,30,2016-06-19 06:56:31.588,1.94,2016-06-19 09:00:00,
1.12528916,8174357,Blaz Rola,Rola v Kicker,40,2016-06-19 08:19:40.071,2.0,2016-06-19 09:00:00,
1.12528916,8174357,Blaz Rola,Rola v Kicker,50,2016-06-19 08:34:01.021,1.93,2016-06-19 09:00:00,
1.12528916,8174357,Blaz Rola,Rola v Kicker,60,2016-06-19 08:35:44.610,1.92,2016-06-19 09:00:00,
1.12528916,8174357,Blaz Rola,Rola v Kicker,70,2016-06-19 08:42:46.440,1.85,2016-06-19 09:00:00,
1.12528916,8174357,Blaz Rola,Rola v Kicker,80,2016-06-19 08:43:49.786,1.83,2016-06-19 09:00:00,
1.12528916,8174357,Blaz Rola,Rola v Kicker,90,2016-06-19 08:44:43.968,1.79,2016-06-19 09:00:00,
1.12528916,8174357,Blaz Rola,Rola v Kicker,100,2016-06-19 08:49:37.962,1.77,2016-06-19 09:00:00,
1.12528916,8326744,Nicolas Kicker,Rola v Kicker,0,2016-06-19 00:19:49.012,2.2,2016-06-19 09:00:00,
1.12528916,8326744,Nicolas Kicker,Rola v Kicker,10,2016-06-19 00:55:36.740,2.08,2016-06-19 09:00:00,
1.12528916,8326744,Nicolas Kicker,Rola v Kicker,20,2016-06-19 04:11:12.676,1.99,2016-06-19 09:00:00,
1.12528916,8326744,Nicolas Kicker,Rola v Kicker,30,2016-06-19 06:54:18.504,2.14,2016-06-19 09:00:00,
1.12528916,8326744,Nicolas Kicker,Rola v Kicker,40,2016-06-19 07:07:45.789,2.1,2016-06-19 09:00:00,
1.12528916,8326744,Nicolas Kicker,Rola v Kicker,50,2016-06-19 07:54:49.613,2.08,2016-06-19 09:00:00,
1.12528916,8326744,Nicolas Kicker,Rola v Kicker,60,2016-06-19 08:01:06.535,2.02,2016-06-19 09:00:00,
1.12528916,8326744,Nicolas Kicker,Rola v Kicker,70,2016-06-19 08:20:47.902,2.0,2016-06-19 09:00:00,
1.12528916,8326744,Nicolas Kicker,Rola v Kicker,80,2016-06-19 08:34:01.021,2.0,2016-06-19 09:00:00,
1.12528916,8326744,Nicolas Kicker,Rola v Kicker,90,2016-06-19 08:41:50.460,2.02,2016-06-19 09:00:00,
1.12528916,8326744,Nicolas Kicker,Rola v Kicker,100,2016-06-19 08:43:49.786,2.2,2016-06-19 09:00:00,
1.125289213,8283006,Mirjana Lucic-Baroni,Lucic-Baroni v Savchuk,0,2016-06-19 04:32:05.142,1.22,2016-06-19 10:00:00,
1.125289213,8283006,Mirjana Lucic-Baroni,Lucic-Baroni v Savchuk,10,2016-06-19 08:06:12.372,1.23,2016-06-19 10:00:00,
1.125289213,8283006,Mirjana Lucic-Baroni,Lucic-Baroni v Savchuk,20,2016-06-19 08:23:19.230,1.26,2016-06-19 10:00:00,
1.125289213,8283006,Mirjana Lucic-Baroni,Lucic-Baroni v Savchuk,30,2016-06-19 08:29:08.552,1.23,2016-06-19 10:00:00,
1.125289213,8283006,Mirjana Lucic-Baroni,Lucic-Baroni v Savchuk,40,2016-06-19 08:34:15.362,1.27,2016-06-19 10:00:00,
1.125289213,8283006,Mirjana Lucic-Baroni,Lucic-Baroni v Savchuk,50,2016-06-19 09:25:22.475,1.23,2016-06-19 10:00:00,
1.125289213,8283006,Mirjana Lucic-Baroni,Lucic-Baroni v Savchuk,60,2016-06-19 09:25:41.486,1.22,2016-06-19 10:00:00,
1.125289213,8283006,Mirjana Lucic-Baroni,Lucic-Baroni v Savchuk,70,2016-06-19 09:35:17.470,1.27,2016-06-19 10:00:00,
1.125289213,8283006,Mirjana Lucic-Baroni,Lucic-Baroni v Savchuk,80,2016-06-19 09:36:12.372,1.23,2016-06-19 10:00:00,
1.125289213,8283006,Mirjana Lucic-Baroni,Lucic-Baroni v Savchuk,90,2016-06-19 09:43:21.044,1.27,2016-06-19 10:00:00,
1.125289213,8283006,Mirjana Lucic-Baroni,Lucic-Baroni v Savchuk,100,2016-06-19 09:48:23.863,1.23,2016-06-19 10:00:00,
1.125289239,5300737,Anett Kontaveit,K Bondarenko v Kontaveit,0,2016-06-19 04:45:13.079,1.73,2016-06-19 11:00:00,
1.125289239,5300737,Anett Kontaveit,K Bondarenko v Kontaveit,10,2016-06-19 06:53:59.959,1.77,2016-06-19 11:00:00,
1.125289239,5300737,Anett Kontaveit,K Bondarenko v Kontaveit,20,2016-06-19 08:03:53.417,1.59,2016-06-19 11:00:00,
1.125289239,5300737,Anett Kontaveit,K Bondarenko v Kontaveit,30,2016-06-19 08:24:04.684,1.76,2016-06-19 11:00:00,
1.125289239,5300737,Anett Kontaveit,K Bondarenko v Kontaveit,40,2016-06-19 08:55:03.641,1.6,2016-06-19 11:00:00,
1.125289239,5300737,Anett Kontaveit,K Bondarenko v Kontaveit,50,2016-06-19 09:43:39.511,1.68,2016-06-19 11:00:00,
1.125289239,5300737,Anett Kontaveit,K Bondarenko v Kontaveit,60,2016-06-19 09:53:51.449,1.62,2016-06-19 11:00:00,
1.125289239,5300737,Anett Kontaveit,K Bondarenko v Kontaveit,70,2016-06-19 10:43:07.090,1.63,2016-06-19 11:00:00,
1.125289239,5300737,Anett Kontaveit,K Bondarenko v Kontaveit,80,2016-06-19 10:50:04.326,1.61,2016-06-19 11:00:00,
1.125289239,5300737,Anett Kontaveit,K Bondarenko v Kontaveit,90,2016-06-19 10:55:01.412,1.63,2016-06-19 11:00:00,
1.125289239,5300737,Anett Kontaveit,K Bondarenko v Kontaveit,100,2016-06-19 11:07:39.905,1.59,2016-06-19 11:15:00,
1.12528927,8287128,Yen-Hsun Lu,Millot v Ye Lu,0,2016-06-18 22:20:27.168,1.24,2016-06-19 13:30:00,
1.12528927,8287128,Yen-Hsun Lu,Millot v Ye Lu,10,2016-06-19 06:06:19.005,1.39,2016-06-19 13:30:00,
1.12528927,8287128,Yen-Hsun Lu,Millot v Ye Lu,20,2016-06-19 08:17:39.501,1.29,2016-06-19 13:30:00,
1.12528927,8287128,Yen-Hsun Lu,Millot v Ye Lu,30,2016-06-19 10:07:41.231,1.28,2016-06-19 13:30:00,
1.12528927,8287128,Yen-Hsun Lu,Millot v Ye Lu,40,2016-06-19 10:09:12.871,1.25,2016-06-19 13:30:00,
1.12528927,8287128,Yen-Hsun Lu,Millot v Ye Lu,50,2016-06-19 11:00:53.817,1.32,2016-06-19 13:30:00,
1.12528927,8287128,Yen-Hsun Lu,Millot v Ye Lu,60,2016-06-19 11:43:37.997,1.26,2016-06-19 13:30:00,
1.12528927,8287128,Yen-Hsun Lu,Millot v Ye Lu,70,2016-06-19 12:18:05.655,1.27,2016-06-19 13:30:00,
1.12528927,8287128,Yen-Hsun Lu,Millot v Ye Lu,80,2016-06-19 12:47:59.725,1.32,2016-06-19 13:30:00,
1.12528927,8287128,Yen-Hsun Lu,Millot v Ye Lu,90,2016-06-19 12:50:06.878,1.29,2016-06-19 13:30:00,
1.12528927,8287128,Yen-Hsun Lu,Millot v Ye Lu,100,2016-06-19 13:23:21.494,1.31,2016-06-19 13:30:00,
1.125289381,2422070,Anastasija Sevastova,Caro Garcia v Sevastova,0,2016-06-18 22:20:00.248,3.1,2016-06-19 15:00:00,
1.125289381,2422070,Anastasija Sevastova,Caro Garcia v Sevastova,10,2016-06-19 06:04:47.842,3.15,2016-06-19 15:00:00,
1.125289381,2422070,Anastasija Sevastova,Caro Garcia v Sevastova,20,2016-06-19 08:35:42.898,3.0,2016-06-19 15:00:00,
1.125289381,2422070,Anastasija Sevastova,Caro Garcia v Sevastova,30,2016-06-19 09:43:49.344,3.05,2016-06-19 15:00:00,
1.125289381,2422070,Anastasija Sevastova,Caro Garcia v Sevastova,40,2016-06-19 11:38:29.382,3.05,2016-06-19 15:00:00,
1.125289381,2422070,Anastasija Sevastova,Caro Garcia v Sevastova,50,2016-06-19 11:58:32.834,3.05,2016-06-19 15:00:00,
1.125289381,2422070,Anastasija Sevastova,Caro Garcia v Sevastova,60,2016-06-19 12:27:39.409,3.05,2016-06-19 15:00:00,
1.125289381,2422070,Anastasija Sevastova,Caro Garcia v Sevastova,70,2016-06-19 13:40:40.339,3.2,2016-06-19 15:00:00,
1.125289381,2422070,Anastasija Sevastova,Caro Garcia v Sevastova,80,2016-06-19 14:20:20.546,3.1,2016-06-19 15:00:00,
1.125289381,2422070,Anastasija Sevastova,Caro Garcia v Sevastova,90,2016-06-19 14:40:40.828,2.98,2016-06-19 15:00:00,
1.125289381,2422070,Anastasija Sevastova,Caro Garcia v Sevastova,100,2016-06-19 14:53:44.936,3.0,2016-06-19 15:00:00,
1.125289381,5248977,Caroline Garcia,Caro Garcia v Sevastova,0,2016-06-18 22:20:00.248,1.47,2016-06-19 15:00:00,
1.125289381,5248977,Caroline Garcia,Caro Garcia v Sevastova,10,2016-06-19 05:58:33.338,1.45,2016-06-19 15:00:00,
1.125289381,5248977,Caroline Garcia,Caro Garcia v Sevastova,20,2016-06-19 07:00:11.788,1.47,2016-06-19 15:00:00,
1.125289381,5248977,Caroline Garcia,Caro Garcia v Sevastova,30,2016-06-19 08:03:11.358,1.49,2016-06-19 15:00:00,
1.125289381,5248977,Caroline Garcia,Caro Garcia v Sevastova,40,2016-06-19 08:51:25.085,1.49,2016-06-19 15:00:00,
1.125289381,5248977,Caroline Garcia,Caro Garcia v Sevastova,50,2016-06-19 10:48:38.298,1.49,2016-06-19 15:00:00,
1.125289381,5248977,Caroline Garcia,Caro Garcia v Sevastova,60,2016-06-19 11:51:38.129,1.48,2016-06-19 15:00:00,
1.125289381,5248977,Caroline Garcia,Caro Garcia v Sevastova,70,2016-06-19 13:31:44.520,1.46,2016-06-19 15:00:00,
1.125289381,5248977,Caroline Garcia,Caro Garcia v Sevastova,80,2016-06-19 14:13:44.182,1.46,2016-06-19 15:00:00,
1.125289381,5248977,Caroline Garcia,Caro Garcia v Sevastova,90,2016-06-19 14:38:14.552,1.48,2016-06-19 15:00:00,
1.125289381,5248977,Caroline Garcia,Caro Garcia v Sevastova,100,2016-06-19 14:52:34.826,1.51,2016-06-19 15:00:00,
1.125289503,5374368,Monica Puig,Puig v Allertova,0,2016-06-19 07:05:08.041,1.43,2016-06-19 13:30:00,
1.125289503,5374368,Monica Puig,Puig v Allertova,10,2016-06-19 07:55:43.741,1.47,2016-06-19 13:30:00,
1.125289503,5374368,Monica Puig,Puig v Allertova,20,2016-06-19 08:46:27.029,1.48,2016-06-19 13:30:00,
1.125289503,5374368,Monica Puig,Puig v Allertova,30,2016-06-19 08:49:51.776,1.49,2016-06-19 13:30:00,
1.125289503,5374368,Monica Puig,Puig v Allertova,40,2016-06-19 09:07:00.378,1.51,2016-06-19 13:30:00,
1.125289503,5374368,Monica Puig,Puig v Allertova,50,2016-06-19 11:23:22.424,1.48,2016-06-19 13:30:00,
1.125289503,5374368,Monica Puig,Puig v Allertova,60,2016-06-19 11:50:03.127,1.47,2016-06-19 13:32:00,
1.125289503,5374368,Monica Puig,Puig v Allertova,70,2016-06-19 11:57:51.396,1.47,2016-06-19 13:32:00,
1.125289503,5374368,Monica Puig,Puig v Allertova,80,2016-06-19 12:32:03.922,1.46,2016-06-19 13:32:00,
1.125289503,5374368,Monica Puig,Puig v Allertova,90,2016-06-19 12:41:36.900,1.46,2016-06-19 13:32:00,
1.125289503,5374368,Monica Puig,Puig v Allertova,100,2016-06-19 13:24:01.865,1.44,2016-06-19 13:32:00,
1.125291236,8942538,Herbert/Mahut,Herbert/Mahut v Guccione/Sa,0,2016-06-19 14:01:43.061,1.27,2016-06-19 15:00:00,
1.125291236,8942538,Herbert/Mahut,Herbert/Mahut v Guccione/Sa,10,2016-06-19 14:54:21.242,1.31,2016-06-19 15:00:00,
1.125291236,8942538,Herbert/Mahut,Herbert/Mahut v Guccione/Sa,20,2016-06-19 14:58:48.068,1.28,2016-06-19 15:00:00,
1.125291236,8942538,Herbert/Mahut,Herbert/Mahut v Guccione/Sa,30,2016-06-19 14:59:23.381,1.25,2016-06-19 15:00:00,
1.125291236,8942538,Herbert/Mahut,Herbert/Mahut v Guccione/Sa,40,2016-06-19 15:07:44.636,1.24,2016-06-19 15:15:00,
1.125291236,8942538,Herbert/Mahut,Herbert/Mahut v Guccione/Sa,50,2016-06-19 15:22:40.917,1.31,2016-06-19 15:30:00,
1.125291236,8942538,Herbert/Mahut,Herbert/Mahut v Guccione/Sa,60,2016-06-19 15:49:08.866,1.27,2016-06-19 15:50:00,
1.125291236,8942538,Herbert/Mahut,Herbert/Mahut v Guccione/Sa,70,2016-06-19 15:53:42.796,1.26,2016-06-19 16:05:00,
1.125291236,8942538,Herbert/Mahut,Herbert/Mahut v Guccione/Sa,80,2016-06-19 15:55:49.620,1.27,2016-06-19 16:05:00,
1.125291236,8942538,Herbert/Mahut,Herbert/Mahut v Guccione/Sa,90,2016-06-19 15:58:39.776,1.25,2016-06-19 16:05:00,
1.125291236,8942538,Herbert/Mahut,Herbert/Mahut v Guccione/Sa,100,2016-06-19 16:06:20.127,1.28,2016-06-19 16:20:00,
1.125291289,4422812,Stephane Robert,B Klein v St Robert,0,2016-06-19 21:12:50.968,1.47,2016-06-20 14:00:00,
1.125291289,4422812,Stephane Robert,B Klein v St Robert,10,2016-06-20 01:15:06.857,1.45,2016-06-20 14:00:00,
1.125291289,4422812,Stephane Robert,B Klein v St Robert,20,2016-06-20 06:26:00.630,1.54,2016-06-20 14:00:00,
1.125291289,4422812,Stephane Robert,B Klein v St Robert,30,2016-06-20 08:56:00.537,1.49,2016-06-20 14:00:00,
1.125291289,4422812,Stephane Robert,B Klein v St Robert,40,2016-06-20 09:10:02.636,1.49,2016-06-20 14:00:00,
1.125291289,4422812,Stephane Robert,B Klein v St Robert,50,2016-06-20 11:39:31.706,1.49,2016-06-20 14:00:00,
1.125291289,4422812,Stephane Robert,B Klein v St Robert,60,2016-06-20 11:42:48.122,1.48,2016-06-20 14:00:00,
1.125291289,4422812,Stephane Robert,B Klein v St Robert,70,2016-06-20 13:18:58.003,1.48,2016-06-20 13:41:00,
1.125291289,4422812,Stephane Robert,B Klein v St Robert,80,2016-06-20 13:54:05.328,1.48,2016-06-20 13:56:00,
1.125291289,4422812,Stephane Robert,B Klein v St Robert,90,2016-06-20 15:05:10.331,1.47,2016-06-20 15:11:00,
1.125291289,4422812,Stephane Robert,B Klein v St Robert,100,2016-06-20 15:18:26.117,1.47,2016-06-20 15:26:00,
1.12529129,2249394,Jan Hernych,Hernych v D Sela,0,2016-06-19 20:21:25.517,2.82,2016-06-20 12:00:00,
1.12529129,2249394,Jan Hernych,Hernych v D Sela,10,2016-06-20 04:43:20.659,2.9,2016-06-20 12:00:00,
1.12529129,2249394,Jan Hernych,Hernych v D Sela,20,2016-06-20 09:03:49.118,2.76,2016-06-20 12:00:00,
1.12529129,2249394,Jan Hernych,Hernych v D Sela,30,2016-06-20 09:41:07.808,2.76,2016-06-20 13:00:00,
1.12529129,2249394,Jan Hernych,Hernych v D Sela,40,2016-06-20 11:05:19.790,2.78,2016-06-20 12:00:00,
1.12529129,2249394,Jan Hernych,Hernych v D Sela,50,2016-06-20 11:15:18.060,2.76,2016-06-20 12:00:00,
1.12529129,2249394,Jan Hernych,Hernych v D Sela,60,2016-06-20 11:22:09.332,2.72,2016-06-20 12:00:00,
1.12529129,2249394,Jan Hernych,Hernych v D Sela,70,2016-06-20 11:38:54.569,2.7,2016-06-20 12:00:00,
1.12529129,2249394,Jan Hernych,Hernych v D Sela,80,2016-06-20 11:54:05.315,2.7,2016-06-20 12:00:00,
1.12529129,2249394,Jan Hernych,Hernych v D Sela,90,2016-06-20 11:57:19.309,2.74,2016-06-20 12:00:00,
1.12529129,2249394,Jan Hernych,Hernych v D Sela,100,2016-06-20 12:45:18.991,2.78,2016-06-20 13:00:00,
1.12529129,2263685,Dudi Sela,Hernych v D Sela,0,2016-06-19 23:09:20.652,1.48,2016-06-20 12:00:00,
1.12529129,2263685,Dudi Sela,Hernych v D Sela,10,2016-06-20 04:44:16.739,1.53,2016-06-20 12:00:00,
1.12529129,2263685,Dudi Sela,Hernych v D Sela,20,2016-06-20 06:44:18.943,1.54,2016-06-20 12:00:00,
1.12529129,2263685,Dudi Sela,Hernych v D Sela,30,2016-06-20 08:45:59.472,1.56,2016-06-20 12:00:00,
1.12529129,2263685,Dudi Sela,Hernych v D Sela,40,2016-06-20 09:17:35.930,1.56,2016-06-20 12:00:00,
1.12529129,2263685,Dudi Sela,Hernych v D Sela,50,2016-06-20 11:04:08.862,1.55,2016-06-20 12:00:00,
1.12529129,2263685,Dudi Sela,Hernych v D Sela,60,2016-06-20 11:22:09.332,1.58,2016-06-20 12:00:00,
1.12529129,2263685,Dudi Sela,Hernych v D Sela,70,2016-06-20 11:36:16.937,1.58,2016-06-20 12:00:00,
1.12529129,2263685,Dudi Sela,Hernych v D Sela,80,2016-06-20 12:05:06.469,1.57,2016-06-20 12:15:00,
1.12529129,2263685,Dudi Sela,Hernych v D Sela,90,2016-06-20 12:28:58.733,1.55,2016-06-20 12:30:00,
1.12529129,2263685,Dudi Sela,Hernych v D Sela,100,2016-06-20 12:50:10.290,1.55,2016-06-20 13:00:00,
1.125291309,8700174,Ernesto Escobedo,Escobedo v Schwartzman,0,2016-06-19 19:36:48.084,1.61,2016-06-20 10:00:00,
1.125291309,8700174,Ernesto Escobedo,Escobedo v Schwartzman,10,2016-06-19 23:44:45.183,1.58,2016-06-20 10:00:00,
1.125291309,8700174,Ernesto Escobedo,Escobedo v Schwartzman,20,2016-06-20 06:20:11.268,1.53,2016-06-20 10:00:00,
1.125291309,8700174,Ernesto Escobedo,Escobedo v Schwartzman,30,2016-06-20 08:10:55.562,1.57,2016-06-20 10:00:00,
1.125291309,8700174,Ernesto Escobedo,Escobedo v Schwartzman,40,2016-06-20 08:50:53.636,1.63,2016-06-20 10:00:00,
1.125291309,8700174,Ernesto Escobedo,Escobedo v Schwartzman,50,2016-06-20 09:20:20.975,1.58,2016-06-20 11:00:00,
1.125291309,8700174,Ernesto Escobedo,Escobedo v Schwartzman,60,2016-06-20 10:35:28.190,1.61,2016-06-20 11:00:00,
1.125291309,8700174,Ernesto Escobedo,Escobedo v Schwartzman,70,2016-06-20 11:04:19.623,1.63,2016-06-20 12:00:00,
1.125291309,8700174,Ernesto Escobedo,Escobedo v Schwartzman,80,2016-06-20 11:54:58.894,1.59,2016-06-20 12:00:00,
1.125291309,8700174,Ernesto Escobedo,Escobedo v Schwartzman,90,2016-06-20 12:41:21.589,1.64,2016-06-20 12:45:00,
1.125291309,8700174,Ernesto Escobedo,Escobedo v Schwartzman,100,2016-06-20 13:04:14.905,1.62,2016-06-20 13:15:00,
1.125291309,8736474,Diego Schwartzman,Escobedo v Schwartzman,0,2016-06-19 19:15:07.468,2.0,2016-06-20 10:00:00,
1.125291309,8736474,Diego Schwartzman,Escobedo v Schwartzman,10,2016-06-20 00:05:43.061,2.74,2016-06-20 10:00:00,
1.125291309,8736474,Diego Schwartzman,Escobedo v Schwartzman,20,2016-06-20 04:20:53.944,2.8,2016-06-20 10:00:00,
1.125291309,8736474,Diego Schwartzman,Escobedo v Schwartzman,30,2016-06-20 06:41:11.241,2.78,2016-06-20 10:00:00,
1.125291309,8736474,Diego Schwartzman,Escobedo v Schwartzman,40,2016-06-20 08:50:53.636,2.58,2016-06-20 10:00:00,
1.125291309,8736474,Diego Schwartzman,Escobedo v Schwartzman,50,2016-06-20 10:15:20.442,2.62,2016-06-20 11:00:00,
1.125291309,8736474,Diego Schwartzman,Escobedo v Schwartzman,60,2016-06-20 10:47:15.372,2.64,2016-06-20 11:00:00,
1.125291309,8736474,Diego Schwartzman,Escobedo v Schwartzman,70,2016-06-20 11:19:18.847,2.58,2016-06-20 12:00:00,
1.125291309,8736474,Diego Schwartzman,Escobedo v Schwartzman,80,2016-06-20 12:14:15.526,2.7,2016-06-20 12:15:00,
1.125291309,8736474,Diego Schwartzman,Escobedo v Schwartzman,90,2016-06-20 12:50:20.259,2.5,2016-06-20 13:00:00,
1.125291309,8736474,Diego Schwartzman,Escobedo v Schwartzman,100,2016-06-20 13:04:14.905,2.66,2016-06-20 13:15:00,
1.125291451,3066621,Adrian Mannarino,P Lorenzi v A Mannarino,0,2016-06-20 04:32:41.058,1.16,2016-06-21 12:00:00,
1.125291451,3066621,Adrian Mannarino,P Lorenzi v A Mannarino,10,2016-06-20 08:04:16.696,1.16,2016-06-21 12:00:00,
1.125291451,3066621,Adrian Mannarino,P Lorenzi v A Mannarino,20,2016-06-20 22:53:10.427,1.13,2016-06-21 11:00:00,
1.125291451,3066621,Adrian Mannarino,P Lorenzi v A Mannarino,30,2016-06-21 07:01:16.318,1.12,2016-06-21 11:00:00,
1.125291451,3066621,Adrian Mannarino,P Lorenzi v A Mannarino,40,2016-06-21 07:38:51.085,1.12,2016-06-21 11:00:00,
1.125291451,3066621,Adrian Mannarino,P Lorenzi v A Mannarino,50,2016-06-21 07:52:33.107,1.12,2016-06-21 11:00:00,
1.125291451,3066621,Adrian Mannarino,P Lorenzi v A Mannarino,60,2016-06-21 09:23:05.318,1.11,2016-06-21 11:00:00,
1.125291451,3066621,Adrian Mannarino,P Lorenzi v A Mannarino,70,2016-06-21 09:56:19.145,1.11,2016-06-21 11:00:00,
1.125291451,3066621,Adrian Mannarino,P Lorenzi v A Mannarino,80,2016-06-21 10:17:59.111,1.12,2016-06-21 11:00:00,
1.125291451,3066621,Adrian Mannarino,P Lorenzi v A Mannarino,90,2016-06-21 10:52:05.858,1.12,2016-06-21 11:00:00,
1.125291451,3066621,Adrian Mannarino,P Lorenzi v A Mannarino,100,2016-06-21 11:34:46.105,1.11,2016-06-21 11:45:00,
1.125291466,2249832,Frank Dancevic,A Ward v Dancevic,0,2016-06-19 19:36:47.216,1.98,2016-06-20 12:00:00,
1.125291466,2249832,Frank Dancevic,A Ward v Dancevic,10,2016-06-20 03:14:27.640,1.61,2016-06-20 12:00:00,
1.125291466,2249832,Frank Dancevic,A Ward v Dancevic,20,2016-06-20 04:19:57.231,1.62,2016-06-20 12:00:00,
1.125291466,2249832,Frank Dancevic,A Ward v Dancevic,30,2016-06-20 04:22:36.195,1.62,2016-06-20 12:00:00,
1.125291466,2249832,Frank Dancevic,A Ward v Dancevic,40,2016-06-20 07:12:38.627,1.65,2016-06-20 12:00:00,
1.125291466,2249832,Frank Dancevic,A Ward v Dancevic,50,2016-06-20 09:23:48.986,1.66,2016-06-20 13:00:00,
1.125291466,2249832,Frank Dancevic,A Ward v Dancevic,60,2016-06-20 09:42:33.705,1.6,2016-06-20 13:00:00,
1.125291466,2249832,Frank Dancevic,A Ward v Dancevic,70,2016-06-20 10:14:27.962,1.61,2016-06-20 13:00:00,
1.125291466,2249832,Frank Dancevic,A Ward v Dancevic,80,2016-06-20 13:31:54.395,1.6,2016-06-20 14:52:00,
1.125291466,2249832,Frank Dancevic,A Ward v Dancevic,90,2016-06-20 14:19:28.380,1.6,2016-06-20 14:52:00,
1.125291466,2249832,Frank Dancevic,A Ward v Dancevic,100,2016-06-20 15:34:43.114,1.6,2016-06-20 15:37:00,
1.125291678,2248502,Samantha Stosur,Wozniacki v Stosur,0,2016-06-20 04:27:28.693,2.42,2016-06-20 16:00:00,
1.125291678,2248502,Samantha Stosur,Wozniacki v Stosur,10,2016-06-20 08:48:44.644,2.58,2016-06-20 16:00:00,
1.125291678,2248502,Samantha Stosur,Wozniacki v Stosur,20,2016-06-20 10:36:33.072,2.58,2016-06-20 19:00:00,
1.125291678,2248502,Samantha Stosur,Wozniacki v Stosur,30,2016-06-20 15:54:32.113,2.58,2016-06-20 21:54:00,
1.125291678,2248502,Samantha Stosur,Wozniacki v Stosur,40,2016-06-20 20:20:11.295,2.56,2016-06-21 12:00:00,
1.125291678,2248502,Samantha Stosur,Wozniacki v Stosur,50,2016-06-20 21:42:45.273,2.56,2016-06-21 12:00:00,
1.125291678,2248502,Samantha Stosur,Wozniacki v Stosur,60,2016-06-21 06:40:11.073,2.54,2016-06-21 12:00:00,
1.125291678,2248502,Samantha Stosur,Wozniacki v Stosur,70,2016-06-21 09:06:20.547,2.6,2016-06-21 12:00:00,
1.125291678,2248502,Samantha Stosur,Wozniacki v Stosur,80,2016-06-21 11:25:32.723,2.6,2016-06-21 12:00:00,
1.125291678,2248502,Samantha Stosur,Wozniacki v Stosur,90,2016-06-21 11:55:49.264,2.6,2016-06-21 12:00:00,
1.125291678,2248502,Samantha Stosur,Wozniacki v Stosur,100,2016-06-21 12:04:43.918,2.6,2016-06-21 12:15:00,
1.125291678,2309522,Caroline Wozniacki,Wozniacki v Stosur,0,2016-06-20 04:37:29.918,1.7,2016-06-20 16:00:00,
1.125291678,2309522,Caroline Wozniacki,Wozniacki v Stosur,10,2016-06-20 08:14:36.558,1.6,2016-06-20 16:00:00,
1.125291678,2309522,Caroline Wozniacki,Wozniacki v Stosur,20,2016-06-20 09:27:26.560,1.6,2016-06-20 19:00:00,
1.125291678,2309522,Caroline Wozniacki,Wozniacki v Stosur,30,2016-06-20 13:48:25.653,1.63,2016-06-20 22:00:00,
1.125291678,2309522,Caroline Wozniacki,Wozniacki v Stosur,40,2016-06-20 18:54:32.730,1.6,2016-06-21 12:00:00,
1.125291678,2309522,Caroline Wozniacki,Wozniacki v Stosur,50,2016-06-20 21:30:27.679,1.67,2016-06-21 12:00:00,
1.125291678,2309522,Caroline Wozniacki,Wozniacki v Stosur,60,2016-06-20 23:30:45.428,1.64,2016-06-21 12:00:00,
1.125291678,2309522,Caroline Wozniacki,Wozniacki v Stosur,70,2016-06-21 08:21:24.128,1.63,2016-06-21 12:00:00,
1.125291678,2309522,Caroline Wozniacki,Wozniacki v Stosur,80,2016-06-21 09:36:43.528,1.62,2016-06-21 12:00:00,
1.125291678,2309522,Caroline Wozniacki,Wozniacki v Stosur,90,2016-06-21 11:28:43.633,1.62,2016-06-21 12:00:00,
1.125291678,2309522,Caroline Wozniacki,Wozniacki v Stosur,100,2016-06-21 12:04:43.918,1.61,2016-06-21 12:15:00,
1.125291734,2256469,Marcos Baghdatis,Donskoy v M Baghdatis,0,2016-06-19 23:45:40.772,1.25,2016-06-20 12:00:00,
1.125291734,2256469,Marcos Baghdatis,Donskoy v M Baghdatis,10,2016-06-20 06:06:52.944,1.21,2016-06-21 12:00:00,
1.125291734,2256469,Marcos Baghdatis,Donskoy v M Baghdatis,20,2016-06-20 10:36:04.204,1.16,2016-06-21 12:00:00,
1.125291734,2256469,Marcos Baghdatis,Donskoy v M Baghdatis,30,2016-06-20 14:36:08.360,1.2,2016-06-21 12:00:00,
1.125291734,2256469,Marcos Baghdatis,Donskoy v M Baghdatis,40,2016-06-20 21:21:08.086,1.19,2016-06-21 12:00:00,
1.125291734,2256469,Marcos Baghdatis,Donskoy v M Baghdatis,50,2016-06-21 03:05:56.371,1.17,2016-06-21 12:00:00,
1.125291734,2256469,Marcos Baghdatis,Donskoy v M Baghdatis,60,2016-06-21 06:36:14.119,1.2,2016-06-21 12:00:00,
1.125291734,2256469,Marcos Baghdatis,Donskoy v M Baghdatis,70,2016-06-21 08:25:06.994,1.19,2016-06-21 12:00:00,
1.125291734,2256469,Marcos Baghdatis,Donskoy v M Baghdatis,80,2016-06-21 09:17:10.536,1.2,2016-06-21 12:00:00,
1.125291734,2256469,Marcos Baghdatis,Donskoy v M Baghdatis,90,2016-06-21 10:56:20.909,1.2,2016-06-21 11:48:00,
1.125291734,2256469,Marcos Baghdatis,Donskoy v M Baghdatis,100,2016-06-21 11:02:20.165,1.18,2016-06-21 11:48:00,
1.125291734,3391304,Evgeny Donskoy,Donskoy v M Baghdatis,0,2016-06-20 06:08:38.251,5.5,2016-06-21 12:00:00,
1.125291734,3391304,Evgeny Donskoy,Donskoy v M Baghdatis,10,2016-06-20 10:22:10.559,6.2,2016-06-21 12:00:00,
1.125291734,3391304,Evgeny Donskoy,Donskoy v M Baghdatis,20,2016-06-20 10:36:04.204,7.2,2016-06-21 12:00:00,
1.125291734,3391304,Evgeny Donskoy,Donskoy v M Baghdatis,30,2016-06-20 12:23:15.543,5.7,2016-06-21 12:00:00,
1.125291734,3391304,Evgeny Donskoy,Donskoy v M Baghdatis,40,2016-06-21 02:01:42.087,6.4,2016-06-21 12:00:00,
1.125291734,3391304,Evgeny Donskoy,Donskoy v M Baghdatis,50,2016-06-21 07:52:13.618,6.2,2016-06-21 12:00:00,
1.125291734,3391304,Evgeny Donskoy,Donskoy v M Baghdatis,60,2016-06-21 08:03:53.723,6.0,2016-06-21 12:00:00,
1.125291734,3391304,Evgeny Donskoy,Donskoy v M Baghdatis,70,2016-06-21 09:01:02.000,6.2,2016-06-21 12:00:00,
1.125291734,3391304,Evgeny Donskoy,Donskoy v M Baghdatis,80,2016-06-21 10:08:59.493,6.2,2016-06-21 11:48:00,
1.125291734,3391304,Evgeny Donskoy,Donskoy v M Baghdatis,90,2016-06-21 11:00:19.497,6.2,2016-06-21 11:48:00,
1.125291734,3391304,Evgeny Donskoy,Donskoy v M Baghdatis,100,2016-06-21 11:03:20.801,7.0,2016-06-21 11:48:00,
1.125292043,8260515,Nicolas Jarry,Jarry v Juan  Galarza,0,2016-06-20 04:59:56.598,1.84,2016-06-20 08:30:00,
1.125292043,8260515,Nicolas Jarry,Jarry v Juan  Galarza,10,2016-06-20 05:33:42.237,1.82,2016-06-20 08:30:00,
1.125292043,8260515,Nicolas Jarry,Jarry v Juan  Galarza,20,2016-06-20 06:28:15.716,1.81,2016-06-20 08:30:00,
1.125292043,8260515,Nicolas Jarry,Jarry v Juan  Galarza,30,2016-06-20 06:42:57.468,1.79,2016-06-20 08:30:00,
1.125292043,8260515,Nicolas Jarry,Jarry v Juan  Galarza,40,2016-06-20 06:52:55.996,1.75,2016-06-20 08:30:00,
1.125292043,8260515,Nicolas Jarry,Jarry v Juan  Galarza,50,2016-06-20 07:09:45.828,1.74,2016-06-20 08:30:00,
1.125292043,8260515,Nicolas Jarry,Jarry v Juan  Galarza,60,2016-06-20 07:10:55.970,1.75,2016-06-20 08:30:00,
1.125292043,8260515,Nicolas Jarry,Jarry v Juan  Galarza,70,2016-06-20 07:16:55.986,1.67,2016-06-20 08:30:00,
1.125292043,8260515,Nicolas Jarry,Jarry v Juan  Galarza,80,2016-06-20 08:02:57.115,1.75,2016-06-20 08:30:00,
1.125292043,8260515,Nicolas Jarry,Jarry v Juan  Galarza,90,2016-06-20 08:04:58.523,1.81,2016-06-20 08:30:00,
1.125292043,8260515,Nicolas Jarry,Jarry v Juan  Galarza,100,2016-06-20 08:27:48.462,1.79,2016-06-20 08:30:00,
1.12529208,2923248,Ricardas Berankis,Berankis v D Evans,0,2016-06-20 06:25:31.933,1.74,2016-06-20 17:00:00,
1.12529208,2923248,Ricardas Berankis,Berankis v D Evans,10,2016-06-20 09:11:12.479,1.76,2016-06-20 17:00:00,
1.12529208,2923248,Ricardas Berankis,Berankis v D Evans,20,2016-06-20 10:21:46.951,1.77,2016-06-20 19:00:00,
1.12529208,2923248,Ricardas Berankis,Berankis v D Evans,30,2016-06-20 14:30:12.714,1.8,2016-06-20 20:39:00,
1.12529208,2923248,Ricardas Berankis,Berankis v D Evans,40,2016-06-20 18:51:41.542,1.8,2016-06-21 13:00:00,
1.12529208,2923248,Ricardas Berankis,Berankis v D Evans,50,2016-06-20 21:13:38.607,1.76,2016-06-21 15:00:00,
1.12529208,2923248,Ricardas Berankis,Berankis v D Evans,60,2016-06-21 04:36:15.066,1.71,2016-06-21 15:00:00,
1.12529208,2923248,Ricardas Berankis,Berankis v D Evans,70,2016-06-21 06:23:02.565,1.72,2016-06-21 15:00:00,
1.12529208,2923248,Ricardas Berankis,Berankis v D Evans,80,2016-06-21 08:34:59.178,1.71,2016-06-21 15:00:00,
1.12529208,2923248,Ricardas Berankis,Berankis v D Evans,90,2016-06-21 10:25:23.722,1.7,2016-06-21 15:00:00,
1.12529208,2923248,Ricardas Berankis,Berankis v D Evans,100,2016-06-21 13:06:23.080,1.71,2016-06-21 14:37:00,
1.12529208,3103121,Daniel Evans,Berankis v D Evans,0,2016-06-20 04:20:57.437,2.34,2016-06-20 17:00:00,
1.12529208,3103121,Daniel Evans,Berankis v D Evans,10,2016-06-20 07:50:16.024,2.32,2016-06-20 17:00:00,
1.12529208,3103121,Daniel Evans,Berankis v D Evans,20,2016-06-20 10:21:46.951,2.28,2016-06-20 19:00:00,
1.12529208,3103121,Daniel Evans,Berankis v D Evans,30,2016-06-20 15:02:33.544,2.2,2016-06-20 21:09:00,
1.12529208,3103121,Daniel Evans,Berankis v D Evans,40,2016-06-20 18:51:41.542,2.3,2016-06-21 13:00:00,
1.12529208,3103121,Daniel Evans,Berankis v D Evans,50,2016-06-20 20:07:13.912,2.28,2016-06-21 15:00:00,
1.12529208,3103121,Daniel Evans,Berankis v D Evans,60,2016-06-21 04:07:42.497,2.34,2016-06-21 15:00:00,
1.12529208,3103121,Daniel Evans,Berankis v D Evans,70,2016-06-21 06:23:02.565,2.38,2016-06-21 15:00:00,
1.12529208,3103121,Daniel Evans,Berankis v D Evans,80,2016-06-21 10:06:11.365,2.4,2016-06-21 15:00:00,
1.12529208,3103121,Daniel Evans,Berankis v D Evans,90,2016-06-21 10:56:34.065,2.38,2016-06-21 14:43:00,
1.12529208,3103121,Daniel Evans,Berankis v D Evans,100,2016-06-21 12:33:21.830,2.36,2016-06-21 14:43:00,
1.125293338,2497008,Petra Kvitova,Kvitova v Babos,0,2016-06-20 04:04:24.555,1.31,2016-06-20 14:00:00,
1.125293338,2497008,Petra Kvitova,Kvitova v Babos,10,2016-06-20 08:14:41.975,1.32,2016-06-20 14:00:00,
1.125293338,2497008,Petra Kvitova,Kvitova v Babos,20,2016-06-20 10:00:10.926,1.34,2016-06-20 17:00:00,
1.125293338,2497008,Petra Kvitova,Kvitova v Babos,30,2016-06-20 13:10:35.403,1.37,2016-06-20 20:00:00,
1.125293338,2497008,Petra Kvitova,Kvitova v Babos,40,2016-06-20 18:02:29.550,1.39,2016-06-20 19:37:00,
1.125293338,2497008,Petra Kvitova,Kvitova v Babos,50,2016-06-20 21:18:18.214,1.37,2016-06-21 10:00:00,
1.125293338,2497008,Petra Kvitova,Kvitova v Babos,60,2016-06-21 07:09:39.108,1.36,2016-06-21 10:00:00,
1.125293338,2497008,Petra Kvitova,Kvitova v Babos,70,2016-06-21 07:34:46.273,1.34,2016-06-21 10:00:00,
1.125293338,2497008,Petra Kvitova,Kvitova v Babos,80,2016-06-21 08:32:13.562,1.35,2016-06-21 10:00:00,
1.125293338,2497008,Petra Kvitova,Kvitova v Babos,90,2016-06-21 09:30:51.765,1.35,2016-06-21 10:00:00,
1.125293338,2497008,Petra Kvitova,Kvitova v Babos,100,2016-06-21 09:50:46.570,1.39,2016-06-21 10:00:00,
1.125293338,4828174,Timea Babos,Kvitova v Babos,0,2016-06-20 05:09:06.563,4.1,2016-06-20 14:00:00,
1.125293338,4828174,Timea Babos,Kvitova v Babos,10,2016-06-20 13:10:35.403,3.7,2016-06-20 20:00:00,
1.125293338,4828174,Timea Babos,Kvitova v Babos,20,2016-06-20 17:49:34.380,3.65,2016-06-20 19:37:00,
1.125293338,4828174,Timea Babos,Kvitova v Babos,30,2016-06-20 19:02:31.999,3.65,2016-06-21 10:00:00,
1.125293338,4828174,Timea Babos,Kvitova v Babos,40,2016-06-20 22:58:41.528,3.75,2016-06-21 10:00:00,
1.125293338,4828174,Timea Babos,Kvitova v Babos,50,2016-06-21 05:50:43.217,3.65,2016-06-21 10:00:00,
1.125293338,4828174,Timea Babos,Kvitova v Babos,60,2016-06-21 07:27:44.646,4.1,2016-06-21 10:00:00,
1.125293338,4828174,Timea Babos,Kvitova v Babos,70,2016-06-21 07:35:50.188,3.95,2016-06-21 10:00:00,
1.125293338,4828174,Timea Babos,Kvitova v Babos,80,2016-06-21 09:20:44.517,3.85,2016-06-21 10:00:00,
1.125293338,4828174,Timea Babos,Kvitova v Babos,90,2016-06-21 09:44:46.816,3.85,2016-06-21 10:00:00,
1.125293338,4828174,Timea Babos,Kvitova v Babos,100,2016-06-21 09:50:46.570,3.55,2016-06-21 10:00:00,
1.125293353,2263710,Timea Bacsinszky,Bacsinszky v K Mladenovic,0,2016-06-20 10:17:15.888,1.63,2016-06-21 12:00:00,
1.125293353,2263710,Timea Bacsinszky,Bacsinszky v K Mladenovic,10,2016-06-20 21:23:29.748,1.77,2016-06-21 10:00:00,
1.125293353,2263710,Timea Bacsinszky,Bacsinszky v K Mladenovic,20,2016-06-20 22:19:18.348,1.7,2016-06-21 10:00:00,
1.125293353,2263710,Timea Bacsinszky,Bacsinszky v K Mladenovic,30,2016-06-21 03:07:03.727,1.71,2016-06-21 10:00:00,
1.125293353,2263710,Timea Bacsinszky,Bacsinszky v K Mladenovic,40,2016-06-21 06:17:16.077,1.76,2016-06-21 10:00:00,
1.125293353,2263710,Timea Bacsinszky,Bacsinszky v K Mladenovic,50,2016-06-21 07:04:46.986,1.74,2016-06-21 10:00:00,
1.125293353,2263710,Timea Bacsinszky,Bacsinszky v K Mladenovic,60,2016-06-21 07:42:45.255,1.72,2016-06-21 10:00:00,
1.125293353,2263710,Timea Bacsinszky,Bacsinszky v K Mladenovic,70,2016-06-21 08:29:26.480,1.71,2016-06-21 10:00:00,
1.125293353,2263710,Timea Bacsinszky,Bacsinszky v K Mladenovic,80,2016-06-21 09:04:45.629,1.75,2016-06-21 10:00:00,
1.125293353,2263710,Timea Bacsinszky,Bacsinszky v K Mladenovic,90,2016-06-21 09:30:30.225,1.82,2016-06-21 10:00:00,
1.125293353,2263710,Timea Bacsinszky,Bacsinszky v K Mladenovic,100,2016-06-21 09:54:26.220,1.81,2016-06-21 10:00:00,
1.125293353,3622052,Kristina Mladenovic,Bacsinszky v K Mladenovic,0,2016-06-20 12:33:40.013,2.2,2016-06-21 12:00:00,
1.125293353,3622052,Kristina Mladenovic,Bacsinszky v K Mladenovic,10,2016-06-20 21:32:29.336,2.32,2016-06-21 10:00:00,
1.125293353,3622052,Kristina Mladenovic,Bacsinszky v K Mladenovic,20,2016-06-20 22:20:41.396,2.46,2016-06-21 10:00:00,
1.125293353,3622052,Kristina Mladenovic,Bacsinszky v K Mladenovic,30,2016-06-21 05:38:41.238,2.34,2016-06-21 10:00:00,
1.125293353,3622052,Kristina Mladenovic,Bacsinszky v K Mladenovic,40,2016-06-21 06:17:16.077,2.3,2016-06-21 10:00:00,
1.125293353,3622052,Kristina Mladenovic,Bacsinszky v K Mladenovic,50,2016-06-21 07:17:46.055,2.3,2016-06-21 10:00:00,
1.125293353,3622052,Kristina Mladenovic,Bacsinszky v K Mladenovic,60,2016-06-21 07:35:49.453,2.22,2016-06-21 10:00:00,
1.125293353,3622052,Kristina Mladenovic,Bacsinszky v K Mladenovic,70,2016-06-21 08:02:49.877,2.38,2016-06-21 10:00:00,
1.125293353,3622052,Kristina Mladenovic,Bacsinszky v K Mladenovic,80,2016-06-21 08:56:42.391,2.24,2016-06-21 10:00:00,
1.125293353,3622052,Kristina Mladenovic,Bacsinszky v K Mladenovic,90,2016-06-21 09:22:55.472,2.22,2016-06-21 10:00:00,
1.125293353,3622052,Kristina Mladenovic,Bacsinszky v K Mladenovic,100,2016-06-21 09:53:41.590,2.2,2016-06-21 10:00:00,
1.125293558,11319338,Corrie/Salisbury,Corrie/Salisbury v Moser/Skugor,0,2016-06-22 15:39:44.163,2.76,2016-06-22 16:16:00,
1.125293558,11319338,Corrie/Salisbury,Corrie/Salisbury v Moser/Skugor,10,2016-06-22 21:04:42.783,2.0,2016-06-23 15:00:00,2016-06-22 16:59:31.554
1.125293558,11319338,Corrie/Salisbury,Corrie/Salisbury v Moser/Skugor,20,2016-06-22 21:49:37.506,1.91,2016-06-23 15:00:00,2016-06-22 16:59:31.554
1.125293558,11319338,Corrie/Salisbury,Corrie/Salisbury v Moser/Skugor,30,2016-06-22 22:26:19.407,1.99,2016-06-23 15:00:00,2016-06-22 16:59:31.554
1.125293558,11319338,Corrie/Salisbury,Corrie/Salisbury v Moser/Skugor,40,2016-06-23 05:02:37.751,1.99,2016-06-23 15:00:00,2016-06-22 16:59:31.554
1.125293558,11319338,Corrie/Salisbury,Corrie/Salisbury v Moser/Skugor,50,2016-06-23 07:01:44.733,2.0,2016-06-23 15:00:00,2016-06-22 16:59:31.554
1.125293558,11319338,Corrie/Salisbury,Corrie/Salisbury v Moser/Skugor,60,2016-06-23 10:21:11.690,2.18,2016-06-23 15:00:00,2016-06-22 16:59:31.554
1.125293558,11319338,Corrie/Salisbury,Corrie/Salisbury v Moser/Skugor,70,2016-06-23 13:27:22.725,2.0,2016-06-23 15:00:00,2016-06-22 16:59:31.554
1.125293558,11319338,Corrie/Salisbury,Corrie/Salisbury v Moser/Skugor,80,2016-06-23 19:54:34.337,2.18,2016-06-24 14:00:00,2016-06-22 16:59:31.554
1.125293558,11319338,Corrie/Salisbury,Corrie/Salisbury v Moser/Skugor,90,2016-06-24 05:41:30.274,1.81,2016-06-24 14:00:00,2016-06-22 16:59:31.554
1.125293558,11319338,Corrie/Salisbury,Corrie/Salisbury v Moser/Skugor,100,2016-06-24 14:00:10.847,1.04,2016-06-24 14:12:00,2016-06-22 16:59:31.554
1.125293558,11319339,Moser/Skugor,Corrie/Salisbury v Moser/Skugor,0,2016-06-22 13:04:39.347,1.56,2016-06-22 15:15:00,
1.125293558,11319339,Moser/Skugor,Corrie/Salisbury v Moser/Skugor,10,2016-06-22 21:04:42.783,2.0,2016-06-23 15:00:00,2016-06-22 16:59:31.554
1.125293558,11319339,Moser/Skugor,Corrie/Salisbury v Moser/Skugor,20,2016-06-22 23:09:09.707,2.08,2016-06-23 15:00:00,2016-06-22 16:59:31.554
1.125293558,11319339,Moser/Skugor,Corrie/Salisbury v Moser/Skugor,30,2016-06-23 08:34:13.033,2.02,2016-06-23 15:00:00,2016-06-22 16:59:31.554
1.125293558,11319339,Moser/Skugor,Corrie/Salisbury v Moser/Skugor,40,2016-06-23 10:43:31.520,1.95,2016-06-23 15:00:00,2016-06-22 16:59:31.554
1.125293558,11319339,Moser/Skugor,Corrie/Salisbury v Moser/Skugor,50,2016-06-23 12:50:38.807,1.72,2016-06-23 15:00:00,2016-06-22 16:59:31.554
1.125293558,11319339,Moser/Skugor,Corrie/Salisbury v Moser/Skugor,60,2016-06-23 15:14:34.918,1.82,2016-06-23 15:30:00,2016-06-22 16:59:31.554
1.125293558,11319339,Moser/Skugor,Corrie/Salisbury v Moser/Skugor,70,2016-06-23 17:33:44.007,1.98,2016-06-24 14:00:00,2016-06-22 16:59:31.554
1.125293558,11319339,Moser/Skugor,Corrie/Salisbury v Moser/Skugor,80,2016-06-23 21:56:15.569,2.1,2016-06-24 14:00:00,2016-06-22 16:59:31.554
1.125293558,11319339,Moser/Skugor,Corrie/Salisbury v Moser/Skugor,90,2016-06-24 06:12:44.238,1.9,2016-06-24 14:00:00,2016-06-22 16:59:31.554
1.125293558,11319339,Moser/Skugor,Corrie/Salisbury v Moser/Skugor,100,2016-06-24 14:54:34.214,1.66,2016-06-24 15:10:00,2016-06-22 16:59:31.554
1.125293717,5704759,Eugenie Bouchard,Bouchard v Lepchenko,0,2016-06-20 03:32:11.469,1.71,2016-06-20 12:00:00,
1.125293717,5704759,Eugenie Bouchard,Bouchard v Lepchenko,10,2016-06-20 08:12:44.698,1.71,2016-06-20 12:00:00,
1.125293717,5704759,Eugenie Bouchard,Bouchard v Lepchenko,20,2016-06-20 09:04:42.837,1.69,2016-06-20 15:00:00,
1.125293717,5704759,Eugenie Bouchard,Bouchard v Lepchenko,30,2016-06-20 10:41:50.553,1.69,2016-06-20 15:00:00,
1.125293717,5704759,Eugenie Bouchard,Bouchard v Lepchenko,40,2016-06-20 12:24:48.961,1.71,2016-06-20 16:00:00,
1.125293717,5704759,Eugenie Bouchard,Bouchard v Lepchenko,50,2016-06-20 14:02:48.058,1.71,2016-06-20 16:15:00,
1.125293717,5704759,Eugenie Bouchard,Bouchard v Lepchenko,60,2016-06-20 14:34:01.169,1.68,2016-06-20 16:01:00,
1.125293717,5704759,Eugenie Bouchard,Bouchard v Lepchenko,70,2016-06-20 15:28:19.004,1.67,2016-06-20 16:01:00,
1.125293717,5704759,Eugenie Bouchard,Bouchard v Lepchenko,80,2016-06-20 16:00:40.239,1.67,2016-06-20 16:16:00,
1.125293717,5704759,Eugenie Bouchard,Bouchard v Lepchenko,90,2016-06-20 16:51:08.074,1.69,2016-06-20 17:01:00,
1.125293717,5704759,Eugenie Bouchard,Bouchard v Lepchenko,100,2016-06-20 17:10:03.088,1.69,2016-06-20 17:13:00,
1.125293771,2548781,Polona Hercog,Doi v Hercog,0,2016-06-20 04:25:18.754,2.06,2016-06-20 12:00:00,
1.125293771,2548781,Polona Hercog,Doi v Hercog,10,2016-06-20 10:17:37.662,2.16,2016-06-20 15:00:00,
1.125293771,2548781,Polona Hercog,Doi v Hercog,20,2016-06-20 15:43:26.088,2.14,2016-06-20 17:45:00,
1.125293771,2548781,Polona Hercog,Doi v Hercog,30,2016-06-20 19:45:52.167,2.16,2016-06-21 12:00:00,
1.125293771,2548781,Polona Hercog,Doi v Hercog,40,2016-06-20 22:15:26.760,2.28,2016-06-21 12:00:00,
1.125293771,2548781,Polona Hercog,Doi v Hercog,50,2016-06-21 06:18:09.680,2.18,2016-06-21 12:00:00,
1.125293771,2548781,Polona Hercog,Doi v Hercog,60,2016-06-21 07:18:58.161,2.22,2016-06-21 12:00:00,
1.125293771,2548781,Polona Hercog,Doi v Hercog,70,2016-06-21 08:22:52.646,2.22,2016-06-21 12:00:00,
1.125293771,2548781,Polona Hercog,Doi v Hercog,80,2016-06-21 10:11:07.322,2.2,2016-06-21 11:52:00,
1.125293771,2548781,Polona Hercog,Doi v Hercog,90,2016-06-21 10:44:40.367,2.12,2016-06-21 11:52:00,
1.125293771,2548781,Polona Hercog,Doi v Hercog,100,2016-06-21 11:20:06.952,2.18,2016-06-21 11:52:00,
1.125293771,4729711,Misaki Doi,Doi v Hercog,0,2016-06-20 00:40:19.217,1.77,2016-06-20 12:00:00,
1.125293771,4729711,Misaki Doi,Doi v Hercog,10,2016-06-20 09:12:52.437,1.85,2016-06-20 15:00:00,
1.125293771,4729711,Misaki Doi,Doi v Hercog,20,2016-06-20 10:26:16.868,1.89,2016-06-20 15:00:00,
1.125293771,4729711,Misaki Doi,Doi v Hercog,30,2016-06-20 15:43:26.088,1.88,2016-06-20 17:45:00,
1.125293771,4729711,Misaki Doi,Doi v Hercog,40,2016-06-20 19:39:11.512,1.89,2016-06-21 12:00:00,
1.125293771,4729711,Misaki Doi,Doi v Hercog,50,2016-06-21 06:07:01.190,1.83,2016-06-21 12:00:00,
1.125293771,4729711,Misaki Doi,Doi v Hercog,60,2016-06-21 07:18:58.161,1.81,2016-06-21 12:00:00,
1.125293771,4729711,Misaki Doi,Doi v Hercog,70,2016-06-21 08:22:52.646,1.81,2016-06-21 12:00:00,
1.125293771,4729711,Misaki Doi,Doi v Hercog,80,2016-06-21 10:42:17.028,1.85,2016-06-21 11:52:00,
1.125293771,4729711,Misaki Doi,Doi v Hercog,90,2016-06-21 10:44:40.367,1.88,2016-06-21 11:52:00,
1.125293771,4729711,Misaki Doi,Doi v Hercog,100,2016-06-21 11:20:06.952,1.84,2016-06-21 11:52:00,
1.125293826,5374368,Monica Puig,N Broady v Puig,0,2016-06-20 05:16:25.614,1.48,2016-06-20 16:00:00,
1.125293826,5374368,Monica Puig,N Broady v Puig,10,2016-06-20 09:14:15.074,1.47,2016-06-20 19:00:00,
1.125293826,5374368,Monica Puig,N Broady v Puig,20,2016-06-20 09:45:29.743,1.45,2016-06-20 19:00:00,
1.125293826,5374368,Monica Puig,N Broady v Puig,30,2016-06-20 12:55:13.092,1.45,2016-06-20 18:00:00,
1.125293826,5374368,Monica Puig,N Broady v Puig,40,2016-06-20 12:57:02.503,1.46,2016-06-20 18:00:00,
1.125293826,5374368,Monica Puig,N Broady v Puig,50,2016-06-20 13:24:12.834,1.46,2016-06-20 18:00:00,
1.125293826,5374368,Monica Puig,N Broady v Puig,60,2016-06-20 14:19:32.955,1.45,2016-06-20 17:54:00,
1.125293826,5374368,Monica Puig,N Broady v Puig,70,2016-06-20 14:31:25.875,1.46,2016-06-20 17:54:00,
1.125293826,5374368,Monica Puig,N Broady v Puig,80,2016-06-20 16:41:29.558,1.44,2016-06-20 18:02:00,
1.125293826,5374368,Monica Puig,N Broady v Puig,90,2016-06-20 17:36:35.017,1.45,2016-06-20 17:39:00,
1.125293826,5374368,Monica Puig,N Broady v Puig,100,2016-06-20 17:38:33.458,1.45,2016-06-20 17:39:00,
1.12529384,2291864,Kateryna Bondarenko,K Bondarenko v Putintseva,0,2016-06-19 23:23:04.218,1.77,2016-06-20 10:00:00,
1.12529384,2291864,Kateryna Bondarenko,K Bondarenko v Putintseva,10,2016-06-20 08:15:26.857,1.68,2016-06-20 10:00:00,
1.12529384,2291864,Kateryna Bondarenko,K Bondarenko v Putintseva,20,2016-06-20 09:53:33.997,1.73,2016-06-20 13:00:00,
1.12529384,2291864,Kateryna Bondarenko,K Bondarenko v Putintseva,30,2016-06-20 12:54:28.931,1.68,2016-06-20 13:00:00,
1.12529384,2291864,Kateryna Bondarenko,K Bondarenko v Putintseva,40,2016-06-20 17:04:21.749,1.66,2016-06-20 17:15:00,
1.12529384,2291864,Kateryna Bondarenko,K Bondarenko v Putintseva,50,2016-06-20 22:08:21.165,1.73,2016-06-21 10:00:00,
1.12529384,2291864,Kateryna Bondarenko,K Bondarenko v Putintseva,60,2016-06-20 22:56:35.992,1.71,2016-06-21 10:00:00,
1.12529384,2291864,Kateryna Bondarenko,K Bondarenko v Putintseva,70,2016-06-20 23:24:33.527,1.72,2016-06-21 10:00:00,
1.12529384,2291864,Kateryna Bondarenko,K Bondarenko v Putintseva,80,2016-06-21 07:57:17.179,1.71,2016-06-21 10:00:00,
1.12529384,2291864,Kateryna Bondarenko,K Bondarenko v Putintseva,90,2016-06-21 09:02:25.159,1.67,2016-06-21 10:00:00,
1.12529384,2291864,Kateryna Bondarenko,K Bondarenko v Putintseva,100,2016-06-21 09:54:19.284,1.74,2016-06-21 10:00:00,
1.12529384,4259580,Yulia Putintseva,K Bondarenko v Putintseva,0,2016-06-19 23:23:04.218,2.3,2016-06-20 10:00:00,
1.12529384,4259580,Yulia Putintseva,K Bondarenko v Putintseva,10,2016-06-20 07:44:31.486,2.32,2016-06-20 10:00:00,
1.12529384,4259580,Yulia Putintseva,K Bondarenko v Putintseva,20,2016-06-20 10:04:48.613,2.34,2016-06-20 13:00:00,
1.12529384,4259580,Yulia Putintseva,K Bondarenko v Putintseva,30,2016-06-20 13:05:22.111,2.42,2016-06-20 13:15:00,
1.12529384,4259580,Yulia Putintseva,K Bondarenko v Putintseva,40,2016-06-20 22:03:31.590,2.18,2016-06-21 10:00:00,
1.12529384,4259580,Yulia Putintseva,K Bondarenko v Putintseva,50,2016-06-20 22:50:26.323,2.3,2016-06-21 10:00:00,
1.12529384,4259580,Yulia Putintseva,K Bondarenko v Putintseva,60,2016-06-20 23:10:33.473,2.48,2016-06-21 10:00:00,
1.12529384,4259580,Yulia Putintseva,K Bondarenko v Putintseva,70,2016-06-21 03:06:25.008,2.46,2016-06-21 10:00:00,
1.12529384,4259580,Yulia Putintseva,K Bondarenko v Putintseva,80,2016-06-21 07:05:56.325,2.46,2016-06-21 10:00:00,
1.12529384,4259580,Yulia Putintseva,K Bondarenko v Putintseva,90,2016-06-21 09:03:27.242,2.46,2016-06-21 10:00:00,
1.12529384,4259580,Yulia Putintseva,K Bondarenko v Putintseva,100,2016-06-21 09:54:19.284,2.34,2016-06-21 10:00:00,
1.125293856,2404122,Andrea Petkovic,Petkovic v S Zheng,0,2016-06-20 01:03:12.211,1.39,2016-06-20 10:00:00,
1.125293856,2404122,Andrea Petkovic,Petkovic v S Zheng,10,2016-06-20 05:50:30.607,1.38,2016-06-20 10:00:00,
1.125293856,2404122,Andrea Petkovic,Petkovic v S Zheng,20,2016-06-20 06:49:05.250,1.41,2016-06-20 10:00:00,
1.125293856,2404122,Andrea Petkovic,Petkovic v S Zheng,30,2016-06-20 08:38:42.136,1.41,2016-06-20 10:00:00,
1.125293856,2404122,Andrea Petkovic,Petkovic v S Zheng,40,2016-06-20 09:15:32.289,1.42,2016-06-20 13:00:00,
1.125293856,2404122,Andrea Petkovic,Petkovic v S Zheng,50,2016-06-20 09:55:26.004,1.4,2016-06-20 13:00:00,
1.125293856,2404122,Andrea Petkovic,Petkovic v S Zheng,60,2016-06-20 10:56:18.824,1.41,2016-06-20 13:00:00,
1.125293856,2404122,Andrea Petkovic,Petkovic v S Zheng,70,2016-06-20 11:38:33.892,1.46,2016-06-20 14:00:00,
1.125293856,2404122,Andrea Petkovic,Petkovic v S Zheng,80,2016-06-20 12:14:34.324,1.46,2016-06-20 14:00:00,
1.125293856,2404122,Andrea Petkovic,Petkovic v S Zheng,90,2016-06-20 13:51:36.554,1.42,2016-06-20 14:00:00,
1.125293856,2404122,Andrea Petkovic,Petkovic v S Zheng,100,2016-06-20 14:04:29.788,1.44,2016-06-20 14:15:00,
1.125293856,5829453,Saisai Zheng,Petkovic v S Zheng,0,2016-06-20 03:22:48.240,3.35,2016-06-20 10:00:00,
1.125293856,5829453,Saisai Zheng,Petkovic v S Zheng,10,2016-06-20 06:39:21.332,3.45,2016-06-20 10:00:00,
1.125293856,5829453,Saisai Zheng,Petkovic v S Zheng,20,2016-06-20 09:11:32.104,3.35,2016-06-20 13:00:00,
1.125293856,5829453,Saisai Zheng,Petkovic v S Zheng,30,2016-06-20 09:41:00.259,3.45,2016-06-20 13:00:00,
1.125293856,5829453,Saisai Zheng,Petkovic v S Zheng,40,2016-06-20 09:55:26.004,3.45,2016-06-20 13:00:00,
1.125293856,5829453,Saisai Zheng,Petkovic v S Zheng,50,2016-06-20 09:59:43.710,3.4,2016-06-20 13:00:00,
1.125293856,5829453,Saisai Zheng,Petkovic v S Zheng,60,2016-06-20 10:56:18.824,3.4,2016-06-20 13:00:00,
1.125293856,5829453,Saisai Zheng,Petkovic v S Zheng,70,2016-06-20 12:14:34.324,3.15,2016-06-20 14:00:00,
1.125293856,5829453,Saisai Zheng,Petkovic v S Zheng,80,2016-06-20 13:33:26.873,3.45,2016-06-20 14:00:00,
1.125293856,5829453,Saisai Zheng,Petkovic v S Zheng,90,2016-06-20 13:54:30.081,3.3,2016-06-20 14:00:00,
1.125293856,5829453,Saisai Zheng,Petkovic v S Zheng,100,2016-06-20 14:04:29.788,3.25,2016-06-20 14:15:00,
1.125293988,2263603,Madison Brengle,Van Uytvanck v Brengle,0,2016-06-20 05:35:47.541,1.8,2016-06-20 10:00:00,
1.125293988,2263603,Madison Brengle,Van Uytvanck v Brengle,10,2016-06-20 09:06:55.697,1.83,2016-06-20 13:00:00,
1.125293988,2263603,Madison Brengle,Van Uytvanck v Brengle,20,2016-06-20 10:00:05.529,1.74,2016-06-20 13:00:00,
1.125293988,2263603,Madison Brengle,Van Uytvanck v Brengle,30,2016-06-20 11:37:56.971,1.74,2016-06-20 13:00:00,
1.125293988,2263603,Madison Brengle,Van Uytvanck v Brengle,40,2016-06-20 14:03:46.191,1.74,2016-06-20 14:15:00,
1.125293988,2263603,Madison Brengle,Van Uytvanck v Brengle,50,2016-06-20 17:50:52.994,1.77,2016-06-20 18:00:00,
1.125293988,2263603,Madison Brengle,Van Uytvanck v Brengle,60,2016-06-20 19:54:30.070,1.7,2016-06-21 10:00:00,
1.125293988,2263603,Madison Brengle,Van Uytvanck v Brengle,70,2016-06-21 05:56:21.105,1.76,2016-06-21 10:00:00,
1.125293988,2263603,Madison Brengle,Van Uytvanck v Brengle,80,2016-06-21 07:51:10.285,1.73,2016-06-21 10:00:00,
1.125293988,2263603,Madison Brengle,Van Uytvanck v Brengle,90,2016-06-21 08:48:07.604,1.78,2016-06-21 10:00:00,
1.125293988,2263603,Madison Brengle,Van Uytvanck v Brengle,100,2016-06-21 10:04:10.765,1.81,2016-06-21 10:15:00,
1.125293988,5548385,Alison Van Uytvanck,Van Uytvanck v Brengle,0,2016-06-20 03:10:06.870,2.14,2016-06-20 10:00:00,
1.125293988,5548385,Alison Van Uytvanck,Van Uytvanck v Brengle,10,2016-06-20 08:29:11.242,2.2,2016-06-20 10:00:00,
1.125293988,5548385,Alison Van Uytvanck,Van Uytvanck v Brengle,20,2016-06-20 09:26:43.677,2.22,2016-06-20 13:00:00,
1.125293988,5548385,Alison Van Uytvanck,Van Uytvanck v Brengle,30,2016-06-20 10:00:05.529,2.32,2016-06-20 13:00:00,
1.125293988,5548385,Alison Van Uytvanck,Van Uytvanck v Brengle,40,2016-06-20 10:14:54.135,2.3,2016-06-20 13:00:00,
1.125293988,5548385,Alison Van Uytvanck,Van Uytvanck v Brengle,50,2016-06-20 12:43:58.571,2.32,2016-06-20 13:00:00,
1.125293988,5548385,Alison Van Uytvanck,Van Uytvanck v Brengle,60,2016-06-20 16:01:04.605,2.32,2016-06-20 16:15:00,
1.125293988,5548385,Alison Van Uytvanck,Van Uytvanck v Brengle,70,2016-06-21 01:44:05.029,2.34,2016-06-21 10:00:00,
1.125293988,5548385,Alison Van Uytvanck,Van Uytvanck v Brengle,80,2016-06-21 07:51:10.285,2.4,2016-06-21 10:00:00,
1.125293988,5548385,Alison Van Uytvanck,Van Uytvanck v Brengle,90,2016-06-21 09:36:05.147,2.28,2016-06-21 10:00:00,
1.125293988,5548385,Alison Van Uytvanck,Van Uytvanck v Brengle,100,2016-06-21 10:04:10.765,2.12,2016-06-21 10:15:00,
1.125294042,5300737,Anett Kontaveit,Friedsam v Kontaveit,0,2016-06-20 09:13:22.424,1.83,2016-06-20 14:00:00,
1.125294042,5300737,Anett Kontaveit,Friedsam v Kontaveit,10,2016-06-20 10:54:09.383,1.8,2016-06-20 14:00:00,
1.125294042,5300737,Anett Kontaveit,Friedsam v Kontaveit,20,2016-06-20 12:13:16.027,1.73,2016-06-20 14:00:00,
1.125294042,5300737,Anett Kontaveit,Friedsam v Kontaveit,30,2016-06-20 13:59:13.079,1.74,2016-06-20 14:00:00,
1.125294042,5300737,Anett Kontaveit,Friedsam v Kontaveit,40,2016-06-20 16:47:17.977,1.75,2016-06-20 17:00:00,
1.125294042,5300737,Anett Kontaveit,Friedsam v Kontaveit,50,2016-06-20 21:25:02.248,1.79,2016-06-21 12:00:00,
1.125294042,5300737,Anett Kontaveit,Friedsam v Kontaveit,60,2016-06-21 09:58:22.400,1.73,2016-06-21 12:00:00,
1.125294042,5300737,Anett Kontaveit,Friedsam v Kontaveit,70,2016-06-21 10:44:13.900,1.74,2016-06-21 12:02:00,
1.125294042,5300737,Anett Kontaveit,Friedsam v Kontaveit,80,2016-06-21 11:40:22.549,1.73,2016-06-21 12:02:00,
1.125294042,5300737,Anett Kontaveit,Friedsam v Kontaveit,90,2016-06-21 12:01:33.718,1.79,2016-06-21 12:02:00,
1.125294042,5300737,Anett Kontaveit,Friedsam v Kontaveit,100,2016-06-21 12:29:24.889,1.69,2016-06-21 12:32:00,
1.125294042,7593369,Anna-Lena Friedsam,Friedsam v Kontaveit,0,2016-06-20 10:54:09.383,2.24,2016-06-20 14:00:00,
1.125294042,7593369,Anna-Lena Friedsam,Friedsam v Kontaveit,10,2016-06-20 16:47:17.977,2.32,2016-06-20 17:00:00,
1.125294042,7593369,Anna-Lena Friedsam,Friedsam v Kontaveit,20,2016-06-21 06:20:14.441,2.28,2016-06-21 12:00:00,
1.125294042,7593369,Anna-Lena Friedsam,Friedsam v Kontaveit,30,2016-06-21 08:27:21.838,2.28,2016-06-21 12:00:00,
1.125294042,7593369,Anna-Lena Friedsam,Friedsam v Kontaveit,40,2016-06-21 09:16:23.772,2.34,2016-06-21 12:00:00,
1.125294042,7593369,Anna-Lena Friedsam,Friedsam v Kontaveit,50,2016-06-21 10:16:33.304,2.36,2016-06-21 12:02:00,
1.125294042,7593369,Anna-Lena Friedsam,Friedsam v Kontaveit,60,2016-06-21 10:44:13.900,2.36,2016-06-21 12:02:00,
1.125294042,7593369,Anna-Lena Friedsam,Friedsam v Kontaveit,70,2016-06-21 11:04:46.518,2.26,2016-06-21 12:02:00,
1.125294042,7593369,Anna-Lena Friedsam,Friedsam v Kontaveit,80,2016-06-21 11:41:20.029,2.38,2016-06-21 12:02:00,
1.125294042,7593369,Anna-Lena Friedsam,Friedsam v Kontaveit,90,2016-06-21 12:00:45.968,2.36,2016-06-21 12:02:00,
1.125294042,7593369,Anna-Lena Friedsam,Friedsam v Kontaveit,100,2016-06-21 12:25:21.887,2.5,2016-06-21 12:32:00,
1.125294096,8283006,Mirjana Lucic-Baroni,Allertova v Lucic-Baroni,0,2016-06-19 23:12:08.608,1.54,2016-06-20 12:00:00,
1.125294096,8283006,Mirjana Lucic-Baroni,Allertova v Lucic-Baroni,10,2016-06-20 09:12:15.315,1.49,2016-06-20 15:00:00,
1.125294096,8283006,Mirjana Lucic-Baroni,Allertova v Lucic-Baroni,20,2016-06-20 12:38:36.298,1.44,2016-06-20 15:00:00,
1.125294096,8283006,Mirjana Lucic-Baroni,Allertova v Lucic-Baroni,30,2016-06-20 13:16:28.357,1.47,2016-06-20 15:30:00,
1.125294096,8283006,Mirjana Lucic-Baroni,Allertova v Lucic-Baroni,40,2016-06-20 14:29:12.812,1.45,2016-06-20 16:30:00,
1.125294096,8283006,Mirjana Lucic-Baroni,Allertova v Lucic-Baroni,50,2016-06-20 15:01:22.007,1.44,2016-06-20 17:15:00,
1.125294096,8283006,Mirjana Lucic-Baroni,Allertova v Lucic-Baroni,60,2016-06-20 17:53:20.893,1.49,2016-06-20 20:00:00,
1.125294096,8283006,Mirjana Lucic-Baroni,Allertova v Lucic-Baroni,70,2016-06-21 07:16:32.113,1.5,2016-06-21 10:00:00,
1.125294096,8283006,Mirjana Lucic-Baroni,Allertova v Lucic-Baroni,80,2016-06-21 07:32:26.104,1.45,2016-06-21 10:00:00,
1.125294096,8283006,Mirjana Lucic-Baroni,Allertova v Lucic-Baroni,90,2016-06-21 08:25:57.336,1.45,2016-06-21 10:00:00,
1.125294096,8283006,Mirjana Lucic-Baroni,Allertova v Lucic-Baroni,100,2016-06-21 09:38:27.149,1.44,2016-06-21 10:00:00,
1.125294096,8679183,Denisa Allertova,Allertova v Lucic-Baroni,0,2016-06-19 23:12:08.608,2.86,2016-06-20 12:00:00,
1.125294096,8679183,Denisa Allertova,Allertova v Lucic-Baroni,10,2016-06-20 09:26:28.200,3.2,2016-06-20 15:00:00,
1.125294096,8679183,Denisa Allertova,Allertova v Lucic-Baroni,20,2016-06-20 13:08:25.852,3.05,2016-06-20 15:15:00,
1.125294096,8679183,Denisa Allertova,Allertova v Lucic-Baroni,30,2016-06-20 13:16:28.357,3.1,2016-06-20 15:30:00,
1.125294096,8679183,Denisa Allertova,Allertova v Lucic-Baroni,40,2016-06-20 13:31:11.475,3.05,2016-06-20 15:45:00,
1.125294096,8679183,Denisa Allertova,Allertova v Lucic-Baroni,50,2016-06-20 15:01:22.007,3.3,2016-06-20 17:15:00,
1.125294096,8679183,Denisa Allertova,Allertova v Lucic-Baroni,60,2016-06-20 17:42:00.386,3.05,2016-06-20 19:45:00,
1.125294096,8679183,Denisa Allertova,Allertova v Lucic-Baroni,70,2016-06-21 08:25:57.336,3.2,2016-06-21 10:00:00,
1.125294096,8679183,Denisa Allertova,Allertova v Lucic-Baroni,80,2016-06-21 08:30:28.513,3.1,2016-06-21 10:00:00,
1.125294096,8679183,Denisa Allertova,Allertova v Lucic-Baroni,90,2016-06-21 09:14:36.118,3.4,2016-06-21 10:00:00,
1.125294096,8679183,Denisa Allertova,Allertova v Lucic-Baroni,100,2016-06-21 09:38:27.149,3.3,2016-06-21 10:00:00,
1.125294164,2559490,Ti Chen,D King v Ti Chen,0,2016-06-20 07:22:36.500,2.14,2016-06-20 16:00:00,
1.125294164,2559490,Ti Chen,D King v Ti Chen,10,2016-06-20 08:45:36.779,1.88,2016-06-20 16:00:00,
1.125294164,2559490,Ti Chen,D King v Ti Chen,20,2016-06-20 10:20:34.979,1.75,2016-06-20 18:00:00,
1.125294164,2559490,Ti Chen,D King v Ti Chen,30,2016-06-20 10:29:29.971,1.66,2016-06-20 18:00:00,
1.125294164,2559490,Ti Chen,D King v Ti Chen,40,2016-06-20 10:41:35.683,1.65,2016-06-20 19:00:00,
1.125294164,2559490,Ti Chen,D King v Ti Chen,50,2016-06-20 10:48:24.751,1.64,2016-06-20 19:00:00,
1.125294164,2559490,Ti Chen,D King v Ti Chen,60,2016-06-20 12:32:03.998,1.54,2016-06-20 22:00:00,
1.125294164,2559490,Ti Chen,D King v Ti Chen,70,2016-06-20 12:41:26.304,1.53,2016-06-20 22:00:00,
1.125294164,2559490,Ti Chen,D King v Ti Chen,80,2016-06-20 13:04:31.508,1.48,2016-06-20 22:00:00,
1.125294164,2559490,Ti Chen,D King v Ti Chen,90,2016-06-20 21:24:29.354,1.6,2016-06-21 11:30:00,
1.125294164,2559490,Ti Chen,D King v Ti Chen,100,2016-06-21 11:31:32.367,1.62,2016-06-21 11:33:00,
1.125294164,8413749,Darian King,D King v Ti Chen,0,2016-06-20 07:31:31.736,1.89,2016-06-20 16:00:00,
1.125294164,8413749,Darian King,D King v Ti Chen,10,2016-06-20 08:49:37.425,2.16,2016-06-20 16:00:00,
1.125294164,8413749,Darian King,D King v Ti Chen,20,2016-06-20 10:29:29.971,2.52,2016-06-20 18:00:00,
1.125294164,8413749,Darian King,D King v Ti Chen,30,2016-06-20 10:37:46.041,2.4,2016-06-20 19:00:00,
1.125294164,8413749,Darian King,D King v Ti Chen,40,2016-06-20 10:44:33.013,2.58,2016-06-20 19:00:00,
1.125294164,8413749,Darian King,D King v Ti Chen,50,2016-06-20 10:48:24.751,2.58,2016-06-20 19:00:00,
1.125294164,8413749,Darian King,D King v Ti Chen,60,2016-06-20 12:16:35.692,2.32,2016-06-20 22:00:00,
1.125294164,8413749,Darian King,D King v Ti Chen,70,2016-06-20 13:26:33.698,2.74,2016-06-20 22:00:00,
1.125294164,8413749,Darian King,D King v Ti Chen,80,2016-06-20 21:59:37.310,2.52,2016-06-21 11:30:00,
1.125294164,8413749,Darian King,D King v Ti Chen,90,2016-06-21 10:22:34.233,2.82,2016-06-21 11:37:00,
1.125294164,8413749,Darian King,D King v Ti Chen,100,2016-06-21 11:32:37.419,2.6,2016-06-21 11:33:00,
1.125294182,7659623,Karen Khachanov,Khachanov v Y Bai,0,2016-06-20 12:38:30.714,1.12,2016-06-20 16:00:00,
1.125294182,7659623,Karen Khachanov,Khachanov v Y Bai,10,2016-06-20 12:39:53.276,1.19,2016-06-20 16:00:00,
1.125294182,7659623,Karen Khachanov,Khachanov v Y Bai,20,2016-06-20 13:36:26.011,1.2,2016-06-20 16:00:00,
1.125294182,7659623,Karen Khachanov,Khachanov v Y Bai,30,2016-06-20 14:02:40.486,1.13,2016-06-20 16:30:00,
1.125294182,7659623,Karen Khachanov,Khachanov v Y Bai,40,2016-06-20 16:49:48.398,1.17,2016-06-20 18:33:00,
1.125294182,7659623,Karen Khachanov,Khachanov v Y Bai,50,2016-06-20 17:34:09.693,1.19,2016-06-20 18:33:00,
1.125294182,7659623,Karen Khachanov,Khachanov v Y Bai,60,2016-06-20 19:18:19.265,1.21,2016-06-20 19:53:00,
1.125294182,7659623,Karen Khachanov,Khachanov v Y Bai,70,2016-06-20 19:30:38.752,1.22,2016-06-20 19:41:00,
1.125294182,7659623,Karen Khachanov,Khachanov v Y Bai,80,2016-06-21 10:16:31.408,1.13,2016-06-21 13:31:00,
1.125294182,7659623,Karen Khachanov,Khachanov v Y Bai,90,2016-06-21 11:32:46.008,1.16,2016-06-21 12:44:00,
1.125294182,7659623,Karen Khachanov,Khachanov v Y Bai,100,2016-06-21 11:45:28.181,1.21,2016-06-21 11:48:00,
1.125294192,2284300,Alejandro Falla,Falla v Caruso,0,2016-06-20 04:12:07.954,1.21,2016-06-20 14:00:00,
1.125294192,2284300,Alejandro Falla,Falla v Caruso,10,2016-06-20 06:50:21.927,1.17,2016-06-20 14:00:00,
1.125294192,2284300,Alejandro Falla,Falla v Caruso,20,2016-06-20 09:32:34.982,1.06,2016-06-20 16:00:00,
1.125294192,2284300,Alejandro Falla,Falla v Caruso,30,2016-06-20 12:35:30.284,1.17,2016-06-20 20:00:00,
1.125294192,2284300,Alejandro Falla,Falla v Caruso,40,2016-06-21 00:16:13.324,1.06,2016-06-21 09:30:00,
1.125294192,2284300,Alejandro Falla,Falla v Caruso,50,2016-06-21 03:47:56.195,1.12,2016-06-21 09:30:00,
1.125294192,2284300,Alejandro Falla,Falla v Caruso,60,2016-06-21 06:55:59.809,1.09,2016-06-21 09:30:00,
1.125294192,2284300,Alejandro Falla,Falla v Caruso,70,2016-06-21 08:02:08.826,1.12,2016-06-21 09:30:00,
1.125294192,2284300,Alejandro Falla,Falla v Caruso,80,2016-06-21 08:10:14.864,1.14,2016-06-21 09:30:00,
1.125294192,2284300,Alejandro Falla,Falla v Caruso,90,2016-06-21 08:14:24.127,1.1,2016-06-21 09:30:00,
1.125294192,2284300,Alejandro Falla,Falla v Caruso,100,2016-06-21 09:29:44.848,1.11,2016-06-21 09:45:00,
1.125294192,8257868,Salvatore Caruso,Falla v Caruso,0,2016-06-20 08:49:09.586,6.8,2016-06-20 14:00:00,
1.125294192,8257868,Salvatore Caruso,Falla v Caruso,10,2016-06-20 12:35:30.284,7.0,2016-06-20 20:00:00,
1.125294192,8257868,Salvatore Caruso,Falla v Caruso,20,2016-06-20 20:06:07.877,6.6,2016-06-21 09:30:00,
1.125294192,8257868,Salvatore Caruso,Falla v Caruso,30,2016-06-21 03:47:56.195,9.4,2016-06-21 09:30:00,
1.125294192,8257868,Salvatore Caruso,Falla v Caruso,40,2016-06-21 04:38:04.901,7.0,2016-06-21 09:30:00,
1.125294192,8257868,Salvatore Caruso,Falla v Caruso,50,2016-06-21 07:39:42.458,9.4,2016-06-21 09:30:00,
1.125294192,8257868,Salvatore Caruso,Falla v Caruso,60,2016-06-21 07:45:34.298,8.8,2016-06-21 09:30:00,
1.125294192,8257868,Salvatore Caruso,Falla v Caruso,70,2016-06-21 08:16:44.823,11.0,2016-06-21 09:30:00,
1.125294192,8257868,Salvatore Caruso,Falla v Caruso,80,2016-06-21 08:41:44.887,9.6,2016-06-21 09:30:00,
1.125294192,8257868,Salvatore Caruso,Falla v Caruso,90,2016-06-21 09:16:51.361,10.5,2016-06-21 09:30:00,
1.125294192,8257868,Salvatore Caruso,Falla v Caruso,100,2016-06-21 09:29:44.848,10.5,2016-06-21 09:45:00,
1.125294201,8490613,Jan Satral,Kicker v Satral,0,2016-06-20 09:45:53.591,1.77,2016-06-20 18:00:00,
1.125294201,8490613,Jan Satral,Kicker v Satral,10,2016-06-20 09:47:18.159,1.75,2016-06-20 18:00:00,
1.125294201,8490613,Jan Satral,Kicker v Satral,20,2016-06-20 11:37:16.721,1.71,2016-06-20 19:00:00,
1.125294201,8490613,Jan Satral,Kicker v Satral,30,2016-06-20 12:17:09.061,1.78,2016-06-20 18:00:00,
1.125294201,8490613,Jan Satral,Kicker v Satral,40,2016-06-20 13:28:49.735,1.79,2016-06-20 18:00:00,
1.125294201,8490613,Jan Satral,Kicker v Satral,50,2016-06-20 14:32:42.862,1.81,2016-06-20 18:45:00,
1.125294201,8490613,Jan Satral,Kicker v Satral,60,2016-06-20 20:55:47.939,1.89,2016-06-20 23:00:00,
1.125294201,8490613,Jan Satral,Kicker v Satral,70,2016-06-20 21:07:53.148,1.88,2016-06-20 23:15:00,
1.125294201,8490613,Jan Satral,Kicker v Satral,80,2016-06-21 10:03:52.514,1.85,2016-06-21 11:31:00,
1.125294201,8490613,Jan Satral,Kicker v Satral,90,2016-06-21 10:16:34.356,1.84,2016-06-21 11:31:00,
1.125294201,8490613,Jan Satral,Kicker v Satral,100,2016-06-21 10:26:21.714,1.83,2016-06-21 11:31:00,
1.125294202,5223695,Jurgen Zopp,Michon v Zopp,0,2016-06-20 03:10:30.671,1.23,2016-06-20 12:00:00,
1.125294202,5223695,Jurgen Zopp,Michon v Zopp,10,2016-06-20 03:25:10.156,1.3,2016-06-20 12:00:00,
1.125294202,5223695,Jurgen Zopp,Michon v Zopp,20,2016-06-20 03:41:44.892,1.23,2016-06-20 12:00:00,
1.125294202,5223695,Jurgen Zopp,Michon v Zopp,30,2016-06-20 09:09:38.448,1.23,2016-06-20 12:00:00,
1.125294202,5223695,Jurgen Zopp,Michon v Zopp,40,2016-06-20 09:12:02.423,1.28,2016-06-20 12:00:00,
1.125294202,5223695,Jurgen Zopp,Michon v Zopp,50,2016-06-20 18:01:40.709,1.25,2016-06-20 18:15:00,
1.125294202,5223695,Jurgen Zopp,Michon v Zopp,60,2016-06-20 18:04:52.199,1.26,2016-06-20 18:15:00,
1.125294202,5223695,Jurgen Zopp,Michon v Zopp,70,2016-06-20 18:13:45.613,1.24,2016-06-20 18:15:00,
1.125294202,5223695,Jurgen Zopp,Michon v Zopp,80,2016-06-20 19:52:51.985,1.17,2016-06-20 20:00:00,
1.125294202,5223695,Jurgen Zopp,Michon v Zopp,90,2016-06-20 20:37:02.238,1.24,2016-06-20 20:45:00,
1.125294202,5223695,Jurgen Zopp,Michon v Zopp,100,2016-06-21 10:39:52.089,1.26,2016-06-21 10:43:00,
1.125294249,8259187,Edouard Roger-Vasselin,Struvay v Roger-Vasselin,0,2016-06-20 04:08:15.346,1.12,2016-06-20 10:00:00,
1.125294249,8259187,Edouard Roger-Vasselin,Struvay v Roger-Vasselin,10,2016-06-20 07:38:54.811,1.16,2016-06-20 10:00:00,
1.125294249,8259187,Edouard Roger-Vasselin,Struvay v Roger-Vasselin,20,2016-06-20 08:19:40.802,1.13,2016-06-20 10:00:00,
1.125294249,8259187,Edouard Roger-Vasselin,Struvay v Roger-Vasselin,30,2016-06-20 08:53:01.054,1.2,2016-06-20 10:00:00,
1.125294249,8259187,Edouard Roger-Vasselin,Struvay v Roger-Vasselin,40,2016-06-20 09:22:52.556,1.21,2016-06-20 10:00:00,
1.125294249,8259187,Edouard Roger-Vasselin,Struvay v Roger-Vasselin,50,2016-06-20 09:45:57.364,1.18,2016-06-20 12:00:00,
1.125294249,8259187,Edouard Roger-Vasselin,Struvay v Roger-Vasselin,60,2016-06-20 09:48:51.719,1.14,2016-06-20 12:00:00,
1.125294249,8259187,Edouard Roger-Vasselin,Struvay v Roger-Vasselin,70,2016-06-20 10:57:47.058,1.17,2016-06-20 13:00:00,
1.125294249,8259187,Edouard Roger-Vasselin,Struvay v Roger-Vasselin,80,2016-06-20 11:27:45.495,1.18,2016-06-20 13:00:00,
1.125294249,8259187,Edouard Roger-Vasselin,Struvay v Roger-Vasselin,90,2016-06-20 13:45:15.450,1.33,2016-06-20 14:00:00,
1.125294249,8259187,Edouard Roger-Vasselin,Struvay v Roger-Vasselin,100,2016-06-20 14:29:50.985,1.19,2016-06-20 14:45:00,
1.125294289,2848631,Tim Smyczek,Smyczek v Ivashka,0,2016-06-20 06:15:09.328,1.15,2016-06-20 10:00:00,
1.125294289,2848631,Tim Smyczek,Smyczek v Ivashka,10,2016-06-20 08:51:28.915,1.22,2016-06-20 10:00:00,
1.125294289,2848631,Tim Smyczek,Smyczek v Ivashka,20,2016-06-20 08:55:05.941,1.26,2016-06-20 10:00:00,
1.125294289,2848631,Tim Smyczek,Smyczek v Ivashka,30,2016-06-20 09:37:02.425,1.25,2016-06-20 12:00:00,
1.125294289,2848631,Tim Smyczek,Smyczek v Ivashka,40,2016-06-20 12:37:06.433,1.24,2016-06-20 14:00:00,
1.125294289,2848631,Tim Smyczek,Smyczek v Ivashka,50,2016-06-20 12:45:29.597,1.33,2016-06-20 14:00:00,
1.125294289,2848631,Tim Smyczek,Smyczek v Ivashka,60,2016-06-20 13:26:32.266,1.31,2016-06-20 14:00:00,
1.125294289,2848631,Tim Smyczek,Smyczek v Ivashka,70,2016-06-20 14:13:28.656,1.42,2016-06-20 14:30:00,
1.125294289,2848631,Tim Smyczek,Smyczek v Ivashka,80,2016-06-20 14:30:24.096,1.5,2016-06-20 14:45:00,
1.125294289,2848631,Tim Smyczek,Smyczek v Ivashka,90,2016-06-20 16:52:46.796,1.29,2016-06-20 17:15:00,
1.125294289,2848631,Tim Smyczek,Smyczek v Ivashka,100,2016-06-20 17:00:20.515,1.29,2016-06-20 17:15:00,
1.125294289,8304047,Ilya Ivashka,Smyczek v Ivashka,0,2016-06-20 08:51:28.915,5.6,2016-06-20 10:00:00,
1.125294289,8304047,Ilya Ivashka,Smyczek v Ivashka,10,2016-06-20 08:52:27.527,4.9,2016-06-20 10:00:00,
1.125294289,8304047,Ilya Ivashka,Smyczek v Ivashka,20,2016-06-20 09:11:21.108,4.4,2016-06-20 10:00:00,
1.125294289,8304047,Ilya Ivashka,Smyczek v Ivashka,30,2016-06-20 10:11:26.807,4.3,2016-06-20 12:00:00,
1.125294289,8304047,Ilya Ivashka,Smyczek v Ivashka,40,2016-06-20 12:41:16.103,4.3,2016-06-20 14:00:00,
1.125294289,8304047,Ilya Ivashka,Smyczek v Ivashka,50,2016-06-20 12:46:28.714,3.9,2016-06-20 14:00:00,
1.125294289,8304047,Ilya Ivashka,Smyczek v Ivashka,60,2016-06-20 13:00:18.319,3.85,2016-06-20 14:00:00,
1.125294289,8304047,Ilya Ivashka,Smyczek v Ivashka,70,2016-06-20 14:13:28.656,3.05,2016-06-20 14:30:00,
1.125294289,8304047,Ilya Ivashka,Smyczek v Ivashka,80,2016-06-20 14:26:11.990,5.2,2016-06-20 14:30:00,
1.125294289,8304047,Ilya Ivashka,Smyczek v Ivashka,90,2016-06-20 14:30:24.096,3.05,2016-06-20 14:45:00,
1.125294289,8304047,Ilya Ivashka,Smyczek v Ivashka,100,2016-06-20 17:13:37.197,3.6,2016-06-20 17:15:00,
1.125294309,7287690,Quentin Halys,Podlipnik-Castillo v Halys,0,2016-06-20 04:06:22.365,1.18,2016-06-20 10:00:00,
1.125294309,7287690,Quentin Halys,Podlipnik-Castillo v Halys,10,2016-06-20 06:07:18.939,1.14,2016-06-20 10:00:00,
1.125294309,7287690,Quentin Halys,Podlipnik-Castillo v Halys,20,2016-06-20 07:08:06.655,1.13,2016-06-20 10:00:00,
1.125294309,7287690,Quentin Halys,Podlipnik-Castillo v Halys,30,2016-06-20 07:09:08.201,1.12,2016-06-20 10:00:00,
1.125294309,7287690,Quentin Halys,Podlipnik-Castillo v Halys,40,2016-06-20 09:23:38.361,1.12,2016-06-20 10:00:00,
1.125294309,7287690,Quentin Halys,Podlipnik-Castillo v Halys,50,2016-06-20 09:24:28.614,1.13,2016-06-20 10:00:00,
1.125294309,7287690,Quentin Halys,Podlipnik-Castillo v Halys,60,2016-06-20 09:30:37.455,1.12,2016-06-20 12:00:00,
1.125294309,7287690,Quentin Halys,Podlipnik-Castillo v Halys,70,2016-06-20 10:28:45.369,1.1,2016-06-20 12:00:00,
1.125294309,7287690,Quentin Halys,Podlipnik-Castillo v Halys,80,2016-06-20 11:21:45.239,1.11,2016-06-20 13:00:00,
1.125294309,7287690,Quentin Halys,Podlipnik-Castillo v Halys,90,2016-06-20 12:59:40.346,1.12,2016-06-20 14:00:00,
1.125294309,7287690,Quentin Halys,Podlipnik-Castillo v Halys,100,2016-06-20 15:52:10.330,1.07,2016-06-20 17:00:00,
1.125294339,4691416,Peter Gojowczyk,Gojowczyk v Millot,0,2016-06-20 06:15:47.688,1.66,2016-06-20 16:00:00,
1.125294339,4691416,Peter Gojowczyk,Gojowczyk v Millot,10,2016-06-20 06:17:56.887,1.7,2016-06-20 16:00:00,
1.125294339,4691416,Peter Gojowczyk,Gojowczyk v Millot,20,2016-06-20 07:17:01.316,1.67,2016-06-20 16:00:00,
1.125294339,4691416,Peter Gojowczyk,Gojowczyk v Millot,30,2016-06-20 15:13:05.124,1.82,2016-06-20 21:15:00,
1.125294339,4691416,Peter Gojowczyk,Gojowczyk v Millot,40,2016-06-20 15:13:46.572,1.93,2016-06-20 21:15:00,
1.125294339,4691416,Peter Gojowczyk,Gojowczyk v Millot,50,2016-06-21 03:05:46.747,1.82,2016-06-21 09:30:00,
1.125294339,4691416,Peter Gojowczyk,Gojowczyk v Millot,60,2016-06-21 03:06:31.618,1.81,2016-06-21 09:30:00,
1.125294339,4691416,Peter Gojowczyk,Gojowczyk v Millot,70,2016-06-21 06:46:57.009,1.87,2016-06-21 09:30:00,
1.125294339,4691416,Peter Gojowczyk,Gojowczyk v Millot,80,2016-06-21 09:15:03.553,1.83,2016-06-21 09:30:00,
1.125294339,4691416,Peter Gojowczyk,Gojowczyk v Millot,90,2016-06-21 09:16:02.401,1.8,2016-06-21 09:30:00,
1.125294339,4691416,Peter Gojowczyk,Gojowczyk v Millot,100,2016-06-21 09:24:38.520,1.82,2016-06-21 09:30:00,
1.125294354,2397396,Matthias Bachinger,Ar Smirnov v Bachinger,0,2016-06-20 06:02:13.589,1.25,2016-06-20 14:00:00,
1.125294354,2397396,Matthias Bachinger,Ar Smirnov v Bachinger,10,2016-06-20 09:29:50.449,1.11,2016-06-20 16:00:00,
1.125294354,2397396,Matthias Bachinger,Ar Smirnov v Bachinger,20,2016-06-20 12:36:23.292,1.18,2016-06-20 18:00:00,
1.125294354,2397396,Matthias Bachinger,Ar Smirnov v Bachinger,30,2016-06-21 04:39:34.999,1.18,2016-06-21 09:30:00,
1.125294354,2397396,Matthias Bachinger,Ar Smirnov v Bachinger,40,2016-06-21 06:21:50.884,1.17,2016-06-21 09:30:00,
1.125294354,2397396,Matthias Bachinger,Ar Smirnov v Bachinger,50,2016-06-21 07:41:41.467,1.17,2016-06-21 09:30:00,
1.125294354,2397396,Matthias Bachinger,Ar Smirnov v Bachinger,60,2016-06-21 07:53:36.724,1.18,2016-06-21 09:30:00,
1.125294354,2397396,Matthias Bachinger,Ar Smirnov v Bachinger,70,2016-06-21 07:59:59.667,1.16,2016-06-21 09:30:00,
1.125294354,2397396,Matthias Bachinger,Ar Smirnov v Bachinger,80,2016-06-21 08:24:08.826,1.15,2016-06-21 09:30:00,
1.125294354,2397396,Matthias Bachinger,Ar Smirnov v Bachinger,90,2016-06-21 08:31:09.197,1.16,2016-06-21 09:30:00,
1.125294354,2397396,Matthias Bachinger,Ar Smirnov v Bachinger,100,2016-06-21 09:32:06.504,1.12,2016-06-21 09:45:00,
1.125294379,2581407,Tobias Kamke,Tepavac v Kamke,0,2016-06-20 07:21:06.655,1.18,2016-06-20 10:00:00,
1.125294379,2581407,Tobias Kamke,Tepavac v Kamke,10,2016-06-20 07:22:03.723,1.17,2016-06-20 10:00:00,
1.125294379,2581407,Tobias Kamke,Tepavac v Kamke,20,2016-06-20 07:40:35.829,1.11,2016-06-20 10:00:00,
1.125294379,2581407,Tobias Kamke,Tepavac v Kamke,30,2016-06-20 09:27:28.909,1.11,2016-06-20 11:00:00,
1.125294379,2581407,Tobias Kamke,Tepavac v Kamke,40,2016-06-20 09:42:13.151,1.14,2016-06-20 12:00:00,
1.125294379,2581407,Tobias Kamke,Tepavac v Kamke,50,2016-06-20 10:13:17.601,1.1,2016-06-20 12:00:00,
1.125294379,2581407,Tobias Kamke,Tepavac v Kamke,60,2016-06-20 10:39:06.522,1.1,2016-06-20 13:00:00,
1.125294379,2581407,Tobias Kamke,Tepavac v Kamke,70,2016-06-20 10:40:18.107,1.14,2016-06-20 13:00:00,
1.125294379,2581407,Tobias Kamke,Tepavac v Kamke,80,2016-06-20 11:22:23.141,1.15,2016-06-20 13:00:00,
1.125294379,2581407,Tobias Kamke,Tepavac v Kamke,90,2016-06-20 12:37:03.054,1.12,2016-06-20 14:00:00,
1.125294379,2581407,Tobias Kamke,Tepavac v Kamke,100,2016-06-20 14:01:53.708,1.09,2016-06-20 14:30:00,
1.125294379,8684410,Marko Tepavac,Tepavac v Kamke,0,2016-06-20 02:48:47.419,4.6,2016-06-20 10:00:00,
1.125294379,8684410,Marko Tepavac,Tepavac v Kamke,10,2016-06-20 07:22:03.723,6.8,2016-06-20 10:00:00,
1.125294379,8684410,Marko Tepavac,Tepavac v Kamke,20,2016-06-20 08:56:34.932,7.0,2016-06-20 10:00:00,
1.125294379,8684410,Marko Tepavac,Tepavac v Kamke,30,2016-06-20 09:42:13.151,8.2,2016-06-20 12:00:00,
1.125294379,8684410,Marko Tepavac,Tepavac v Kamke,40,2016-06-20 10:00:22.280,10.5,2016-06-20 12:00:00,
1.125294379,8684410,Marko Tepavac,Tepavac v Kamke,50,2016-06-20 10:20:14.482,8.2,2016-06-20 12:00:00,
1.125294379,8684410,Marko Tepavac,Tepavac v Kamke,60,2016-06-20 10:44:55.272,8.0,2016-06-20 13:00:00,
1.125294379,8684410,Marko Tepavac,Tepavac v Kamke,70,2016-06-20 12:24:17.605,12.0,2016-06-20 14:00:00,
1.125294379,8684410,Marko Tepavac,Tepavac v Kamke,80,2016-06-20 12:49:20.776,9.2,2016-06-20 14:00:00,
1.125294379,8684410,Marko Tepavac,Tepavac v Kamke,90,2016-06-20 13:03:07.726,6.8,2016-06-20 14:00:00,
1.125294379,8684410,Marko Tepavac,Tepavac v Kamke,100,2016-06-20 14:01:53.708,12.0,2016-06-20 14:30:00,
1.125294414,3374117,Yuichi Sugita,Sugita v Ma Willis,0,2016-06-20 07:11:40.376,1.26,2016-06-20 14:00:00,
1.125294414,3374117,Yuichi Sugita,Sugita v Ma Willis,10,2016-06-21 00:27:55.142,1.29,2016-06-21 09:30:00,
1.125294414,3374117,Yuichi Sugita,Sugita v Ma Willis,20,2016-06-21 00:32:48.542,1.25,2016-06-21 09:30:00,
1.125294414,3374117,Yuichi Sugita,Sugita v Ma Willis,30,2016-06-21 00:32:57.348,1.24,2016-06-21 09:30:00,
1.125294414,3374117,Yuichi Sugita,Sugita v Ma Willis,40,2016-06-21 04:17:44.928,1.22,2016-06-21 09:30:00,
1.125294414,3374117,Yuichi Sugita,Sugita v Ma Willis,50,2016-06-21 04:30:58.517,1.2,2016-06-21 09:30:00,
1.125294414,3374117,Yuichi Sugita,Sugita v Ma Willis,60,2016-06-21 07:59:30.048,1.19,2016-06-21 09:30:00,
1.125294414,3374117,Yuichi Sugita,Sugita v Ma Willis,70,2016-06-21 08:06:17.083,1.21,2016-06-21 09:30:00,
1.125294414,3374117,Yuichi Sugita,Sugita v Ma Willis,80,2016-06-21 08:59:25.468,1.17,2016-06-21 09:30:00,
1.125294414,3374117,Yuichi Sugita,Sugita v Ma Willis,90,2016-06-21 09:02:46.802,1.22,2016-06-21 09:30:00,
1.125294414,3374117,Yuichi Sugita,Sugita v Ma Willis,100,2016-06-21 09:05:42.199,1.21,2016-06-21 09:30:00,
1.125294424,7337094,Edward Corrie,Corrie v T Paul,0,2016-06-20 07:47:26.630,2.0,2016-06-20 12:00:00,
1.125294424,7337094,Edward Corrie,Corrie v T Paul,10,2016-06-20 08:35:44.293,1.76,2016-06-20 12:00:00,
1.125294424,7337094,Edward Corrie,Corrie v T Paul,20,2016-06-20 08:38:27.819,1.77,2016-06-20 12:00:00,
1.125294424,7337094,Edward Corrie,Corrie v T Paul,30,2016-06-20 09:27:41.112,1.75,2016-06-20 13:00:00,
1.125294424,7337094,Edward Corrie,Corrie v T Paul,40,2016-06-20 15:17:40.285,1.78,2016-06-20 15:30:00,
1.125294424,7337094,Edward Corrie,Corrie v T Paul,50,2016-06-20 17:11:50.771,1.73,2016-06-20 17:15:00,
1.125294424,7337094,Edward Corrie,Corrie v T Paul,60,2016-06-20 20:08:43.806,1.77,2016-06-20 20:15:00,
1.125294424,7337094,Edward Corrie,Corrie v T Paul,70,2016-06-20 21:38:50.136,1.77,2016-06-20 21:45:00,
1.125294424,7337094,Edward Corrie,Corrie v T Paul,80,2016-06-20 22:06:36.046,1.71,2016-06-20 22:15:00,
1.125294424,7337094,Edward Corrie,Corrie v T Paul,90,2016-06-20 22:41:40.282,1.7,2016-06-20 22:45:00,
1.125294424,7337094,Edward Corrie,Corrie v T Paul,100,2016-06-21 11:43:37.524,1.71,2016-06-21 13:16:00,
1.125294424,8859306,Tommy Paul,Corrie v T Paul,0,2016-06-20 07:47:26.630,1.97,2016-06-20 12:00:00,
1.125294424,8859306,Tommy Paul,Corrie v T Paul,10,2016-06-20 08:35:44.293,2.3,2016-06-20 12:00:00,
1.125294424,8859306,Tommy Paul,Corrie v T Paul,20,2016-06-20 09:27:41.112,2.3,2016-06-20 13:00:00,
1.125294424,8859306,Tommy Paul,Corrie v T Paul,30,2016-06-20 13:01:29.041,2.24,2016-06-20 16:00:00,
1.125294424,8859306,Tommy Paul,Corrie v T Paul,40,2016-06-20 15:17:40.285,2.28,2016-06-20 15:30:00,
1.125294424,8859306,Tommy Paul,Corrie v T Paul,50,2016-06-20 15:24:42.796,2.26,2016-06-20 15:30:00,
1.125294424,8859306,Tommy Paul,Corrie v T Paul,60,2016-06-20 16:08:38.085,2.3,2016-06-20 16:15:00,
1.125294424,8859306,Tommy Paul,Corrie v T Paul,70,2016-06-20 16:12:58.029,2.24,2016-06-20 16:15:00,
1.125294424,8859306,Tommy Paul,Corrie v T Paul,80,2016-06-20 18:09:50.234,2.04,2016-06-20 18:15:00,
1.125294424,8859306,Tommy Paul,Corrie v T Paul,90,2016-06-20 21:40:04.210,2.28,2016-06-20 21:45:00,
1.125294424,8859306,Tommy Paul,Corrie v T Paul,100,2016-06-21 11:43:37.524,2.42,2016-06-21 13:16:00,
1.125294433,3259323,Uladzimir Ignatik,Ignatik v R Olivo,0,2016-06-20 06:06:48.145,2.28,2016-06-20 10:00:00,
1.125294433,3259323,Uladzimir Ignatik,Ignatik v R Olivo,10,2016-06-20 08:51:55.014,2.24,2016-06-20 10:00:00,
1.125294433,3259323,Uladzimir Ignatik,Ignatik v R Olivo,20,2016-06-20 10:11:46.499,2.32,2016-06-20 12:00:00,
1.125294433,3259323,Uladzimir Ignatik,Ignatik v R Olivo,30,2016-06-20 10:24:56.707,2.24,2016-06-20 12:00:00,
1.125294433,3259323,Uladzimir Ignatik,Ignatik v R Olivo,40,2016-06-20 11:57:58.104,2.26,2016-06-20 14:00:00,
1.125294433,3259323,Uladzimir Ignatik,Ignatik v R Olivo,50,2016-06-20 12:36:58.390,2.28,2016-06-20 14:00:00,
1.125294433,3259323,Uladzimir Ignatik,Ignatik v R Olivo,60,2016-06-20 12:46:53.611,2.26,2016-06-20 14:00:00,
1.125294433,3259323,Uladzimir Ignatik,Ignatik v R Olivo,70,2016-06-20 14:21:54.131,2.24,2016-06-20 14:30:00,
1.125294433,3259323,Uladzimir Ignatik,Ignatik v R Olivo,80,2016-06-20 14:24:45.421,2.26,2016-06-20 14:30:00,
1.125294433,3259323,Uladzimir Ignatik,Ignatik v R Olivo,90,2016-06-20 14:33:51.799,2.24,2016-06-20 14:45:00,
1.125294433,3259323,Uladzimir Ignatik,Ignatik v R Olivo,100,2016-06-20 15:59:55.778,2.1,2016-06-20 16:15:00,
1.125294433,4822931,Renzo Olivo,Ignatik v R Olivo,0,2016-06-20 06:06:48.145,1.76,2016-06-20 10:00:00,
1.125294433,4822931,Renzo Olivo,Ignatik v R Olivo,10,2016-06-20 08:52:46.053,1.81,2016-06-20 10:00:00,
1.125294433,4822931,Renzo Olivo,Ignatik v R Olivo,20,2016-06-20 10:13:51.800,1.75,2016-06-20 12:00:00,
1.125294433,4822931,Renzo Olivo,Ignatik v R Olivo,30,2016-06-20 11:07:51.247,1.74,2016-06-20 13:00:00,
1.125294433,4822931,Renzo Olivo,Ignatik v R Olivo,40,2016-06-20 11:57:58.104,1.8,2016-06-20 14:00:00,
1.125294433,4822931,Renzo Olivo,Ignatik v R Olivo,50,2016-06-20 12:23:58.051,1.8,2016-06-20 14:00:00,
1.125294433,4822931,Renzo Olivo,Ignatik v R Olivo,60,2016-06-20 12:36:58.390,1.79,2016-06-20 14:00:00,
1.125294433,4822931,Renzo Olivo,Ignatik v R Olivo,70,2016-06-20 13:54:56.720,1.83,2016-06-20 14:30:00,
1.125294433,4822931,Renzo Olivo,Ignatik v R Olivo,80,2016-06-20 14:28:59.305,1.79,2016-06-20 14:30:00,
1.125294433,4822931,Renzo Olivo,Ignatik v R Olivo,90,2016-06-20 14:33:51.799,1.78,2016-06-20 14:45:00,
1.125294433,4822931,Renzo Olivo,Ignatik v R Olivo,100,2016-06-20 15:16:46.131,1.68,2016-06-20 16:00:00,
1.125294444,2263625,Mischa Zverev,M Zverev v Brands,0,2016-06-20 09:05:10.501,1.64,2016-06-20 14:00:00,
1.125294444,2263625,Mischa Zverev,M Zverev v Brands,10,2016-06-20 09:45:42.625,1.63,2016-06-20 16:00:00,
1.125294444,2263625,Mischa Zverev,M Zverev v Brands,20,2016-06-20 11:37:30.623,1.58,2016-06-20 17:00:00,
1.125294444,2263625,Mischa Zverev,M Zverev v Brands,30,2016-06-20 11:54:49.363,1.59,2016-06-20 18:00:00,
1.125294444,2263625,Mischa Zverev,M Zverev v Brands,40,2016-06-20 14:32:56.018,1.56,2016-06-20 18:45:00,
1.125294444,2263625,Mischa Zverev,M Zverev v Brands,50,2016-06-20 14:48:04.580,1.49,2016-06-20 19:00:00,
1.125294444,2263625,Mischa Zverev,M Zverev v Brands,60,2016-06-20 14:58:00.539,1.48,2016-06-20 19:00:00,
1.125294444,2263625,Mischa Zverev,M Zverev v Brands,70,2016-06-21 10:16:36.615,1.49,2016-06-21 13:29:00,
1.125294444,2263625,Mischa Zverev,M Zverev v Brands,80,2016-06-21 11:48:28.735,1.55,2016-06-21 12:46:00,
1.125294444,2263625,Mischa Zverev,M Zverev v Brands,90,2016-06-21 12:12:47.646,1.53,2016-06-21 12:46:00,
1.125294444,2263625,Mischa Zverev,M Zverev v Brands,100,2016-06-21 12:23:03.816,1.52,2016-06-21 12:46:00,
1.125294459,6498878,Marco Trungelliti,Barton v Trungelliti,0,2016-06-20 03:10:44.812,2.48,2016-06-20 16:00:00,
1.125294459,6498878,Marco Trungelliti,Barton v Trungelliti,10,2016-06-20 03:41:34.616,2.6,2016-06-20 16:00:00,
1.125294459,6498878,Marco Trungelliti,Barton v Trungelliti,20,2016-06-20 11:56:12.964,2.98,2016-06-20 20:00:00,
1.125294459,6498878,Marco Trungelliti,Barton v Trungelliti,30,2016-06-20 13:34:12.011,2.62,2016-06-20 18:00:00,
1.125294459,6498878,Marco Trungelliti,Barton v Trungelliti,40,2016-06-20 14:31:13.733,2.86,2016-06-20 18:45:00,
1.125294459,6498878,Marco Trungelliti,Barton v Trungelliti,50,2016-06-20 14:49:13.723,3.05,2016-06-20 19:00:00,
1.125294459,6498878,Marco Trungelliti,Barton v Trungelliti,60,2016-06-20 14:50:16.245,3.1,2016-06-20 19:00:00,
1.125294459,6498878,Marco Trungelliti,Barton v Trungelliti,70,2016-06-21 08:31:16.770,2.64,2016-06-21 13:30:00,
1.125294459,6498878,Marco Trungelliti,Barton v Trungelliti,80,2016-06-21 11:55:49.270,2.62,2016-06-21 13:09:00,
1.125294459,6498878,Marco Trungelliti,Barton v Trungelliti,90,2016-06-21 12:22:06.617,2.94,2016-06-21 12:32:00,
1.125294459,6498878,Marco Trungelliti,Barton v Trungelliti,100,2016-06-21 12:24:06.970,3.05,2016-06-21 12:32:00,
1.125294459,7216447,Matthew Barton,Barton v Trungelliti,0,2016-06-20 11:37:16.830,1.51,2016-06-20 19:00:00,
1.125294459,7216447,Matthew Barton,Barton v Trungelliti,10,2016-06-20 11:56:12.964,1.5,2016-06-20 20:00:00,
1.125294459,7216447,Matthew Barton,Barton v Trungelliti,20,2016-06-20 13:35:09.778,1.63,2016-06-20 18:00:00,
1.125294459,7216447,Matthew Barton,Barton v Trungelliti,30,2016-06-20 14:30:13.137,1.55,2016-06-20 18:45:00,
1.125294459,7216447,Matthew Barton,Barton v Trungelliti,40,2016-06-20 14:35:30.600,1.53,2016-06-20 18:45:00,
1.125294459,7216447,Matthew Barton,Barton v Trungelliti,50,2016-06-20 14:49:13.723,1.49,2016-06-20 19:00:00,
1.125294459,7216447,Matthew Barton,Barton v Trungelliti,60,2016-06-20 16:57:14.082,1.5,2016-06-20 19:00:00,
1.125294459,7216447,Matthew Barton,Barton v Trungelliti,70,2016-06-20 17:33:42.240,1.52,2016-06-20 19:45:00,
1.125294459,7216447,Matthew Barton,Barton v Trungelliti,80,2016-06-21 10:16:32.404,1.53,2016-06-21 13:37:00,
1.125294459,7216447,Matthew Barton,Barton v Trungelliti,90,2016-06-21 12:05:07.419,1.61,2016-06-21 13:09:00,
1.125294459,7216447,Matthew Barton,Barton v Trungelliti,100,2016-06-21 12:23:13.638,1.51,2016-06-21 12:32:00,
1.125294469,6603914,Guido Andreozzi,Y Mertens v Andreozzi,0,2016-06-20 08:39:50.142,1.88,2016-06-20 16:00:00,
1.125294469,6603914,Guido Andreozzi,Y Mertens v Andreozzi,10,2016-06-20 14:40:22.509,1.86,2016-06-20 18:45:00,
1.125294469,6603914,Guido Andreozzi,Y Mertens v Andreozzi,20,2016-06-20 17:33:55.833,1.76,2016-06-20 19:45:00,
1.125294469,6603914,Guido Andreozzi,Y Mertens v Andreozzi,30,2016-06-20 19:50:09.417,1.77,2016-06-20 22:00:00,
1.125294469,6603914,Guido Andreozzi,Y Mertens v Andreozzi,40,2016-06-20 20:49:06.805,1.81,2016-06-20 23:00:00,
1.125294469,6603914,Guido Andreozzi,Y Mertens v Andreozzi,50,2016-06-21 09:18:16.423,1.72,2016-06-21 11:30:00,
1.125294469,6603914,Guido Andreozzi,Y Mertens v Andreozzi,60,2016-06-21 09:41:02.790,1.85,2016-06-21 11:36:00,
1.125294469,6603914,Guido Andreozzi,Y Mertens v Andreozzi,70,2016-06-21 10:03:12.975,1.75,2016-06-21 11:36:00,
1.125294469,6603914,Guido Andreozzi,Y Mertens v Andreozzi,80,2016-06-21 10:14:02.933,1.73,2016-06-21 11:36:00,
1.125294469,6603914,Guido Andreozzi,Y Mertens v Andreozzi,90,2016-06-21 11:13:47.325,1.79,2016-06-21 11:36:00,
1.125294469,6603914,Guido Andreozzi,Y Mertens v Andreozzi,100,2016-06-21 11:16:25.560,1.74,2016-06-21 11:36:00,
1.125294489,2263683,David Guez,Guez v Tiafoe,0,2016-06-21 05:10:33.402,4.4,2016-06-21 09:30:00,
1.125294489,2263683,David Guez,Guez v Tiafoe,10,2016-06-21 05:39:13.434,5.1,2016-06-21 09:30:00,
1.125294489,2263683,David Guez,Guez v Tiafoe,20,2016-06-21 05:42:25.967,4.7,2016-06-21 09:30:00,
1.125294489,2263683,David Guez,Guez v Tiafoe,30,2016-06-21 05:52:53.006,5.1,2016-06-21 09:30:00,
1.125294489,2263683,David Guez,Guez v Tiafoe,40,2016-06-21 06:28:30.153,5.1,2016-06-21 09:30:00,
1.125294489,2263683,David Guez,Guez v Tiafoe,50,2016-06-21 07:29:25.574,4.9,2016-06-21 09:30:00,
1.125294489,2263683,David Guez,Guez v Tiafoe,60,2016-06-21 07:42:30.509,4.8,2016-06-21 09:30:00,
1.125294489,2263683,David Guez,Guez v Tiafoe,70,2016-06-21 08:18:32.597,4.5,2016-06-21 09:30:00,
1.125294489,2263683,David Guez,Guez v Tiafoe,80,2016-06-21 08:27:23.467,5.0,2016-06-21 09:30:00,
1.125294489,2263683,David Guez,Guez v Tiafoe,90,2016-06-21 09:20:27.539,5.2,2016-06-21 09:30:00,
1.125294489,2263683,David Guez,Guez v Tiafoe,100,2016-06-21 09:28:35.297,5.1,2016-06-21 09:30:00,
1.125294489,9399490,Frances Tiafoe,Guez v Tiafoe,0,2016-06-20 16:11:25.923,1.1,2016-06-20 16:15:00,
1.125294489,9399490,Frances Tiafoe,Guez v Tiafoe,10,2016-06-20 23:13:12.709,1.26,2016-06-21 09:30:00,
1.125294489,9399490,Frances Tiafoe,Guez v Tiafoe,20,2016-06-21 05:10:33.402,1.31,2016-06-21 09:30:00,
1.125294489,9399490,Frances Tiafoe,Guez v Tiafoe,30,2016-06-21 05:33:32.989,1.26,2016-06-21 09:30:00,
1.125294489,9399490,Frances Tiafoe,Guez v Tiafoe,40,2016-06-21 05:39:13.434,1.25,2016-06-21 09:30:00,
1.125294489,9399490,Frances Tiafoe,Guez v Tiafoe,50,2016-06-21 06:28:30.153,1.25,2016-06-21 09:30:00,
1.125294489,9399490,Frances Tiafoe,Guez v Tiafoe,60,2016-06-21 07:42:30.509,1.25,2016-06-21 09:30:00,
1.125294489,9399490,Frances Tiafoe,Guez v Tiafoe,70,2016-06-21 07:47:32.684,1.27,2016-06-21 09:30:00,
1.125294489,9399490,Frances Tiafoe,Guez v Tiafoe,80,2016-06-21 08:18:32.597,1.29,2016-06-21 09:30:00,
1.125294489,9399490,Frances Tiafoe,Guez v Tiafoe,90,2016-06-21 09:28:35.297,1.23,2016-06-21 09:30:00,
1.125294489,9399490,Frances Tiafoe,Guez v Tiafoe,100,2016-06-21 09:30:23.628,1.19,2016-06-21 09:45:00,
1.125294494,2263684,Michael Berrer,Berrer v Stebe,0,2016-06-20 04:07:04.270,1.19,2016-06-20 12:00:00,
1.125294494,2263684,Michael Berrer,Berrer v Stebe,10,2016-06-20 05:47:23.128,1.36,2016-06-20 12:00:00,
1.125294494,2263684,Michael Berrer,Berrer v Stebe,20,2016-06-20 09:14:28.369,1.39,2016-06-20 12:00:00,
1.125294494,2263684,Michael Berrer,Berrer v Stebe,30,2016-06-20 11:11:18.314,1.38,2016-06-20 15:00:00,
1.125294494,2263684,Michael Berrer,Berrer v Stebe,40,2016-06-20 11:12:16.948,1.37,2016-06-20 15:00:00,
1.125294494,2263684,Michael Berrer,Berrer v Stebe,50,2016-06-20 14:49:25.851,1.43,2016-06-20 17:00:00,
1.125294494,2263684,Michael Berrer,Berrer v Stebe,60,2016-06-20 17:01:31.949,1.4,2016-06-20 19:15:00,
1.125294494,2263684,Michael Berrer,Berrer v Stebe,70,2016-06-20 20:52:34.037,1.31,2016-06-20 21:03:00,
1.125294494,2263684,Michael Berrer,Berrer v Stebe,80,2016-06-21 08:33:33.169,1.3,2016-06-21 13:30:00,
1.125294494,2263684,Michael Berrer,Berrer v Stebe,90,2016-06-21 09:36:22.148,1.29,2016-06-21 13:45:00,
1.125294494,2263684,Michael Berrer,Berrer v Stebe,100,2016-06-21 12:13:42.099,1.31,2016-06-21 13:13:00,
1.125294499,2263634,Lukas Lacko,Lacko v Nedovyesov,0,2016-06-20 02:39:36.925,1.47,2016-06-20 10:00:00,
1.125294499,2263634,Lukas Lacko,Lacko v Nedovyesov,10,2016-06-20 04:50:58.664,1.58,2016-06-20 10:00:00,
1.125294499,2263634,Lukas Lacko,Lacko v Nedovyesov,20,2016-06-20 06:46:02.344,1.51,2016-06-20 10:00:00,
1.125294499,2263634,Lukas Lacko,Lacko v Nedovyesov,30,2016-06-20 07:47:20.954,1.54,2016-06-20 10:00:00,
1.125294499,2263634,Lukas Lacko,Lacko v Nedovyesov,40,2016-06-20 09:30:34.934,1.51,2016-06-20 12:00:00,
1.125294499,2263634,Lukas Lacko,Lacko v Nedovyesov,50,2016-06-20 10:04:25.375,1.61,2016-06-20 12:00:00,
1.125294499,2263634,Lukas Lacko,Lacko v Nedovyesov,60,2016-06-20 10:24:39.734,1.51,2016-06-20 12:00:00,
1.125294499,2263634,Lukas Lacko,Lacko v Nedovyesov,70,2016-06-20 10:40:02.846,1.52,2016-06-20 13:00:00,
1.125294499,2263634,Lukas Lacko,Lacko v Nedovyesov,80,2016-06-20 14:02:20.123,1.51,2016-06-20 14:30:00,
1.125294499,2263634,Lukas Lacko,Lacko v Nedovyesov,90,2016-06-20 14:04:22.057,1.44,2016-06-20 14:30:00,
1.125294499,2263634,Lukas Lacko,Lacko v Nedovyesov,100,2016-06-20 17:35:28.950,1.45,2016-06-20 17:43:00,
1.12529451,2301145,Dominika Cibulkova,Cibulkova v Ostapenko,0,2016-06-20 10:17:27.145,1.89,2016-06-21 12:00:00,
1.12529451,2301145,Dominika Cibulkova,Cibulkova v Ostapenko,10,2016-06-20 20:08:50.981,2.02,2016-06-21 12:00:00,
1.12529451,2301145,Dominika Cibulkova,Cibulkova v Ostapenko,20,2016-06-20 21:24:51.984,1.86,2016-06-21 12:00:00,
1.12529451,2301145,Dominika Cibulkova,Cibulkova v Ostapenko,30,2016-06-21 02:09:05.596,1.86,2016-06-21 12:00:00,
1.12529451,2301145,Dominika Cibulkova,Cibulkova v Ostapenko,40,2016-06-21 06:13:33.201,1.92,2016-06-21 12:00:00,
1.12529451,2301145,Dominika Cibulkova,Cibulkova v Ostapenko,50,2016-06-21 08:23:53.733,2.0,2016-06-21 12:00:00,
1.12529451,2301145,Dominika Cibulkova,Cibulkova v Ostapenko,60,2016-06-21 08:40:42.354,1.99,2016-06-21 12:00:00,
1.12529451,2301145,Dominika Cibulkova,Cibulkova v Ostapenko,70,2016-06-21 09:25:51.984,2.1,2016-06-21 12:00:00,
1.12529451,2301145,Dominika Cibulkova,Cibulkova v Ostapenko,80,2016-06-21 09:35:38.440,2.1,2016-06-21 12:00:00,
1.12529451,2301145,Dominika Cibulkova,Cibulkova v Ostapenko,90,2016-06-21 10:13:34.517,2.1,2016-06-21 11:58:00,
1.12529451,2301145,Dominika Cibulkova,Cibulkova v Ostapenko,100,2016-06-21 11:33:22.091,2.22,2016-06-21 11:34:00,
1.12529451,8827537,Jelena Ostapenko,Cibulkova v Ostapenko,0,2016-06-20 10:17:27.145,2.12,2016-06-21 12:00:00,
1.12529451,8827537,Jelena Ostapenko,Cibulkova v Ostapenko,10,2016-06-20 20:08:50.981,1.99,2016-06-21 12:00:00,
1.12529451,8827537,Jelena Ostapenko,Cibulkova v Ostapenko,20,2016-06-21 06:13:33.201,2.1,2016-06-21 12:00:00,
1.12529451,8827537,Jelena Ostapenko,Cibulkova v Ostapenko,30,2016-06-21 08:40:42.354,1.97,2016-06-21 12:00:00,
1.12529451,8827537,Jelena Ostapenko,Cibulkova v Ostapenko,40,2016-06-21 09:24:54.340,1.9,2016-06-21 12:00:00,
1.12529451,8827537,Jelena Ostapenko,Cibulkova v Ostapenko,50,2016-06-21 09:35:38.440,1.9,2016-06-21 12:00:00,
1.12529451,8827537,Jelena Ostapenko,Cibulkova v Ostapenko,60,2016-06-21 10:00:51.863,1.89,2016-06-21 11:58:00,
1.12529451,8827537,Jelena Ostapenko,Cibulkova v Ostapenko,70,2016-06-21 10:11:52.557,1.89,2016-06-21 11:58:00,
1.12529451,8827537,Jelena Ostapenko,Cibulkova v Ostapenko,80,2016-06-21 10:22:54.773,1.9,2016-06-21 11:58:00,
1.12529451,8827537,Jelena Ostapenko,Cibulkova v Ostapenko,90,2016-06-21 10:40:37.986,1.82,2016-06-21 11:58:00,
1.12529451,8827537,Jelena Ostapenko,Cibulkova v Ostapenko,100,2016-06-21 11:33:22.091,1.81,2016-06-21 11:34:00,
1.125296786,7444811,Miljan Zekic,Mager v Zekic,0,2016-06-21 22:21:37.123,1.89,2016-06-22 09:00:00,
1.125296786,7444811,Miljan Zekic,Mager v Zekic,10,2016-06-22 04:44:33.041,1.86,2016-06-22 09:00:00,
1.125296786,7444811,Miljan Zekic,Mager v Zekic,20,2016-06-22 06:24:58.541,1.84,2016-06-22 09:00:00,
1.125296786,7444811,Miljan Zekic,Mager v Zekic,30,2016-06-22 07:00:35.875,1.83,2016-06-22 09:00:00,
1.125296786,7444811,Miljan Zekic,Mager v Zekic,40,2016-06-22 07:04:20.094,1.85,2016-06-22 09:00:00,
1.125296786,7444811,Miljan Zekic,Mager v Zekic,50,2016-06-22 07:14:57.767,1.89,2016-06-22 09:00:00,
1.125296786,7444811,Miljan Zekic,Mager v Zekic,60,2016-06-22 07:44:52.492,2.04,2016-06-22 09:00:00,
1.125296786,7444811,Miljan Zekic,Mager v Zekic,70,2016-06-22 08:02:40.009,2.02,2016-06-22 09:00:00,
1.125296786,7444811,Miljan Zekic,Mager v Zekic,80,2016-06-22 08:35:19.116,1.86,2016-06-22 09:00:00,
1.125296786,7444811,Miljan Zekic,Mager v Zekic,90,2016-06-22 08:48:11.867,2.06,2016-06-22 09:00:00,
1.125296786,7444811,Miljan Zekic,Mager v Zekic,100,2016-06-22 08:50:56.289,1.87,2016-06-22 09:00:00,
1.125296786,8284482,Gianluca Mager,Mager v Zekic,0,2016-06-22 04:44:33.041,2.16,2016-06-22 09:00:00,
1.125296786,8284482,Gianluca Mager,Mager v Zekic,10,2016-06-22 07:00:35.875,2.2,2016-06-22 09:00:00,
1.125296786,8284482,Gianluca Mager,Mager v Zekic,20,2016-06-22 07:01:53.541,2.18,2016-06-22 09:00:00,
1.125296786,8284482,Gianluca Mager,Mager v Zekic,30,2016-06-22 07:16:55.639,1.96,2016-06-22 09:00:00,
1.125296786,8284482,Gianluca Mager,Mager v Zekic,40,2016-06-22 07:28:55.584,1.95,2016-06-22 09:00:00,
1.125296786,8284482,Gianluca Mager,Mager v Zekic,50,2016-06-22 07:53:37.369,1.95,2016-06-22 09:00:00,
1.125296786,8284482,Gianluca Mager,Mager v Zekic,60,2016-06-22 08:12:58.494,1.96,2016-06-22 09:00:00,
1.125296786,8284482,Gianluca Mager,Mager v Zekic,70,2016-06-22 08:21:43.296,2.14,2016-06-22 09:00:00,
1.125296786,8284482,Gianluca Mager,Mager v Zekic,80,2016-06-22 08:38:53.862,2.08,2016-06-22 09:00:00,
1.125296786,8284482,Gianluca Mager,Mager v Zekic,90,2016-06-22 08:46:52.697,1.97,2016-06-22 09:00:00,
1.125296786,8284482,Gianluca Mager,Mager v Zekic,100,2016-06-22 08:49:53.723,1.96,2016-06-22 09:00:00,
1.125296925,2263536,Mikhail Youzhny,Youzhny v Carreno Busta,0,2016-06-20 23:11:06.188,1.35,2016-06-21 12:00:00,
1.125296925,2263536,Mikhail Youzhny,Youzhny v Carreno Busta,10,2016-06-21 02:49:26.653,1.35,2016-06-21 12:00:00,
1.125296925,2263536,Mikhail Youzhny,Youzhny v Carreno Busta,20,2016-06-21 07:39:59.107,1.32,2016-06-21 12:00:00,
1.125296925,2263536,Mikhail Youzhny,Youzhny v Carreno Busta,30,2016-06-21 08:46:10.691,1.32,2016-06-21 12:00:00,
1.125296925,2263536,Mikhail Youzhny,Youzhny v Carreno Busta,40,2016-06-21 09:18:46.430,1.31,2016-06-21 12:00:00,
1.125296925,2263536,Mikhail Youzhny,Youzhny v Carreno Busta,50,2016-06-21 10:16:31.453,1.3,2016-06-21 11:50:00,
1.125296925,2263536,Mikhail Youzhny,Youzhny v Carreno Busta,60,2016-06-21 11:05:01.272,1.32,2016-06-21 11:50:00,
1.125296925,2263536,Mikhail Youzhny,Youzhny v Carreno Busta,70,2016-06-21 11:26:49.075,1.31,2016-06-21 11:50:00,
1.125296925,2263536,Mikhail Youzhny,Youzhny v Carreno Busta,80,2016-06-21 11:31:23.345,1.3,2016-06-21 11:50:00,
1.125296925,2263536,Mikhail Youzhny,Youzhny v Carreno Busta,90,2016-06-21 11:41:49.318,1.31,2016-06-21 11:50:00,
1.125296925,2263536,Mikhail Youzhny,Youzhny v Carreno Busta,100,2016-06-21 11:54:36.425,1.3,2016-06-21 12:05:00,
1.125296925,5479878,Pablo Carreno Busta,Youzhny v Carreno Busta,0,2016-06-20 23:11:06.188,3.9,2016-06-21 12:00:00,
1.125296925,5479878,Pablo Carreno Busta,Youzhny v Carreno Busta,10,2016-06-20 23:53:28.644,3.95,2016-06-21 12:00:00,
1.125296925,5479878,Pablo Carreno Busta,Youzhny v Carreno Busta,20,2016-06-21 08:37:37.487,4.1,2016-06-21 12:00:00,
1.125296925,5479878,Pablo Carreno Busta,Youzhny v Carreno Busta,30,2016-06-21 08:49:40.124,4.2,2016-06-21 12:00:00,
1.125296925,5479878,Pablo Carreno Busta,Youzhny v Carreno Busta,40,2016-06-21 09:05:33.802,4.1,2016-06-21 12:00:00,
1.125296925,5479878,Pablo Carreno Busta,Youzhny v Carreno Busta,50,2016-06-21 10:07:42.183,4.2,2016-06-21 11:50:00,
1.125296925,5479878,Pablo Carreno Busta,Youzhny v Carreno Busta,60,2016-06-21 10:10:34.038,4.1,2016-06-21 11:50:00,
1.125296925,5479878,Pablo Carreno Busta,Youzhny v Carreno Busta,70,2016-06-21 11:21:41.536,4.2,2016-06-21 11:50:00,
1.125296925,5479878,Pablo Carreno Busta,Youzhny v Carreno Busta,80,2016-06-21 11:41:49.318,4.3,2016-06-21 11:50:00,
1.125296925,5479878,Pablo Carreno Busta,Youzhny v Carreno Busta,90,2016-06-21 11:49:41.978,4.2,2016-06-21 12:05:00,
1.125296925,5479878,Pablo Carreno Busta,Youzhny v Carreno Busta,100,2016-06-21 11:54:36.425,4.4,2016-06-21 12:05:00,
1.125298695,2263560,Sam Querrey,Querrey v Escobedo,0,2016-06-20 21:11:47.410,1.04,2016-06-21 10:00:00,
1.125298695,2263560,Sam Querrey,Querrey v Escobedo,10,2016-06-21 00:26:09.207,1.2,2016-06-21 10:00:00,
1.125298695,2263560,Sam Querrey,Querrey v Escobedo,20,2016-06-21 03:21:14.761,1.19,2016-06-21 10:00:00,
1.125298695,2263560,Sam Querrey,Querrey v Escobedo,30,2016-06-21 04:21:45.291,1.19,2016-06-21 10:00:00,
1.125298695,2263560,Sam Querrey,Querrey v Escobedo,40,2016-06-21 05:17:58.105,1.19,2016-06-21 10:00:00,
1.125298695,2263560,Sam Querrey,Querrey v Escobedo,50,2016-06-21 08:13:11.786,1.2,2016-06-21 10:00:00,
1.125298695,2263560,Sam Querrey,Querrey v Escobedo,60,2016-06-21 08:23:46.782,1.2,2016-06-21 10:00:00,
1.125298695,2263560,Sam Querrey,Querrey v Escobedo,70,2016-06-21 08:58:58.751,1.19,2016-06-21 10:00:00,
1.125298695,2263560,Sam Querrey,Querrey v Escobedo,80,2016-06-21 09:13:56.512,1.19,2016-06-21 10:00:00,
1.125298695,2263560,Sam Querrey,Querrey v Escobedo,90,2016-06-21 09:24:06.771,1.2,2016-06-21 10:00:00,
1.125298695,2263560,Sam Querrey,Querrey v Escobedo,100,2016-06-21 09:46:31.255,1.19,2016-06-21 10:00:00,
1.125298695,8700174,Ernesto Escobedo,Querrey v Escobedo,0,2016-06-20 21:25:01.363,2.04,2016-06-21 10:00:00,
1.125298695,8700174,Ernesto Escobedo,Querrey v Escobedo,10,2016-06-21 03:54:53.185,6.0,2016-06-21 10:00:00,
1.125298695,8700174,Ernesto Escobedo,Querrey v Escobedo,20,2016-06-21 07:01:00.201,6.2,2016-06-21 10:00:00,
1.125298695,8700174,Ernesto Escobedo,Querrey v Escobedo,30,2016-06-21 07:09:17.971,5.9,2016-06-21 10:00:00,
1.125298695,8700174,Ernesto Escobedo,Querrey v Escobedo,40,2016-06-21 07:16:07.185,5.8,2016-06-21 10:00:00,
1.125298695,8700174,Ernesto Escobedo,Querrey v Escobedo,50,2016-06-21 07:19:18.254,6.0,2016-06-21 10:00:00,
1.125298695,8700174,Ernesto Escobedo,Querrey v Escobedo,60,2016-06-21 07:39:39.587,5.9,2016-06-21 10:00:00,
1.125298695,8700174,Ernesto Escobedo,Querrey v Escobedo,70,2016-06-21 07:42:46.678,6.0,2016-06-21 10:00:00,
1.125298695,8700174,Ernesto Escobedo,Querrey v Escobedo,80,2016-06-21 08:04:15.893,6.2,2016-06-21 10:00:00,
1.125298695,8700174,Ernesto Escobedo,Querrey v Escobedo,90,2016-06-21 08:13:11.786,6.0,2016-06-21 10:00:00,
1.125298695,8700174,Ernesto Escobedo,Querrey v Escobedo,100,2016-06-21 09:13:56.512,6.0,2016-06-21 10:00:00,
1.12529898,9002334,Elise Mertens,E Mertens v Kostova,0,2016-06-20 22:08:01.276,1.39,2016-06-21 15:00:00,
1.12529898,9002334,Elise Mertens,E Mertens v Kostova,10,2016-06-20 22:13:03.192,1.34,2016-06-21 15:00:00,
1.12529898,9002334,Elise Mertens,E Mertens v Kostova,20,2016-06-20 22:14:03.029,1.31,2016-06-21 15:00:00,
1.12529898,9002334,Elise Mertens,E Mertens v Kostova,30,2016-06-21 08:02:02.693,1.28,2016-06-21 15:00:00,
1.12529898,9002334,Elise Mertens,E Mertens v Kostova,40,2016-06-21 08:40:02.316,1.24,2016-06-21 15:00:00,
1.12529898,9002334,Elise Mertens,E Mertens v Kostova,50,2016-06-21 10:16:32.402,1.22,2016-06-21 15:00:00,
1.12529898,9002334,Elise Mertens,E Mertens v Kostova,60,2016-06-21 12:14:47.046,1.24,2016-06-21 15:00:00,
1.12529898,9002334,Elise Mertens,E Mertens v Kostova,70,2016-06-21 12:42:17.791,1.19,2016-06-21 15:00:00,
1.12529898,9002334,Elise Mertens,E Mertens v Kostova,80,2016-06-21 13:41:21.691,1.23,2016-06-21 15:45:00,
1.12529898,9002334,Elise Mertens,E Mertens v Kostova,90,2016-06-21 14:12:08.902,1.22,2016-06-21 16:15:00,
1.12529898,9002334,Elise Mertens,E Mertens v Kostova,100,2016-06-21 15:54:59.669,1.22,2016-06-21 16:40:00,
1.125299003,6145788,Misa Eguchi,Eguchi v Shinikova,0,2016-06-21 02:27:19.690,1.8,2016-06-21 17:00:00,
1.125299003,6145788,Misa Eguchi,Eguchi v Shinikova,10,2016-06-21 02:28:05.127,1.76,2016-06-21 17:00:00,
1.125299003,6145788,Misa Eguchi,Eguchi v Shinikova,20,2016-06-21 10:16:32.452,1.6,2016-06-21 17:00:00,
1.125299003,6145788,Misa Eguchi,Eguchi v Shinikova,30,2016-06-21 13:35:57.359,1.59,2016-06-21 17:12:00,
1.125299003,6145788,Misa Eguchi,Eguchi v Shinikova,40,2016-06-21 13:37:15.163,1.57,2016-06-21 17:12:00,
1.125299003,6145788,Misa Eguchi,Eguchi v Shinikova,50,2016-06-21 15:39:01.157,1.58,2016-06-21 17:42:00,
1.125299003,6145788,Misa Eguchi,Eguchi v Shinikova,60,2016-06-21 16:41:11.382,1.6,2016-06-21 17:57:00,
1.125299003,6145788,Misa Eguchi,Eguchi v Shinikova,70,2016-06-21 16:42:14.463,1.58,2016-06-21 17:57:00,
1.125299003,6145788,Misa Eguchi,Eguchi v Shinikova,80,2016-06-21 16:43:19.982,1.57,2016-06-21 17:57:00,
1.125299003,6145788,Misa Eguchi,Eguchi v Shinikova,90,2016-06-21 16:45:04.314,1.55,2016-06-21 17:57:00,
1.125299003,6145788,Misa Eguchi,Eguchi v Shinikova,100,2016-06-21 16:46:51.442,1.55,2016-06-21 17:57:00,
1.125299073,7335514,Tereza Martincova,L Zhu v Martincova,0,2016-06-21 09:59:38.252,2.58,2016-06-21 17:00:00,
1.125299073,7335514,Tereza Martincova,L Zhu v Martincova,10,2016-06-21 12:47:56.387,2.84,2016-06-21 17:00:00,
1.125299073,7335514,Tereza Martincova,L Zhu v Martincova,20,2016-06-21 12:55:56.826,2.86,2016-06-21 17:00:00,
1.125299073,7335514,Tereza Martincova,L Zhu v Martincova,30,2016-06-21 12:56:55.280,2.84,2016-06-21 17:00:00,
1.125299073,7335514,Tereza Martincova,L Zhu v Martincova,40,2016-06-21 12:58:43.882,2.86,2016-06-21 17:00:00,
1.125299073,7335514,Tereza Martincova,L Zhu v Martincova,50,2016-06-21 13:09:56.739,2.84,2016-06-21 17:15:00,
1.125299073,7335514,Tereza Martincova,L Zhu v Martincova,60,2016-06-21 14:02:57.235,2.86,2016-06-21 15:00:00,
1.125299073,7335514,Tereza Martincova,L Zhu v Martincova,70,2016-06-21 14:09:57.418,2.48,2016-06-21 15:00:00,
1.125299073,7335514,Tereza Martincova,L Zhu v Martincova,80,2016-06-21 14:12:47.697,2.6,2016-06-21 15:00:00,
1.125299073,7335514,Tereza Martincova,L Zhu v Martincova,90,2016-06-21 14:54:04.461,2.56,2016-06-21 15:00:00,
1.125299073,7335514,Tereza Martincova,L Zhu v Martincova,100,2016-06-21 14:55:02.661,2.62,2016-06-21 15:00:00,
1.125299073,8714569,Lin Zhu,L Zhu v Martincova,0,2016-06-21 07:35:31.626,1.7,2016-06-21 17:00:00,
1.125299073,8714569,Lin Zhu,L Zhu v Martincova,10,2016-06-21 07:39:48.354,1.64,2016-06-21 17:00:00,
1.125299073,8714569,Lin Zhu,L Zhu v Martincova,20,2016-06-21 10:16:50.919,1.58,2016-06-21 17:00:00,
1.125299073,8714569,Lin Zhu,L Zhu v Martincova,30,2016-06-21 11:26:43.170,1.63,2016-06-21 17:00:00,
1.125299073,8714569,Lin Zhu,L Zhu v Martincova,40,2016-06-21 12:49:30.684,1.54,2016-06-21 17:00:00,
1.125299073,8714569,Lin Zhu,L Zhu v Martincova,50,2016-06-21 12:55:56.826,1.5,2016-06-21 17:00:00,
1.125299073,8714569,Lin Zhu,L Zhu v Martincova,60,2016-06-21 12:59:56.491,1.5,2016-06-21 17:15:00,
1.125299073,8714569,Lin Zhu,L Zhu v Martincova,70,2016-06-21 13:45:33.709,1.54,2016-06-21 18:00:00,
1.125299073,8714569,Lin Zhu,L Zhu v Martincova,80,2016-06-21 14:02:57.235,1.58,2016-06-21 15:00:00,
1.125299073,8714569,Lin Zhu,L Zhu v Martincova,90,2016-06-21 14:46:56.354,1.62,2016-06-21 15:00:00,
1.125299073,8714569,Lin Zhu,L Zhu v Martincova,100,2016-06-21 14:59:40.569,1.49,2016-06-21 15:09:00,
1.125299103,6079501,Ashleigh Barty,Barty v Lu,0,2016-06-20 21:21:11.834,1.16,2016-06-21 13:00:00,
1.125299103,6079501,Ashleigh Barty,Barty v Lu,10,2016-06-20 21:25:05.906,1.14,2016-06-21 13:00:00,
1.125299103,6079501,Ashleigh Barty,Barty v Lu,20,2016-06-20 21:48:27.898,1.13,2016-06-21 13:00:00,
1.125299103,6079501,Ashleigh Barty,Barty v Lu,30,2016-06-21 08:36:06.982,1.07,2016-06-21 13:00:00,
1.125299103,6079501,Ashleigh Barty,Barty v Lu,40,2016-06-21 11:18:40.966,1.09,2016-06-21 13:00:00,
1.125299103,6079501,Ashleigh Barty,Barty v Lu,50,2016-06-21 12:15:29.590,1.07,2016-06-21 13:00:00,
1.125299103,6079501,Ashleigh Barty,Barty v Lu,60,2016-06-21 12:30:13.973,1.08,2016-06-21 13:00:00,
1.125299103,6079501,Ashleigh Barty,Barty v Lu,70,2016-06-21 12:39:58.090,1.07,2016-06-21 13:00:00,
1.125299103,6079501,Ashleigh Barty,Barty v Lu,80,2016-06-21 13:09:04.952,1.08,2016-06-21 13:15:00,
1.125299103,6079501,Ashleigh Barty,Barty v Lu,90,2016-06-21 13:37:14.249,1.07,2016-06-21 13:45:00,
1.125299103,6079501,Ashleigh Barty,Barty v Lu,100,2016-06-21 13:50:12.617,1.06,2016-06-21 14:00:00,
1.125299118,7593284,Risa Ozaki,R Ozaki v Christie,0,2016-06-21 07:21:18.444,1.64,2016-06-21 17:00:00,
1.125299118,7593284,Risa Ozaki,R Ozaki v Christie,10,2016-06-21 20:56:10.964,2.96,2016-06-22 11:00:00,2016-06-21 18:17:13.929
1.125299118,7593284,Risa Ozaki,R Ozaki v Christie,20,2016-06-21 21:05:15.615,3.0,2016-06-22 11:00:00,2016-06-21 18:17:13.929
1.125299118,7593284,Risa Ozaki,R Ozaki v Christie,30,2016-06-21 21:36:03.848,3.1,2016-06-22 11:00:00,2016-06-21 18:17:13.929
1.125299118,7593284,Risa Ozaki,R Ozaki v Christie,40,2016-06-21 22:13:01.745,3.0,2016-06-22 11:00:00,2016-06-21 18:17:13.929
1.125299118,7593284,Risa Ozaki,R Ozaki v Christie,50,2016-06-22 04:20:19.446,3.05,2016-06-22 11:00:00,2016-06-21 18:17:13.929
1.125299118,7593284,Risa Ozaki,R Ozaki v Christie,60,2016-06-22 05:27:51.411,2.92,2016-06-22 11:00:00,2016-06-21 18:17:13.929
1.125299118,7593284,Risa Ozaki,R Ozaki v Christie,70,2016-06-22 08:09:24.036,2.92,2016-06-22 11:00:00,2016-06-21 18:17:13.929
1.125299118,7593284,Risa Ozaki,R Ozaki v Christie,80,2016-06-22 09:47:17.650,2.86,2016-06-22 10:00:00,2016-06-21 18:17:13.929
1.125299118,7593284,Risa Ozaki,R Ozaki v Christie,90,2016-06-22 10:19:22.520,2.8,2016-06-22 10:30:00,2016-06-21 18:17:13.929
1.125299118,7593284,Risa Ozaki,R Ozaki v Christie,100,2016-06-22 11:21:22.183,2.76,2016-06-22 11:30:00,2016-06-21 18:17:13.929
1.125299118,8624170,Freya Christie,R Ozaki v Christie,0,2016-06-21 07:21:18.444,2.56,2016-06-21 17:00:00,
1.125299118,8624170,Freya Christie,R Ozaki v Christie,10,2016-06-21 21:05:15.615,1.5,2016-06-22 11:00:00,2016-06-21 18:17:13.929
1.125299118,8624170,Freya Christie,R Ozaki v Christie,20,2016-06-21 21:38:38.405,1.48,2016-06-22 11:00:00,2016-06-21 18:17:13.929
1.125299118,8624170,Freya Christie,R Ozaki v Christie,30,2016-06-21 23:08:18.991,1.48,2016-06-22 11:00:00,2016-06-21 18:17:13.929
1.125299118,8624170,Freya Christie,R Ozaki v Christie,40,2016-06-22 03:12:20.221,1.51,2016-06-22 11:00:00,2016-06-21 18:17:13.929
1.125299118,8624170,Freya Christie,R Ozaki v Christie,50,2016-06-22 04:54:07.151,1.49,2016-06-22 11:00:00,2016-06-21 18:17:13.929
1.125299118,8624170,Freya Christie,R Ozaki v Christie,60,2016-06-22 06:23:20.301,1.52,2016-06-22 11:00:00,2016-06-21 18:17:13.929
1.125299118,8624170,Freya Christie,R Ozaki v Christie,70,2016-06-22 08:55:58.916,1.5,2016-06-22 11:00:00,2016-06-21 18:17:13.929
1.125299118,8624170,Freya Christie,R Ozaki v Christie,80,2016-06-22 09:44:22.498,1.54,2016-06-22 10:00:00,2016-06-21 18:17:13.929
1.125299118,8624170,Freya Christie,R Ozaki v Christie,90,2016-06-22 10:27:06.975,1.62,2016-06-22 10:30:00,2016-06-21 18:17:13.929
1.125299118,8624170,Freya Christie,R Ozaki v Christie,100,2016-06-22 11:23:22.810,1.68,2016-06-22 11:30:00,2016-06-21 18:17:13.929
1.125299178,2453959,Ekaterina Makarova,E Makarova v Vinci,0,2016-06-20 21:12:04.783,1.58,2016-06-21 14:00:00,
1.125299178,2453959,Ekaterina Makarova,E Makarova v Vinci,10,2016-06-21 06:14:25.356,1.48,2016-06-21 14:00:00,
1.125299178,2453959,Ekaterina Makarova,E Makarova v Vinci,20,2016-06-21 08:18:18.192,1.5,2016-06-21 14:00:00,
1.125299178,2453959,Ekaterina Makarova,E Makarova v Vinci,30,2016-06-21 08:31:35.176,1.49,2016-06-21 14:00:00,
1.125299178,2453959,Ekaterina Makarova,E Makarova v Vinci,40,2016-06-21 10:35:40.665,1.52,2016-06-21 13:52:00,
1.125299178,2453959,Ekaterina Makarova,E Makarova v Vinci,50,2016-06-21 10:42:36.408,1.5,2016-06-21 13:52:00,
1.125299178,2453959,Ekaterina Makarova,E Makarova v Vinci,60,2016-06-21 10:55:08.314,1.52,2016-06-21 13:52:00,
1.125299178,2453959,Ekaterina Makarova,E Makarova v Vinci,70,2016-06-21 11:48:08.635,1.5,2016-06-21 13:48:00,
1.125299178,2453959,Ekaterina Makarova,E Makarova v Vinci,80,2016-06-21 12:26:52.734,1.51,2016-06-21 13:46:00,
1.125299178,2453959,Ekaterina Makarova,E Makarova v Vinci,90,2016-06-21 12:28:09.612,1.5,2016-06-21 13:46:00,
1.125299178,2453959,Ekaterina Makarova,E Makarova v Vinci,100,2016-06-21 12:59:29.461,1.5,2016-06-21 13:46:00,
1.125299242,2249398,Benjamin Becker,B Becker v G Pella,0,2016-06-20 19:28:54.325,1.43,2016-06-21 10:00:00,
1.125299242,2249398,Benjamin Becker,B Becker v G Pella,10,2016-06-20 22:02:09.485,1.39,2016-06-21 10:00:00,
1.125299242,2249398,Benjamin Becker,B Becker v G Pella,20,2016-06-20 23:09:58.942,1.36,2016-06-21 10:00:00,
1.125299242,2249398,Benjamin Becker,B Becker v G Pella,30,2016-06-21 03:55:10.059,1.33,2016-06-21 10:00:00,
1.125299242,2249398,Benjamin Becker,B Becker v G Pella,40,2016-06-21 06:02:20.900,1.34,2016-06-21 10:00:00,
1.125299242,2249398,Benjamin Becker,B Becker v G Pella,50,2016-06-21 07:05:34.046,1.34,2016-06-21 10:00:00,
1.125299242,2249398,Benjamin Becker,B Becker v G Pella,60,2016-06-21 07:16:25.127,1.34,2016-06-21 10:00:00,
1.125299242,2249398,Benjamin Becker,B Becker v G Pella,70,2016-06-21 07:33:53.572,1.31,2016-06-21 10:00:00,
1.125299242,2249398,Benjamin Becker,B Becker v G Pella,80,2016-06-21 08:33:36.726,1.31,2016-06-21 10:00:00,
1.125299242,2249398,Benjamin Becker,B Becker v G Pella,90,2016-06-21 08:56:22.225,1.29,2016-06-21 10:00:00,
1.125299242,2249398,Benjamin Becker,B Becker v G Pella,100,2016-06-21 09:53:32.298,1.3,2016-06-21 10:00:00,
1.125299242,6162610,Guido Pella,B Becker v G Pella,0,2016-06-20 19:28:54.325,3.3,2016-06-21 10:00:00,
1.125299242,6162610,Guido Pella,B Becker v G Pella,10,2016-06-20 20:20:39.420,3.25,2016-06-21 10:00:00,
1.125299242,6162610,Guido Pella,B Becker v G Pella,20,2016-06-20 23:09:58.942,3.75,2016-06-21 10:00:00,
1.125299242,6162610,Guido Pella,B Becker v G Pella,30,2016-06-21 03:16:31.590,4.2,2016-06-21 10:00:00,
1.125299242,6162610,Guido Pella,B Becker v G Pella,40,2016-06-21 03:55:10.059,4.0,2016-06-21 10:00:00,
1.125299242,6162610,Guido Pella,B Becker v G Pella,50,2016-06-21 06:40:31.572,3.95,2016-06-21 10:00:00,
1.125299242,6162610,Guido Pella,B Becker v G Pella,60,2016-06-21 06:40:42.086,3.9,2016-06-21 10:00:00,
1.125299242,6162610,Guido Pella,B Becker v G Pella,70,2016-06-21 07:19:35.625,4.2,2016-06-21 10:00:00,
1.125299242,6162610,Guido Pella,B Becker v G Pella,80,2016-06-21 08:10:08.471,4.4,2016-06-21 10:00:00,
1.125299242,6162610,Guido Pella,B Becker v G Pella,90,2016-06-21 08:37:21.133,4.3,2016-06-21 10:00:00,
1.125299242,6162610,Guido Pella,B Becker v G Pella,100,2016-06-21 09:49:08.502,4.5,2016-06-21 10:00:00,
1.125299342,2263685,Dudi Sela,J Sousa v D Sela,0,2016-06-20 22:18:54.914,2.4,2016-06-21 10:00:00,
1.125299342,2263685,Dudi Sela,J Sousa v D Sela,10,2016-06-20 23:10:41.848,1.98,2016-06-21 10:00:00,
1.125299342,2263685,Dudi Sela,J Sousa v D Sela,20,2016-06-21 06:22:00.384,2.0,2016-06-21 10:00:00,
1.125299342,2263685,Dudi Sela,J Sousa v D Sela,30,2016-06-21 07:07:36.061,1.99,2016-06-21 10:00:00,
1.125299342,2263685,Dudi Sela,J Sousa v D Sela,40,2016-06-21 07:19:55.238,2.0,2016-06-21 10:00:00,
1.125299342,2263685,Dudi Sela,J Sousa v D Sela,50,2016-06-21 07:36:20.753,2.04,2016-06-21 10:00:00,
1.125299342,2263685,Dudi Sela,J Sousa v D Sela,60,2016-06-21 08:15:06.534,2.04,2016-06-21 10:00:00,
1.125299342,2263685,Dudi Sela,J Sousa v D Sela,70,2016-06-21 08:48:59.057,2.04,2016-06-21 10:00:00,
1.125299342,2263685,Dudi Sela,J Sousa v D Sela,80,2016-06-21 09:15:24.801,2.0,2016-06-21 10:00:00,
1.125299342,2263685,Dudi Sela,J Sousa v D Sela,90,2016-06-21 09:33:27.953,2.04,2016-06-21 10:00:00,
1.125299342,2263685,Dudi Sela,J Sousa v D Sela,100,2016-06-21 09:44:23.967,2.0,2016-06-21 10:00:00,
1.125299342,7053035,Joao Sousa,J Sousa v D Sela,0,2016-06-20 22:18:54.914,1.71,2016-06-21 10:00:00,
1.125299342,7053035,Joao Sousa,J Sousa v D Sela,10,2016-06-20 23:10:27.305,1.98,2016-06-21 10:00:00,
1.125299342,7053035,Joao Sousa,J Sousa v D Sela,20,2016-06-21 03:14:16.278,1.94,2016-06-21 10:00:00,
1.125299342,7053035,Joao Sousa,J Sousa v D Sela,30,2016-06-21 04:46:00.842,1.95,2016-06-21 10:00:00,
1.125299342,7053035,Joao Sousa,J Sousa v D Sela,40,2016-06-21 06:38:09.143,2.02,2016-06-21 10:00:00,
1.125299342,7053035,Joao Sousa,J Sousa v D Sela,50,2016-06-21 08:12:25.715,1.97,2016-06-21 10:00:00,
1.125299342,7053035,Joao Sousa,J Sousa v D Sela,60,2016-06-21 08:53:25.879,1.98,2016-06-21 10:00:00,
1.125299342,7053035,Joao Sousa,J Sousa v D Sela,70,2016-06-21 09:12:23.143,1.98,2016-06-21 10:00:00,
1.125299342,7053035,Joao Sousa,J Sousa v D Sela,80,2016-06-21 09:28:18.603,1.98,2016-06-21 10:00:00,
1.125299342,7053035,Joao Sousa,J Sousa v D Sela,90,2016-06-21 09:37:00.913,1.99,2016-06-21 10:00:00,
1.125299342,7053035,Joao Sousa,J Sousa v D Sela,100,2016-06-21 09:44:23.967,1.97,2016-06-21 10:00:00,
1.12529944,2404122,Andrea Petkovic,Errani v Petkovic,0,2016-06-20 21:11:43.312,1.54,2016-06-21 16:00:00,
1.12529944,2404122,Andrea Petkovic,Errani v Petkovic,10,2016-06-20 21:12:05.360,1.55,2016-06-21 16:00:00,
1.12529944,2404122,Andrea Petkovic,Errani v Petkovic,20,2016-06-21 07:45:01.080,1.38,2016-06-21 16:00:00,
1.12529944,2404122,Andrea Petkovic,Errani v Petkovic,30,2016-06-21 12:07:43.368,1.39,2016-06-21 15:46:00,
1.12529944,2404122,Andrea Petkovic,Errani v Petkovic,40,2016-06-21 13:57:47.349,1.39,2016-06-21 15:03:00,
1.12529944,2404122,Andrea Petkovic,Errani v Petkovic,50,2016-06-21 13:59:46.857,1.38,2016-06-21 15:03:00,
1.12529944,2404122,Andrea Petkovic,Errani v Petkovic,60,2016-06-21 14:45:47.241,1.39,2016-06-21 15:03:00,
1.12529944,2404122,Andrea Petkovic,Errani v Petkovic,70,2016-06-21 14:54:45.863,1.36,2016-06-21 15:03:00,
1.12529944,2404122,Andrea Petkovic,Errani v Petkovic,80,2016-06-21 14:55:30.130,1.37,2016-06-21 15:03:00,
1.12529944,2404122,Andrea Petkovic,Errani v Petkovic,90,2016-06-21 15:25:22.422,1.37,2016-06-21 15:33:00,
1.12529944,2404122,Andrea Petkovic,Errani v Petkovic,100,2016-06-21 15:37:25.903,1.39,2016-06-21 15:39:00,
1.125299494,4876706,Steve Johnson,Millman v St Johnson,0,2016-06-21 00:20:47.620,1.54,2016-06-21 16:00:00,
1.125299494,4876706,Steve Johnson,Millman v St Johnson,10,2016-06-21 00:49:19.309,1.52,2016-06-21 16:00:00,
1.125299494,4876706,Steve Johnson,Millman v St Johnson,20,2016-06-21 07:38:03.304,1.45,2016-06-21 16:00:00,
1.125299494,4876706,Steve Johnson,Millman v St Johnson,30,2016-06-21 09:37:11.322,1.51,2016-06-21 16:00:00,
1.125299494,4876706,Steve Johnson,Millman v St Johnson,40,2016-06-21 11:04:56.529,1.48,2016-06-21 15:50:00,
1.125299494,4876706,Steve Johnson,Millman v St Johnson,50,2016-06-21 12:15:20.745,1.5,2016-06-21 15:57:00,
1.125299494,4876706,Steve Johnson,Millman v St Johnson,60,2016-06-21 13:05:43.724,1.49,2016-06-21 15:57:00,
1.125299494,4876706,Steve Johnson,Millman v St Johnson,70,2016-06-21 13:23:03.274,1.49,2016-06-21 15:57:00,
1.125299494,4876706,Steve Johnson,Millman v St Johnson,80,2016-06-21 14:15:18.298,1.48,2016-06-21 15:23:00,
1.125299494,4876706,Steve Johnson,Millman v St Johnson,90,2016-06-21 14:38:11.695,1.5,2016-06-21 15:23:00,
1.125299494,4876706,Steve Johnson,Millman v St Johnson,100,2016-06-21 14:49:57.387,1.49,2016-06-21 15:23:00,
1.125299548,2257535,Andreas Seppi,Jaziri v Seppi,0,2016-06-21 00:28:24.796,1.36,2016-06-21 13:00:00,
1.125299548,2257535,Andreas Seppi,Jaziri v Seppi,10,2016-06-21 03:39:24.490,1.31,2016-06-21 13:00:00,
1.125299548,2257535,Andreas Seppi,Jaziri v Seppi,20,2016-06-21 05:45:57.662,1.31,2016-06-21 13:00:00,
1.125299548,2257535,Andreas Seppi,Jaziri v Seppi,30,2016-06-21 07:58:21.571,1.3,2016-06-21 13:00:00,
1.125299548,2257535,Andreas Seppi,Jaziri v Seppi,40,2016-06-21 10:13:37.915,1.31,2016-06-21 13:00:00,
1.125299548,2257535,Andreas Seppi,Jaziri v Seppi,50,2016-06-21 11:04:32.094,1.31,2016-06-21 13:15:00,
1.125299548,2257535,Andreas Seppi,Jaziri v Seppi,60,2016-06-21 11:52:20.137,1.31,2016-06-21 13:42:00,
1.125299548,2257535,Andreas Seppi,Jaziri v Seppi,70,2016-06-21 12:29:16.934,1.29,2016-06-21 13:42:00,
1.125299548,2257535,Andreas Seppi,Jaziri v Seppi,80,2016-06-21 12:39:47.516,1.29,2016-06-21 13:42:00,
1.125299548,2257535,Andreas Seppi,Jaziri v Seppi,90,2016-06-21 12:44:42.052,1.29,2016-06-21 13:42:00,
1.125299548,2257535,Andreas Seppi,Jaziri v Seppi,100,2016-06-21 13:00:19.035,1.31,2016-06-21 13:42:00,
1.125299617,2424953,Pablo Cuevas,St Robert v P Cuevas,0,2016-06-20 22:57:55.164,1.55,2016-06-21 19:00:00,
1.125299617,2424953,Pablo Cuevas,St Robert v P Cuevas,10,2016-06-21 05:17:58.104,1.78,2016-06-21 19:00:00,
1.125299617,2424953,Pablo Cuevas,St Robert v P Cuevas,20,2016-06-21 09:26:33.092,1.87,2016-06-21 19:00:00,
1.125299617,2424953,Pablo Cuevas,St Robert v P Cuevas,30,2016-06-21 12:56:53.841,1.84,2016-06-21 18:37:00,
1.125299617,2424953,Pablo Cuevas,St Robert v P Cuevas,40,2016-06-21 14:35:33.207,1.89,2016-06-21 17:23:00,
1.125299617,2424953,Pablo Cuevas,St Robert v P Cuevas,50,2016-06-21 15:33:43.338,1.9,2016-06-21 17:38:00,
1.125299617,2424953,Pablo Cuevas,St Robert v P Cuevas,60,2016-06-21 15:52:44.395,1.98,2016-06-21 17:48:00,
1.125299617,2424953,Pablo Cuevas,St Robert v P Cuevas,70,2016-06-21 16:20:26.337,2.0,2016-06-21 17:48:00,
1.125299617,2424953,Pablo Cuevas,St Robert v P Cuevas,80,2016-06-21 16:52:40.818,1.97,2016-06-21 17:48:00,
1.125299617,2424953,Pablo Cuevas,St Robert v P Cuevas,90,2016-06-21 17:03:28.818,1.99,2016-06-21 17:48:00,
1.125299617,2424953,Pablo Cuevas,St Robert v P Cuevas,100,2016-06-21 17:38:07.490,1.97,2016-06-21 17:48:00,
1.125299617,4422812,Stephane Robert,St Robert v P Cuevas,0,2016-06-20 22:57:55.164,2.8,2016-06-21 19:00:00,
1.125299617,4422812,Stephane Robert,St Robert v P Cuevas,10,2016-06-21 01:59:22.929,2.2,2016-06-21 19:00:00,
1.125299617,4422812,Stephane Robert,St Robert v P Cuevas,20,2016-06-21 05:12:14.731,2.16,2016-06-21 19:00:00,
1.125299617,4422812,Stephane Robert,St Robert v P Cuevas,30,2016-06-21 09:00:30.548,2.16,2016-06-21 19:00:00,
1.125299617,4422812,Stephane Robert,St Robert v P Cuevas,40,2016-06-21 12:14:41.009,2.2,2016-06-21 18:43:00,
1.125299617,4422812,Stephane Robert,St Robert v P Cuevas,50,2016-06-21 14:37:47.199,2.08,2016-06-21 17:23:00,
1.125299617,4422812,Stephane Robert,St Robert v P Cuevas,60,2016-06-21 15:33:43.338,2.1,2016-06-21 17:38:00,
1.125299617,4422812,Stephane Robert,St Robert v P Cuevas,70,2016-06-21 15:52:44.395,2.0,2016-06-21 17:48:00,
1.125299617,4422812,Stephane Robert,St Robert v P Cuevas,80,2016-06-21 15:57:40.985,2.02,2016-06-21 17:48:00,
1.125299617,4422812,Stephane Robert,St Robert v P Cuevas,90,2016-06-21 16:27:41.379,2.02,2016-06-21 17:48:00,
1.125299617,4422812,Stephane Robert,St Robert v P Cuevas,100,2016-06-21 17:32:33.356,2.02,2016-06-21 17:48:00,
1.125299672,7287690,Quentin Halys,Zhe Li v Halys,0,2016-06-21 05:52:59.910,1.3,2016-06-22 12:00:00,
1.125299672,7287690,Quentin Halys,Zhe Li v Halys,10,2016-06-21 06:06:36.458,1.29,2016-06-22 12:00:00,
1.125299672,7287690,Quentin Halys,Zhe Li v Halys,20,2016-06-21 20:54:10.532,1.1,2016-06-22 10:00:00,
1.125299672,7287690,Quentin Halys,Zhe Li v Halys,30,2016-06-21 20:56:00.336,1.12,2016-06-22 10:00:00,
1.125299672,7287690,Quentin Halys,Zhe Li v Halys,40,2016-06-21 23:21:31.030,1.1,2016-06-22 10:00:00,
1.125299672,7287690,Quentin Halys,Zhe Li v Halys,50,2016-06-22 06:57:13.300,1.09,2016-06-22 10:00:00,
1.125299672,7287690,Quentin Halys,Zhe Li v Halys,60,2016-06-22 06:58:55.346,1.12,2016-06-22 10:00:00,
1.125299672,7287690,Quentin Halys,Zhe Li v Halys,70,2016-06-22 07:07:00.886,1.13,2016-06-22 10:00:00,
1.125299672,7287690,Quentin Halys,Zhe Li v Halys,80,2016-06-22 09:11:11.203,1.13,2016-06-22 10:00:00,
1.125299672,7287690,Quentin Halys,Zhe Li v Halys,90,2016-06-22 09:21:14.096,1.15,2016-06-22 10:00:00,
1.125299672,7287690,Quentin Halys,Zhe Li v Halys,100,2016-06-22 10:00:12.515,1.14,2016-06-22 10:15:00,
1.12529969,2248470,Elena Vesnina,Vesnina v Bencic,0,2016-06-21 03:08:13.481,2.12,2016-06-21 18:00:00,
1.12529969,2248470,Elena Vesnina,Vesnina v Bencic,10,2016-06-21 07:45:32.903,2.1,2016-06-21 18:00:00,
1.12529969,2248470,Elena Vesnina,Vesnina v Bencic,20,2016-06-21 09:22:15.505,1.97,2016-06-21 18:00:00,
1.12529969,2248470,Elena Vesnina,Vesnina v Bencic,30,2016-06-21 11:21:26.702,1.96,2016-06-21 17:52:00,
1.12529969,2248470,Elena Vesnina,Vesnina v Bencic,40,2016-06-21 13:07:39.135,1.94,2016-06-21 17:03:00,
1.12529969,2248470,Elena Vesnina,Vesnina v Bencic,50,2016-06-21 13:35:37.991,1.97,2016-06-21 17:03:00,
1.12529969,2248470,Elena Vesnina,Vesnina v Bencic,60,2016-06-21 14:45:25.777,1.9,2016-06-21 17:03:00,
1.12529969,2248470,Elena Vesnina,Vesnina v Bencic,70,2016-06-21 14:50:48.007,1.95,2016-06-21 17:03:00,
1.12529969,2248470,Elena Vesnina,Vesnina v Bencic,80,2016-06-21 15:55:34.970,1.89,2016-06-21 17:37:00,
1.12529969,2248470,Elena Vesnina,Vesnina v Bencic,90,2016-06-21 16:31:23.387,1.88,2016-06-21 16:45:00,
1.12529969,2248470,Elena Vesnina,Vesnina v Bencic,100,2016-06-21 16:49:33.385,1.88,2016-06-21 17:00:00,
1.12529969,6390244,Belinda Bencic,Vesnina v Bencic,0,2016-06-20 22:13:49.189,1.8,2016-06-21 18:00:00,
1.12529969,6390244,Belinda Bencic,Vesnina v Bencic,10,2016-06-21 06:44:48.467,1.92,2016-06-21 18:00:00,
1.12529969,6390244,Belinda Bencic,Vesnina v Bencic,20,2016-06-21 08:45:31.805,2.04,2016-06-21 18:00:00,
1.12529969,6390244,Belinda Bencic,Vesnina v Bencic,30,2016-06-21 10:13:59.689,2.02,2016-06-21 17:52:00,
1.12529969,6390244,Belinda Bencic,Vesnina v Bencic,40,2016-06-21 12:14:40.489,2.04,2016-06-21 17:46:00,
1.12529969,6390244,Belinda Bencic,Vesnina v Bencic,50,2016-06-21 13:21:35.571,2.06,2016-06-21 17:03:00,
1.12529969,6390244,Belinda Bencic,Vesnina v Bencic,60,2016-06-21 13:56:04.838,2.08,2016-06-21 17:03:00,
1.12529969,6390244,Belinda Bencic,Vesnina v Bencic,70,2016-06-21 14:47:27.272,2.12,2016-06-21 17:03:00,
1.12529969,6390244,Belinda Bencic,Vesnina v Bencic,80,2016-06-21 15:55:34.970,2.12,2016-06-21 17:37:00,
1.12529969,6390244,Belinda Bencic,Vesnina v Bencic,90,2016-06-21 16:31:23.387,2.14,2016-06-21 16:45:00,
1.12529969,6390244,Belinda Bencic,Vesnina v Bencic,100,2016-06-21 16:47:35.808,2.1,2016-06-21 17:00:00,
1.125299745,2256480,Fernando Verdasco,Estrella Burgos v Verdasco,0,2016-06-20 23:01:39.378,1.11,2016-06-21 14:00:00,
1.125299745,2256480,Fernando Verdasco,Estrella Burgos v Verdasco,10,2016-06-21 03:47:32.814,1.15,2016-06-21 14:00:00,
1.125299745,2256480,Fernando Verdasco,Estrella Burgos v Verdasco,20,2016-06-21 08:21:17.131,1.19,2016-06-21 14:00:00,
1.125299745,2256480,Fernando Verdasco,Estrella Burgos v Verdasco,30,2016-06-21 09:15:32.190,1.19,2016-06-21 14:00:00,
1.125299745,2256480,Fernando Verdasco,Estrella Burgos v Verdasco,40,2016-06-21 09:25:07.911,1.19,2016-06-21 14:00:00,
1.125299745,2256480,Fernando Verdasco,Estrella Burgos v Verdasco,50,2016-06-21 10:07:09.492,1.19,2016-06-21 13:48:00,
1.125299745,2256480,Fernando Verdasco,Estrella Burgos v Verdasco,60,2016-06-21 10:08:02.194,1.18,2016-06-21 13:48:00,
1.125299745,2256480,Fernando Verdasco,Estrella Burgos v Verdasco,70,2016-06-21 11:55:30.030,1.18,2016-06-21 13:12:00,
1.125299745,2256480,Fernando Verdasco,Estrella Burgos v Verdasco,80,2016-06-21 12:27:22.638,1.19,2016-06-21 13:12:00,
1.125299745,2256480,Fernando Verdasco,Estrella Burgos v Verdasco,90,2016-06-21 12:32:42.756,1.19,2016-06-21 13:12:00,
1.125299745,2256480,Fernando Verdasco,Estrella Burgos v Verdasco,100,2016-06-21 12:38:35.786,1.2,2016-06-21 13:12:00,
1.125299799,2248579,Gilles Muller,G Muller v Vesely,0,2016-06-21 00:10:01.914,1.54,2016-06-21 11:00:00,
1.125299799,2248579,Gilles Muller,G Muller v Vesely,10,2016-06-21 04:35:32.091,1.46,2016-06-21 11:00:00,
1.125299799,2248579,Gilles Muller,G Muller v Vesely,20,2016-06-21 06:40:38.025,1.47,2016-06-21 11:00:00,
1.125299799,2248579,Gilles Muller,G Muller v Vesely,30,2016-06-21 07:32:14.311,1.4,2016-06-21 11:00:00,
1.125299799,2248579,Gilles Muller,G Muller v Vesely,40,2016-06-21 07:51:17.528,1.43,2016-06-21 11:00:00,
1.125299799,2248579,Gilles Muller,G Muller v Vesely,50,2016-06-21 09:11:43.864,1.41,2016-06-21 11:00:00,
1.125299799,2248579,Gilles Muller,G Muller v Vesely,60,2016-06-21 09:35:25.462,1.42,2016-06-21 11:00:00,
1.125299799,2248579,Gilles Muller,G Muller v Vesely,70,2016-06-21 10:07:44.921,1.41,2016-06-21 11:00:00,
1.125299799,2248579,Gilles Muller,G Muller v Vesely,80,2016-06-21 10:23:26.747,1.4,2016-06-21 11:00:00,
1.125299799,2248579,Gilles Muller,G Muller v Vesely,90,2016-06-21 10:37:29.806,1.42,2016-06-21 11:00:00,
1.125299799,2248579,Gilles Muller,G Muller v Vesely,100,2016-06-21 10:42:36.033,1.42,2016-06-21 11:00:00,
1.125299799,7032143,Jiri Vesely,G Muller v Vesely,0,2016-06-21 00:43:20.312,2.84,2016-06-21 11:00:00,
1.125299799,7032143,Jiri Vesely,G Muller v Vesely,10,2016-06-21 05:03:38.088,3.1,2016-06-21 11:00:00,
1.125299799,7032143,Jiri Vesely,G Muller v Vesely,20,2016-06-21 06:40:38.025,3.1,2016-06-21 11:00:00,
1.125299799,7032143,Jiri Vesely,G Muller v Vesely,30,2016-06-21 07:18:35.158,3.3,2016-06-21 11:00:00,
1.125299799,7032143,Jiri Vesely,G Muller v Vesely,40,2016-06-21 07:50:37.793,3.3,2016-06-21 11:00:00,
1.125299799,7032143,Jiri Vesely,G Muller v Vesely,50,2016-06-21 08:21:42.572,3.4,2016-06-21 11:00:00,
1.125299799,7032143,Jiri Vesely,G Muller v Vesely,60,2016-06-21 09:30:44.686,3.4,2016-06-21 11:00:00,
1.125299799,7032143,Jiri Vesely,G Muller v Vesely,70,2016-06-21 09:35:25.462,3.35,2016-06-21 11:00:00,
1.125299799,7032143,Jiri Vesely,G Muller v Vesely,80,2016-06-21 10:25:45.335,3.35,2016-06-21 11:00:00,
1.125299799,7032143,Jiri Vesely,G Muller v Vesely,90,2016-06-21 10:32:45.226,3.3,2016-06-21 11:00:00,
1.125299799,7032143,Jiri Vesely,G Muller v Vesely,100,2016-06-21 10:42:36.033,3.3,2016-06-21 11:00:00,
1.125299867,2386498,Shuai Zhang,Tsurenko v S Zhang,0,2016-06-21 07:20:20.089,2.14,2016-06-21 10:00:00,
1.125299867,2386498,Shuai Zhang,Tsurenko v S Zhang,10,2016-06-21 07:44:51.482,2.12,2016-06-21 10:00:00,
1.125299867,2386498,Shuai Zhang,Tsurenko v S Zhang,20,2016-06-21 07:59:07.563,2.14,2016-06-21 10:00:00,
1.125299867,2386498,Shuai Zhang,Tsurenko v S Zhang,30,2016-06-21 08:27:28.592,2.12,2016-06-21 10:00:00,
1.125299867,2386498,Shuai Zhang,Tsurenko v S Zhang,40,2016-06-21 08:35:29.562,2.12,2016-06-21 10:00:00,
1.125299867,2386498,Shuai Zhang,Tsurenko v S Zhang,50,2016-06-21 08:36:17.295,2.18,2016-06-21 10:00:00,
1.125299867,2386498,Shuai Zhang,Tsurenko v S Zhang,60,2016-06-21 08:58:35.194,2.12,2016-06-21 10:00:00,
1.125299867,2386498,Shuai Zhang,Tsurenko v S Zhang,70,2016-06-21 09:04:15.599,2.12,2016-06-21 10:00:00,
1.125299867,2386498,Shuai Zhang,Tsurenko v S Zhang,80,2016-06-21 09:20:33.902,2.14,2016-06-21 10:00:00,
1.125299867,2386498,Shuai Zhang,Tsurenko v S Zhang,90,2016-06-21 09:22:23.159,2.18,2016-06-21 10:00:00,
1.125299867,2386498,Shuai Zhang,Tsurenko v S Zhang,100,2016-06-21 09:59:33.027,2.24,2016-06-21 10:00:00,
1.125299867,5300861,Lesia Tsurenko,Tsurenko v S Zhang,0,2016-06-21 07:20:20.089,1.89,2016-06-21 10:00:00,
1.125299867,5300861,Lesia Tsurenko,Tsurenko v S Zhang,10,2016-06-21 07:49:24.466,1.89,2016-06-21 10:00:00,
1.125299867,5300861,Lesia Tsurenko,Tsurenko v S Zhang,20,2016-06-21 08:06:35.263,1.87,2016-06-21 10:00:00,
1.125299867,5300861,Lesia Tsurenko,Tsurenko v S Zhang,30,2016-06-21 08:31:31.745,1.9,2016-06-21 10:00:00,
1.125299867,5300861,Lesia Tsurenko,Tsurenko v S Zhang,40,2016-06-21 08:48:10.706,1.9,2016-06-21 10:00:00,
1.125299867,5300861,Lesia Tsurenko,Tsurenko v S Zhang,50,2016-06-21 08:58:52.788,1.9,2016-06-21 10:00:00,
1.125299867,5300861,Lesia Tsurenko,Tsurenko v S Zhang,60,2016-06-21 09:16:21.850,1.85,2016-06-21 10:00:00,
1.125299867,5300861,Lesia Tsurenko,Tsurenko v S Zhang,70,2016-06-21 09:36:30.566,1.83,2016-06-21 10:00:00,
1.125299867,5300861,Lesia Tsurenko,Tsurenko v S Zhang,80,2016-06-21 09:51:33.609,1.82,2016-06-21 10:00:00,
1.125299867,5300861,Lesia Tsurenko,Tsurenko v S Zhang,90,2016-06-21 09:54:29.510,1.84,2016-06-21 10:00:00,
1.125299867,5300861,Lesia Tsurenko,Tsurenko v S Zhang,100,2016-06-21 09:59:33.027,1.78,2016-06-21 10:00:00,
1.125299931,4720522,Alexandr Dolgopolov,Edmund v Dolgopolov,0,2016-06-21 00:40:02.352,1.89,2016-06-21 14:00:00,
1.125299931,4720522,Alexandr Dolgopolov,Edmund v Dolgopolov,10,2016-06-21 04:34:44.347,1.95,2016-06-21 14:00:00,
1.125299931,4720522,Alexandr Dolgopolov,Edmund v Dolgopolov,20,2016-06-21 06:12:46.738,1.96,2016-06-21 14:00:00,
1.125299931,4720522,Alexandr Dolgopolov,Edmund v Dolgopolov,30,2016-06-21 07:24:49.852,2.0,2016-06-21 14:00:00,
1.125299931,4720522,Alexandr Dolgopolov,Edmund v Dolgopolov,40,2016-06-21 09:12:33.149,2.32,2016-06-21 14:00:00,
1.125299931,4720522,Alexandr Dolgopolov,Edmund v Dolgopolov,50,2016-06-21 09:17:28.455,2.34,2016-06-21 14:00:00,
1.125299931,4720522,Alexandr Dolgopolov,Edmund v Dolgopolov,60,2016-06-21 11:43:19.506,2.16,2016-06-21 13:50:00,
1.125299931,4720522,Alexandr Dolgopolov,Edmund v Dolgopolov,70,2016-06-21 12:21:29.756,2.16,2016-06-21 13:57:00,
1.125299931,4720522,Alexandr Dolgopolov,Edmund v Dolgopolov,80,2016-06-21 12:39:07.675,2.16,2016-06-21 13:57:00,
1.125299931,4720522,Alexandr Dolgopolov,Edmund v Dolgopolov,90,2016-06-21 12:53:28.233,2.24,2016-06-21 13:57:00,
1.125299931,4720522,Alexandr Dolgopolov,Edmund v Dolgopolov,100,2016-06-21 13:00:33.030,2.2,2016-06-21 13:57:00,
1.125299931,5626817,Kyle Edmund,Edmund v Dolgopolov,0,2016-06-20 23:29:00.330,2.34,2016-06-21 14:00:00,
1.125299931,5626817,Kyle Edmund,Edmund v Dolgopolov,10,2016-06-21 06:19:34.774,1.98,2016-06-21 14:00:00,
1.125299931,5626817,Kyle Edmund,Edmund v Dolgopolov,20,2016-06-21 07:39:32.086,1.9,2016-06-21 14:00:00,
1.125299931,5626817,Kyle Edmund,Edmund v Dolgopolov,30,2016-06-21 08:01:31.679,1.77,2016-06-21 14:00:00,
1.125299931,5626817,Kyle Edmund,Edmund v Dolgopolov,40,2016-06-21 08:47:35.344,1.79,2016-06-21 14:00:00,
1.125299931,5626817,Kyle Edmund,Edmund v Dolgopolov,50,2016-06-21 09:45:57.151,1.75,2016-06-21 14:00:00,
1.125299931,5626817,Kyle Edmund,Edmund v Dolgopolov,60,2016-06-21 11:16:31.469,1.81,2016-06-21 13:50:00,
1.125299931,5626817,Kyle Edmund,Edmund v Dolgopolov,70,2016-06-21 12:01:33.037,1.81,2016-06-21 13:57:00,
1.125299931,5626817,Kyle Edmund,Edmund v Dolgopolov,80,2016-06-21 12:33:34.829,1.84,2016-06-21 13:57:00,
1.125299931,5626817,Kyle Edmund,Edmund v Dolgopolov,90,2016-06-21 12:50:32.486,1.83,2016-06-21 13:57:00,
1.125299931,5626817,Kyle Edmund,Edmund v Dolgopolov,100,2016-06-21 13:14:29.782,1.81,2016-06-21 13:57:00,
1.125299985,5704759,Eugenie Bouchard,Bouchard v Begu,0,2016-06-20 23:23:48.644,1.66,2016-06-21 11:30:00,
1.125299985,5704759,Eugenie Bouchard,Bouchard v Begu,10,2016-06-21 06:42:55.357,1.63,2016-06-21 11:30:00,
1.125299985,5704759,Eugenie Bouchard,Bouchard v Begu,20,2016-06-21 08:04:10.083,1.61,2016-06-21 11:30:00,
1.125299985,5704759,Eugenie Bouchard,Bouchard v Begu,30,2016-06-21 09:11:28.478,1.64,2016-06-21 11:30:00,
1.125299985,5704759,Eugenie Bouchard,Bouchard v Begu,40,2016-06-21 10:43:33.447,1.65,2016-06-21 11:30:00,
1.125299985,5704759,Eugenie Bouchard,Bouchard v Begu,50,2016-06-21 11:03:49.762,1.66,2016-06-21 11:30:00,
1.125299985,5704759,Eugenie Bouchard,Bouchard v Begu,60,2016-06-21 11:20:52.404,1.65,2016-06-21 11:30:00,
1.125299985,5704759,Eugenie Bouchard,Bouchard v Begu,70,2016-06-21 11:33:54.229,1.66,2016-06-21 11:45:00,
1.125299985,5704759,Eugenie Bouchard,Bouchard v Begu,80,2016-06-21 11:56:54.370,1.66,2016-06-21 12:00:00,
1.125299985,5704759,Eugenie Bouchard,Bouchard v Begu,90,2016-06-21 12:10:38.629,1.67,2016-06-21 12:15:00,
1.125299985,5704759,Eugenie Bouchard,Bouchard v Begu,100,2016-06-21 12:22:26.981,1.64,2016-06-21 12:30:00,
1.125299985,7642289,Irina-Camelia Begu,Bouchard v Begu,0,2016-06-21 04:22:33.753,2.3,2016-06-21 11:30:00,
1.125299985,7642289,Irina-Camelia Begu,Bouchard v Begu,10,2016-06-21 08:04:10.083,2.48,2016-06-21 11:30:00,
1.125299985,7642289,Irina-Camelia Begu,Bouchard v Begu,20,2016-06-21 08:43:33.084,2.6,2016-06-21 11:30:00,
1.125299985,7642289,Irina-Camelia Begu,Bouchard v Begu,30,2016-06-21 10:17:54.525,2.54,2016-06-21 11:30:00,
1.125299985,7642289,Irina-Camelia Begu,Bouchard v Begu,40,2016-06-21 11:04:43.188,2.52,2016-06-21 11:30:00,
1.125299985,7642289,Irina-Camelia Begu,Bouchard v Begu,50,2016-06-21 11:11:45.550,2.52,2016-06-21 11:30:00,
1.125299985,7642289,Irina-Camelia Begu,Bouchard v Begu,60,2016-06-21 11:36:52.934,2.5,2016-06-21 11:45:00,
1.125299985,7642289,Irina-Camelia Begu,Bouchard v Begu,70,2016-06-21 11:55:53.213,2.5,2016-06-21 12:00:00,
1.125299985,7642289,Irina-Camelia Begu,Bouchard v Begu,80,2016-06-21 11:58:53.446,2.54,2016-06-21 12:00:00,
1.125299985,7642289,Irina-Camelia Begu,Bouchard v Begu,90,2016-06-21 12:11:00.770,2.46,2016-06-21 12:15:00,
1.125299985,7642289,Irina-Camelia Begu,Bouchard v Begu,100,2016-06-21 12:24:52.071,2.56,2016-06-21 12:30:00,
1.125300101,5374368,Monica Puig,Ana Konjuh v Puig,0,2016-06-21 04:47:42.505,1.72,2016-06-21 14:00:00,
1.125300101,5374368,Monica Puig,Ana Konjuh v Puig,10,2016-06-21 06:43:35.570,1.62,2016-06-21 14:00:00,
1.125300101,5374368,Monica Puig,Ana Konjuh v Puig,20,2016-06-21 08:16:12.961,1.62,2016-06-21 14:00:00,
1.125300101,5374368,Monica Puig,Ana Konjuh v Puig,30,2016-06-21 09:23:30.998,1.69,2016-06-21 14:00:00,
1.125300101,5374368,Monica Puig,Ana Konjuh v Puig,40,2016-06-21 09:31:31.187,1.7,2016-06-21 14:00:00,
1.125300101,5374368,Monica Puig,Ana Konjuh v Puig,50,2016-06-21 10:35:44.839,1.7,2016-06-21 13:52:00,
1.125300101,5374368,Monica Puig,Ana Konjuh v Puig,60,2016-06-21 11:01:49.679,1.68,2016-06-21 13:52:00,
1.125300101,5374368,Monica Puig,Ana Konjuh v Puig,70,2016-06-21 11:19:00.672,1.69,2016-06-21 13:52:00,
1.125300101,5374368,Monica Puig,Ana Konjuh v Puig,80,2016-06-21 11:40:04.746,1.69,2016-06-21 13:21:00,
1.125300101,5374368,Monica Puig,Ana Konjuh v Puig,90,2016-06-21 12:40:52.084,1.67,2016-06-21 13:21:00,
1.125300101,5374368,Monica Puig,Ana Konjuh v Puig,100,2016-06-21 13:05:07.158,1.64,2016-06-21 13:07:00,
1.125300186,7137497,Yoshihito Nishioka,Yo Nishioka v F Silva,0,2016-06-21 07:37:26.708,1.3,2016-06-22 12:00:00,
1.125300186,7137497,Yoshihito Nishioka,Yo Nishioka v F Silva,10,2016-06-21 20:20:24.370,1.22,2016-06-22 10:00:00,
1.125300186,7137497,Yoshihito Nishioka,Yo Nishioka v F Silva,20,2016-06-21 22:24:37.980,1.2,2016-06-22 10:00:00,
1.125300186,7137497,Yoshihito Nishioka,Yo Nishioka v F Silva,30,2016-06-22 03:51:27.845,1.17,2016-06-22 10:00:00,
1.125300186,7137497,Yoshihito Nishioka,Yo Nishioka v F Silva,40,2016-06-22 07:08:25.088,1.2,2016-06-22 10:00:00,
1.125300186,7137497,Yoshihito Nishioka,Yo Nishioka v F Silva,50,2016-06-22 08:17:31.213,1.22,2016-06-22 10:00:00,
1.125300186,7137497,Yoshihito Nishioka,Yo Nishioka v F Silva,60,2016-06-22 08:39:30.562,1.2,2016-06-22 10:00:00,
1.125300186,7137497,Yoshihito Nishioka,Yo Nishioka v F Silva,70,2016-06-22 08:59:15.778,1.15,2016-06-22 10:00:00,
1.125300186,7137497,Yoshihito Nishioka,Yo Nishioka v F Silva,80,2016-06-22 09:05:49.391,1.15,2016-06-22 10:00:00,
1.125300186,7137497,Yoshihito Nishioka,Yo Nishioka v F Silva,90,2016-06-22 09:41:29.778,1.23,2016-06-22 10:00:00,
1.125300186,7137497,Yoshihito Nishioka,Yo Nishioka v F Silva,100,2016-06-22 10:11:36.222,1.23,2016-06-22 10:15:00,
1.125300193,2519549,Kevin Anderson,K Anderson v Dodig,0,2016-06-20 22:33:20.674,1.28,2016-06-21 17:00:00,
1.125300193,2519549,Kevin Anderson,K Anderson v Dodig,10,2016-06-21 03:54:59.731,1.34,2016-06-21 17:00:00,
1.125300193,2519549,Kevin Anderson,K Anderson v Dodig,20,2016-06-21 09:48:31.497,1.36,2016-06-21 17:00:00,
1.125300193,2519549,Kevin Anderson,K Anderson v Dodig,30,2016-06-21 10:23:01.617,1.35,2016-06-21 17:00:00,
1.125300193,2519549,Kevin Anderson,K Anderson v Dodig,40,2016-06-21 12:02:27.220,1.35,2016-06-21 16:43:00,
1.125300193,2519549,Kevin Anderson,K Anderson v Dodig,50,2016-06-21 12:32:35.077,1.35,2016-06-21 16:43:00,
1.125300193,2519549,Kevin Anderson,K Anderson v Dodig,60,2016-06-21 13:09:31.835,1.37,2016-06-21 16:37:00,
1.125300193,2519549,Kevin Anderson,K Anderson v Dodig,70,2016-06-21 13:57:57.382,1.37,2016-06-21 15:23:00,
1.125300193,2519549,Kevin Anderson,K Anderson v Dodig,80,2016-06-21 14:45:26.954,1.35,2016-06-21 15:23:00,
1.125300193,2519549,Kevin Anderson,K Anderson v Dodig,90,2016-06-21 15:16:22.085,1.37,2016-06-21 15:23:00,
1.125300193,2519549,Kevin Anderson,K Anderson v Dodig,100,2016-06-21 15:44:23.553,1.35,2016-06-21 15:53:00,
1.125300193,2835266,Ivan Dodig,K Anderson v Dodig,0,2016-06-21 03:15:33.830,4.2,2016-06-21 17:00:00,
1.125300193,2835266,Ivan Dodig,K Anderson v Dodig,10,2016-06-21 08:04:13.301,3.9,2016-06-21 17:00:00,
1.125300193,2835266,Ivan Dodig,K Anderson v Dodig,20,2016-06-21 10:03:07.714,3.75,2016-06-21 17:00:00,
1.125300193,2835266,Ivan Dodig,K Anderson v Dodig,30,2016-06-21 11:44:06.578,3.6,2016-06-21 16:43:00,
1.125300193,2835266,Ivan Dodig,K Anderson v Dodig,40,2016-06-21 12:32:35.077,3.9,2016-06-21 16:43:00,
1.125300193,2835266,Ivan Dodig,K Anderson v Dodig,50,2016-06-21 12:54:12.026,3.55,2016-06-21 16:37:00,
1.125300193,2835266,Ivan Dodig,K Anderson v Dodig,60,2016-06-21 13:31:25.178,3.65,2016-06-21 15:23:00,
1.125300193,2835266,Ivan Dodig,K Anderson v Dodig,70,2016-06-21 13:50:29.256,3.8,2016-06-21 15:23:00,
1.125300193,2835266,Ivan Dodig,K Anderson v Dodig,80,2016-06-21 14:34:35.210,3.8,2016-06-21 15:23:00,
1.125300193,2835266,Ivan Dodig,K Anderson v Dodig,90,2016-06-21 14:48:24.393,3.8,2016-06-21 15:23:00,
1.125300193,2835266,Ivan Dodig,K Anderson v Dodig,100,2016-06-21 15:39:31.904,3.75,2016-06-21 15:53:00,
1.125300278,2609424,Mikhail Kukushkin,Kukushkin v Dancevic,0,2016-06-21 03:42:32.531,1.54,2016-06-21 14:00:00,
1.125300278,2609424,Mikhail Kukushkin,Kukushkin v Dancevic,10,2016-06-21 05:42:58.969,1.49,2016-06-21 14:00:00,
1.125300278,2609424,Mikhail Kukushkin,Kukushkin v Dancevic,20,2016-06-21 07:50:41.581,1.5,2016-06-21 14:00:00,
1.125300278,2609424,Mikhail Kukushkin,Kukushkin v Dancevic,30,2016-06-21 07:51:26.327,1.51,2016-06-21 14:00:00,
1.125300278,2609424,Mikhail Kukushkin,Kukushkin v Dancevic,40,2016-06-21 08:17:40.611,1.52,2016-06-21 14:00:00,
1.125300278,2609424,Mikhail Kukushkin,Kukushkin v Dancevic,50,2016-06-21 08:34:23.010,1.55,2016-06-21 14:00:00,
1.125300278,2609424,Mikhail Kukushkin,Kukushkin v Dancevic,60,2016-06-21 09:34:26.655,1.57,2016-06-21 14:00:00,
1.125300278,2609424,Mikhail Kukushkin,Kukushkin v Dancevic,70,2016-06-21 10:40:01.214,1.58,2016-06-21 13:46:00,
1.125300278,2609424,Mikhail Kukushkin,Kukushkin v Dancevic,80,2016-06-21 11:12:28.000,1.58,2016-06-21 13:46:00,
1.125300278,2609424,Mikhail Kukushkin,Kukushkin v Dancevic,90,2016-06-21 11:34:42.373,1.59,2016-06-21 13:28:00,
1.125300278,2609424,Mikhail Kukushkin,Kukushkin v Dancevic,100,2016-06-21 11:48:42.558,1.56,2016-06-21 13:28:00,
1.125300351,2263634,Lukas Lacko,Lacko v Sidorenko,0,2016-06-21 13:59:41.320,1.3,2016-06-22 12:00:00,
1.125300351,2263634,Lukas Lacko,Lacko v Sidorenko,10,2016-06-21 22:03:14.946,1.24,2016-06-22 12:00:00,
1.125300351,2263634,Lukas Lacko,Lacko v Sidorenko,20,2016-06-22 03:47:38.860,1.21,2016-06-22 12:00:00,
1.125300351,2263634,Lukas Lacko,Lacko v Sidorenko,30,2016-06-22 03:48:07.915,1.2,2016-06-22 12:00:00,
1.125300351,2263634,Lukas Lacko,Lacko v Sidorenko,40,2016-06-22 07:23:03.507,1.22,2016-06-22 12:00:00,
1.125300351,2263634,Lukas Lacko,Lacko v Sidorenko,50,2016-06-22 09:27:37.830,1.18,2016-06-22 12:00:00,
1.125300351,2263634,Lukas Lacko,Lacko v Sidorenko,60,2016-06-22 10:02:46.501,1.16,2016-06-22 12:15:00,
1.125300351,2263634,Lukas Lacko,Lacko v Sidorenko,70,2016-06-22 10:21:35.120,1.18,2016-06-22 12:30:00,
1.125300351,2263634,Lukas Lacko,Lacko v Sidorenko,80,2016-06-22 10:30:41.502,1.19,2016-06-22 13:00:00,
1.125300351,2263634,Lukas Lacko,Lacko v Sidorenko,90,2016-06-22 11:53:41.230,1.16,2016-06-22 13:03:00,
1.125300351,2263634,Lukas Lacko,Lacko v Sidorenko,100,2016-06-22 12:11:17.492,1.18,2016-06-22 13:03:00,
1.125301439,6603898,Radu Albot,Albot v Guez,0,2016-06-21 22:40:24.757,1.6,2016-06-22 12:00:00,
1.125301439,6603898,Radu Albot,Albot v Guez,10,2016-06-22 01:55:39.051,1.49,2016-06-22 12:00:00,
1.125301439,6603898,Radu Albot,Albot v Guez,20,2016-06-22 03:54:39.537,1.36,2016-06-22 12:00:00,
1.125301439,6603898,Radu Albot,Albot v Guez,30,2016-06-22 05:43:22.838,1.36,2016-06-22 12:00:00,
1.125301439,6603898,Radu Albot,Albot v Guez,40,2016-06-22 06:11:33.041,1.35,2016-06-22 12:00:00,
1.125301439,6603898,Radu Albot,Albot v Guez,50,2016-06-22 07:14:16.931,1.34,2016-06-22 12:00:00,
1.125301439,6603898,Radu Albot,Albot v Guez,60,2016-06-22 10:12:15.791,1.32,2016-06-22 12:15:00,
1.125301439,6603898,Radu Albot,Albot v Guez,70,2016-06-22 10:16:34.700,1.33,2016-06-22 12:30:00,
1.125301439,6603898,Radu Albot,Albot v Guez,80,2016-06-22 12:00:23.688,1.34,2016-06-22 13:07:00,
1.125301439,6603898,Radu Albot,Albot v Guez,90,2016-06-22 12:07:34.792,1.39,2016-06-22 13:07:00,
1.125301439,6603898,Radu Albot,Albot v Guez,100,2016-06-22 12:31:36.997,1.33,2016-06-22 12:43:00,
1.125301449,2397396,Matthias Bachinger,Riba v Bachinger,0,2016-06-21 20:29:19.821,1.17,2016-06-22 10:00:00,
1.125301449,2397396,Matthias Bachinger,Riba v Bachinger,10,2016-06-21 23:47:35.924,1.11,2016-06-22 10:00:00,
1.125301449,2397396,Matthias Bachinger,Riba v Bachinger,20,2016-06-22 03:47:38.860,1.13,2016-06-22 10:00:00,
1.125301449,2397396,Matthias Bachinger,Riba v Bachinger,30,2016-06-22 06:15:52.311,1.14,2016-06-22 10:00:00,
1.125301449,2397396,Matthias Bachinger,Riba v Bachinger,40,2016-06-22 06:30:43.063,1.15,2016-06-22 10:00:00,
1.125301449,2397396,Matthias Bachinger,Riba v Bachinger,50,2016-06-22 08:00:44.412,1.15,2016-06-22 10:00:00,
1.125301449,2397396,Matthias Bachinger,Riba v Bachinger,60,2016-06-22 09:16:51.117,1.17,2016-06-22 10:00:00,
1.125301449,2397396,Matthias Bachinger,Riba v Bachinger,70,2016-06-22 09:47:51.278,1.18,2016-06-22 10:00:00,
1.125301449,2397396,Matthias Bachinger,Riba v Bachinger,80,2016-06-22 10:04:54.040,1.18,2016-06-22 10:15:00,
1.125301449,2397396,Matthias Bachinger,Riba v Bachinger,90,2016-06-22 10:22:51.103,1.17,2016-06-22 10:30:00,
1.125301449,2397396,Matthias Bachinger,Riba v Bachinger,100,2016-06-22 10:44:53.958,1.17,2016-06-22 11:00:00,
1.125301549,2263577,Agnieszka Radwanska,A Radwanska v Lucic-Baroni,0,2016-06-21 12:31:12.393,1.32,2016-06-21 14:01:00,
1.125301549,2263577,Agnieszka Radwanska,A Radwanska v Lucic-Baroni,10,2016-06-21 12:32:11.139,1.4,2016-06-21 14:01:00,
1.125301549,2263577,Agnieszka Radwanska,A Radwanska v Lucic-Baroni,20,2016-06-21 12:48:59.636,1.32,2016-06-21 13:15:00,
1.125301549,2263577,Agnieszka Radwanska,A Radwanska v Lucic-Baroni,30,2016-06-21 13:02:09.938,1.27,2016-06-21 13:15:00,
1.125301549,2263577,Agnieszka Radwanska,A Radwanska v Lucic-Baroni,40,2016-06-21 13:06:57.824,1.29,2016-06-21 13:15:00,
1.125301549,2263577,Agnieszka Radwanska,A Radwanska v Lucic-Baroni,50,2016-06-21 13:11:39.497,1.37,2016-06-21 13:15:00,
1.125301549,2263577,Agnieszka Radwanska,A Radwanska v Lucic-Baroni,60,2016-06-21 13:13:26.540,1.32,2016-06-21 13:15:00,
1.125301549,2263577,Agnieszka Radwanska,A Radwanska v Lucic-Baroni,70,2016-06-21 13:15:00.768,1.29,2016-06-21 13:30:00,
1.125301549,2263577,Agnieszka Radwanska,A Radwanska v Lucic-Baroni,80,2016-06-21 13:17:48.148,1.38,2016-06-21 13:30:00,
1.125301549,2263577,Agnieszka Radwanska,A Radwanska v Lucic-Baroni,90,2016-06-21 13:26:00.359,1.31,2016-06-21 13:30:00,
1.125301549,2263577,Agnieszka Radwanska,A Radwanska v Lucic-Baroni,100,2016-06-21 13:29:13.135,1.31,2016-06-21 13:30:00,
1.125301717,4275820,Vincent Millot,D Medvedev v Millot,0,2016-06-22 07:02:38.456,2.26,2016-06-22 12:00:00,
1.125301717,4275820,Vincent Millot,D Medvedev v Millot,10,2016-06-22 08:43:23.945,2.46,2016-06-22 12:00:00,
1.125301717,4275820,Vincent Millot,D Medvedev v Millot,20,2016-06-22 10:00:38.881,2.44,2016-06-22 12:15:00,
1.125301717,4275820,Vincent Millot,D Medvedev v Millot,30,2016-06-22 10:34:25.780,2.46,2016-06-22 13:00:00,
1.125301717,4275820,Vincent Millot,D Medvedev v Millot,40,2016-06-22 11:57:41.920,2.38,2016-06-22 13:04:00,
1.125301717,4275820,Vincent Millot,D Medvedev v Millot,50,2016-06-22 12:25:23.000,2.38,2016-06-22 13:04:00,
1.125301717,4275820,Vincent Millot,D Medvedev v Millot,60,2016-06-22 12:42:44.119,2.38,2016-06-22 13:04:00,
1.125301717,4275820,Vincent Millot,D Medvedev v Millot,70,2016-06-22 12:47:44.591,2.28,2016-06-22 13:04:00,
1.125301717,4275820,Vincent Millot,D Medvedev v Millot,80,2016-06-22 13:04:45.018,2.24,2016-06-22 13:19:00,
1.125301717,4275820,Vincent Millot,D Medvedev v Millot,90,2016-06-22 13:07:15.750,2.6,2016-06-22 13:19:00,
1.125301717,4275820,Vincent Millot,D Medvedev v Millot,100,2016-06-22 13:46:45.714,2.24,2016-06-22 13:47:00,
1.125301717,7797742,Daniil Medvedev,D Medvedev v Millot,0,2016-06-21 22:33:23.626,1.65,2016-06-22 12:00:00,
1.125301717,7797742,Daniil Medvedev,D Medvedev v Millot,10,2016-06-22 07:02:38.456,1.78,2016-06-22 12:00:00,
1.125301717,7797742,Daniil Medvedev,D Medvedev v Millot,20,2016-06-22 08:43:23.945,1.69,2016-06-22 12:00:00,
1.125301717,7797742,Daniil Medvedev,D Medvedev v Millot,30,2016-06-22 08:59:27.483,1.69,2016-06-22 12:00:00,
1.125301717,7797742,Daniil Medvedev,D Medvedev v Millot,40,2016-06-22 09:31:28.328,1.67,2016-06-22 12:00:00,
1.125301717,7797742,Daniil Medvedev,D Medvedev v Millot,50,2016-06-22 10:33:41.176,1.72,2016-06-22 13:00:00,
1.125301717,7797742,Daniil Medvedev,D Medvedev v Millot,60,2016-06-22 11:57:41.920,1.73,2016-06-22 13:04:00,
1.125301717,7797742,Daniil Medvedev,D Medvedev v Millot,70,2016-06-22 12:18:31.029,1.74,2016-06-22 13:04:00,
1.125301717,7797742,Daniil Medvedev,D Medvedev v Millot,80,2016-06-22 12:57:45.986,1.8,2016-06-22 13:04:00,
1.125301717,7797742,Daniil Medvedev,D Medvedev v Millot,90,2016-06-22 13:05:36.110,1.66,2016-06-22 13:19:00,
1.125301717,7797742,Daniil Medvedev,D Medvedev v Millot,100,2016-06-22 13:07:15.750,1.64,2016-06-22 13:19:00,
1.125301798,2249398,Benjamin Becker,D Sela v B Becker,0,2016-06-21 15:34:13.911,1.75,2016-06-22 12:00:00,
1.125301798,2249398,Benjamin Becker,D Sela v B Becker,10,2016-06-21 20:53:31.257,1.78,2016-06-22 12:00:00,
1.125301798,2249398,Benjamin Becker,D Sela v B Becker,20,2016-06-22 02:32:06.685,1.8,2016-06-22 12:00:00,
1.125301798,2249398,Benjamin Becker,D Sela v B Becker,30,2016-06-22 06:54:12.354,1.79,2016-06-22 12:00:00,
1.125301798,2249398,Benjamin Becker,D Sela v B Becker,40,2016-06-22 08:04:10.357,1.77,2016-06-22 12:00:00,
1.125301798,2249398,Benjamin Becker,D Sela v B Becker,50,2016-06-22 08:35:12.784,1.75,2016-06-22 12:00:00,
1.125301798,2249398,Benjamin Becker,D Sela v B Becker,60,2016-06-22 08:55:13.989,1.75,2016-06-22 12:00:00,
1.125301798,2249398,Benjamin Becker,D Sela v B Becker,70,2016-06-22 09:36:58.782,1.75,2016-06-22 12:00:00,
1.125301798,2249398,Benjamin Becker,D Sela v B Becker,80,2016-06-22 10:28:07.135,1.78,2016-06-22 11:47:00,
1.125301798,2249398,Benjamin Becker,D Sela v B Becker,90,2016-06-22 11:11:02.014,1.78,2016-06-22 11:47:00,
1.125301798,2249398,Benjamin Becker,D Sela v B Becker,100,2016-06-22 11:25:04.661,1.8,2016-06-22 11:27:00,
1.125301798,2263685,Dudi Sela,D Sela v B Becker,0,2016-06-21 15:34:13.911,2.32,2016-06-22 12:00:00,
1.125301798,2263685,Dudi Sela,D Sela v B Becker,10,2016-06-21 20:53:31.257,2.28,2016-06-22 12:00:00,
1.125301798,2263685,Dudi Sela,D Sela v B Becker,20,2016-06-22 02:49:14.233,2.24,2016-06-22 12:00:00,
1.125301798,2263685,Dudi Sela,D Sela v B Becker,30,2016-06-22 07:05:42.624,2.28,2016-06-22 12:00:00,
1.125301798,2263685,Dudi Sela,D Sela v B Becker,40,2016-06-22 08:04:10.357,2.3,2016-06-22 12:00:00,
1.125301798,2263685,Dudi Sela,D Sela v B Becker,50,2016-06-22 08:36:14.928,2.3,2016-06-22 12:00:00,
1.125301798,2263685,Dudi Sela,D Sela v B Becker,60,2016-06-22 10:00:10.922,2.26,2016-06-22 11:47:00,
1.125301798,2263685,Dudi Sela,D Sela v B Becker,70,2016-06-22 10:11:15.367,2.28,2016-06-22 11:47:00,
1.125301798,2263685,Dudi Sela,D Sela v B Becker,80,2016-06-22 10:53:43.935,2.28,2016-06-22 11:47:00,
1.125301798,2263685,Dudi Sela,D Sela v B Becker,90,2016-06-22 11:15:14.391,2.26,2016-06-22 11:47:00,
1.125301798,2263685,Dudi Sela,D Sela v B Becker,100,2016-06-22 11:26:06.125,2.22,2016-06-22 11:27:00,
1.125302102,7593723,Bjorn Fratangelo,Fratangelo v Michon,0,2016-06-21 20:57:28.748,1.11,2016-06-22 10:00:00,
1.125302102,7593723,Bjorn Fratangelo,Fratangelo v Michon,10,2016-06-22 05:35:50.455,1.13,2016-06-22 10:00:00,
1.125302102,7593723,Bjorn Fratangelo,Fratangelo v Michon,20,2016-06-22 07:21:16.642,1.14,2016-06-22 10:00:00,
1.125302102,7593723,Bjorn Fratangelo,Fratangelo v Michon,30,2016-06-22 07:56:18.449,1.13,2016-06-22 10:00:00,
1.125302102,7593723,Bjorn Fratangelo,Fratangelo v Michon,40,2016-06-22 08:13:41.433,1.14,2016-06-22 10:00:00,
1.125302102,7593723,Bjorn Fratangelo,Fratangelo v Michon,50,2016-06-22 08:33:18.688,1.14,2016-06-22 10:00:00,
1.125302102,7593723,Bjorn Fratangelo,Fratangelo v Michon,60,2016-06-22 08:59:15.778,1.12,2016-06-22 10:00:00,
1.125302102,7593723,Bjorn Fratangelo,Fratangelo v Michon,70,2016-06-22 09:11:57.547,1.14,2016-06-22 10:00:00,
1.125302102,7593723,Bjorn Fratangelo,Fratangelo v Michon,80,2016-06-22 09:54:28.663,1.12,2016-06-22 10:00:00,
1.125302102,7593723,Bjorn Fratangelo,Fratangelo v Michon,90,2016-06-22 09:55:43.902,1.1,2016-06-22 10:00:00,
1.125302102,7593723,Bjorn Fratangelo,Fratangelo v Michon,100,2016-06-22 10:32:13.112,1.1,2016-06-22 11:00:00,
1.125302109,2370190,Igor Sijsling,Sijsling v Calvin Hemery,0,2016-06-21 19:36:44.437,1.19,2016-06-22 10:00:00,
1.125302109,2370190,Igor Sijsling,Sijsling v Calvin Hemery,10,2016-06-21 20:56:50.036,1.19,2016-06-22 10:00:00,
1.125302109,2370190,Igor Sijsling,Sijsling v Calvin Hemery,20,2016-06-22 00:52:51.489,1.19,2016-06-22 10:00:00,
1.125302109,2370190,Igor Sijsling,Sijsling v Calvin Hemery,30,2016-06-22 03:47:38.860,1.18,2016-06-22 10:00:00,
1.125302109,2370190,Igor Sijsling,Sijsling v Calvin Hemery,40,2016-06-22 06:12:19.802,1.2,2016-06-22 10:00:00,
1.125302109,2370190,Igor Sijsling,Sijsling v Calvin Hemery,50,2016-06-22 07:12:52.182,1.14,2016-06-22 10:00:00,
1.125302109,2370190,Igor Sijsling,Sijsling v Calvin Hemery,60,2016-06-22 08:33:11.397,1.17,2016-06-22 10:00:00,
1.125302109,2370190,Igor Sijsling,Sijsling v Calvin Hemery,70,2016-06-22 08:54:39.657,1.11,2016-06-22 10:00:00,
1.125302109,2370190,Igor Sijsling,Sijsling v Calvin Hemery,80,2016-06-22 09:18:53.498,1.2,2016-06-22 10:00:00,
1.125302109,2370190,Igor Sijsling,Sijsling v Calvin Hemery,90,2016-06-22 09:56:37.774,1.19,2016-06-22 10:00:00,
1.125302109,2370190,Igor Sijsling,Sijsling v Calvin Hemery,100,2016-06-22 10:39:46.967,1.14,2016-06-22 11:00:00,
1.125302124,2256469,Marcos Baghdatis,Querrey v M Baghdatis,0,2016-06-21 19:57:13.578,1.99,2016-06-22 11:00:00,
1.125302124,2256469,Marcos Baghdatis,Querrey v M Baghdatis,10,2016-06-21 21:17:44.029,1.9,2016-06-22 11:00:00,
1.125302124,2256469,Marcos Baghdatis,Querrey v M Baghdatis,20,2016-06-22 03:39:19.313,1.87,2016-06-22 11:00:00,
1.125302124,2256469,Marcos Baghdatis,Querrey v M Baghdatis,30,2016-06-22 06:18:35.418,1.9,2016-06-22 11:00:00,
1.125302124,2256469,Marcos Baghdatis,Querrey v M Baghdatis,40,2016-06-22 07:00:36.551,1.89,2016-06-22 11:00:00,
1.125302124,2256469,Marcos Baghdatis,Querrey v M Baghdatis,50,2016-06-22 07:34:12.020,1.88,2016-06-22 11:00:00,
1.125302124,2256469,Marcos Baghdatis,Querrey v M Baghdatis,60,2016-06-22 08:07:38.926,1.87,2016-06-22 11:00:00,
1.125302124,2256469,Marcos Baghdatis,Querrey v M Baghdatis,70,2016-06-22 08:28:07.514,1.89,2016-06-22 11:00:00,
1.125302124,2256469,Marcos Baghdatis,Querrey v M Baghdatis,80,2016-06-22 09:32:01.674,1.88,2016-06-22 11:00:00,
1.125302124,2256469,Marcos Baghdatis,Querrey v M Baghdatis,90,2016-06-22 10:20:57.488,1.87,2016-06-22 11:00:00,
1.125302124,2256469,Marcos Baghdatis,Querrey v M Baghdatis,100,2016-06-22 10:47:09.823,1.86,2016-06-22 11:00:00,
1.125302124,2263560,Sam Querrey,Querrey v M Baghdatis,0,2016-06-21 19:54:55.640,2.0,2016-06-22 11:00:00,
1.125302124,2263560,Sam Querrey,Querrey v M Baghdatis,10,2016-06-21 21:46:56.946,2.12,2016-06-22 11:00:00,
1.125302124,2263560,Sam Querrey,Querrey v M Baghdatis,20,2016-06-22 04:05:41.222,2.06,2016-06-22 11:00:00,
1.125302124,2263560,Sam Querrey,Querrey v M Baghdatis,30,2016-06-22 06:18:35.418,2.1,2016-06-22 11:00:00,
1.125302124,2263560,Sam Querrey,Querrey v M Baghdatis,40,2016-06-22 06:34:52.238,2.12,2016-06-22 11:00:00,
1.125302124,2263560,Sam Querrey,Querrey v M Baghdatis,50,2016-06-22 07:30:51.828,2.08,2016-06-22 11:00:00,
1.125302124,2263560,Sam Querrey,Querrey v M Baghdatis,60,2016-06-22 07:43:53.325,2.12,2016-06-22 11:00:00,
1.125302124,2263560,Sam Querrey,Querrey v M Baghdatis,70,2016-06-22 08:28:07.514,2.12,2016-06-22 11:00:00,
1.125302124,2263560,Sam Querrey,Querrey v M Baghdatis,80,2016-06-22 10:06:13.759,2.18,2016-06-22 11:00:00,
1.125302124,2263560,Sam Querrey,Querrey v M Baghdatis,90,2016-06-22 10:30:01.492,2.16,2016-06-22 11:00:00,
1.125302124,2263560,Sam Querrey,Querrey v M Baghdatis,100,2016-06-22 10:48:10.115,2.18,2016-06-22 11:00:00,
1.125302438,2249835,Go Soeda,G Melzer v Soeda,0,2016-06-21 19:16:36.384,1.44,2016-06-22 10:00:00,
1.125302438,2249835,Go Soeda,G Melzer v Soeda,10,2016-06-22 04:37:23.068,1.58,2016-06-22 10:00:00,
1.125302438,2249835,Go Soeda,G Melzer v Soeda,20,2016-06-22 04:53:27.054,1.58,2016-06-22 10:00:00,
1.125302438,2249835,Go Soeda,G Melzer v Soeda,30,2016-06-22 05:14:58.396,1.57,2016-06-22 10:00:00,
1.125302438,2249835,Go Soeda,G Melzer v Soeda,40,2016-06-22 06:32:35.581,1.56,2016-06-22 10:00:00,
1.125302438,2249835,Go Soeda,G Melzer v Soeda,50,2016-06-22 07:57:18.303,1.57,2016-06-22 10:00:00,
1.125302438,2249835,Go Soeda,G Melzer v Soeda,60,2016-06-22 09:13:20.665,1.64,2016-06-22 10:00:00,
1.125302438,2249835,Go Soeda,G Melzer v Soeda,70,2016-06-22 09:29:29.722,1.62,2016-06-22 10:00:00,
1.125302438,2249835,Go Soeda,G Melzer v Soeda,80,2016-06-22 09:53:46.178,1.65,2016-06-22 10:00:00,
1.125302438,2249835,Go Soeda,G Melzer v Soeda,90,2016-06-22 09:55:00.010,1.58,2016-06-22 10:00:00,
1.125302438,2249835,Go Soeda,G Melzer v Soeda,100,2016-06-22 10:42:09.880,1.65,2016-06-22 11:00:00,
1.125302438,4876705,Gerald Melzer,G Melzer v Soeda,0,2016-06-21 19:16:36.384,3.3,2016-06-22 10:00:00,
1.125302438,4876705,Gerald Melzer,G Melzer v Soeda,10,2016-06-22 05:32:30.984,2.6,2016-06-22 10:00:00,
1.125302438,4876705,Gerald Melzer,G Melzer v Soeda,20,2016-06-22 06:12:21.817,2.72,2016-06-22 10:00:00,
1.125302438,4876705,Gerald Melzer,G Melzer v Soeda,30,2016-06-22 07:04:55.378,2.78,2016-06-22 10:00:00,
1.125302438,4876705,Gerald Melzer,G Melzer v Soeda,40,2016-06-22 07:46:27.844,2.78,2016-06-22 10:00:00,
1.125302438,4876705,Gerald Melzer,G Melzer v Soeda,50,2016-06-22 08:37:38.418,2.58,2016-06-22 10:00:00,
1.125302438,4876705,Gerald Melzer,G Melzer v Soeda,60,2016-06-22 09:32:14.588,2.58,2016-06-22 10:00:00,
1.125302438,4876705,Gerald Melzer,G Melzer v Soeda,70,2016-06-22 09:36:23.029,2.58,2016-06-22 10:00:00,
1.125302438,4876705,Gerald Melzer,G Melzer v Soeda,80,2016-06-22 09:44:25.976,2.58,2016-06-22 10:00:00,
1.125302438,4876705,Gerald Melzer,G Melzer v Soeda,90,2016-06-22 10:11:40.562,2.54,2016-06-22 10:15:00,
1.125302438,4876705,Gerald Melzer,G Melzer v Soeda,100,2016-06-22 10:42:09.880,2.54,2016-06-22 11:00:00,
1.125302443,5908538,Alexander Kudryavtsev,Da Nguyen v Kudryavtsev,0,2016-06-22 08:45:32.695,1.94,2016-06-22 12:00:00,
1.125302443,5908538,Alexander Kudryavtsev,Da Nguyen v Kudryavtsev,10,2016-06-22 08:59:16.198,1.74,2016-06-22 12:00:00,
1.125302443,5908538,Alexander Kudryavtsev,Da Nguyen v Kudryavtsev,20,2016-06-22 11:10:39.453,1.9,2016-06-22 13:02:00,
1.125302443,5908538,Alexander Kudryavtsev,Da Nguyen v Kudryavtsev,30,2016-06-22 11:11:39.279,1.91,2016-06-22 13:02:00,
1.125302443,5908538,Alexander Kudryavtsev,Da Nguyen v Kudryavtsev,40,2016-06-22 11:14:43.288,1.95,2016-06-22 13:02:00,
1.125302443,5908538,Alexander Kudryavtsev,Da Nguyen v Kudryavtsev,50,2016-06-22 11:20:37.559,1.9,2016-06-22 13:02:00,
1.125302443,5908538,Alexander Kudryavtsev,Da Nguyen v Kudryavtsev,60,2016-06-22 11:47:33.179,1.84,2016-06-22 13:02:00,
1.125302443,5908538,Alexander Kudryavtsev,Da Nguyen v Kudryavtsev,70,2016-06-22 11:52:27.632,1.99,2016-06-22 13:02:00,
1.125302443,5908538,Alexander Kudryavtsev,Da Nguyen v Kudryavtsev,80,2016-06-22 12:07:37.842,1.91,2016-06-22 13:02:00,
1.125302443,5908538,Alexander Kudryavtsev,Da Nguyen v Kudryavtsev,90,2016-06-22 12:17:33.855,2.0,2016-06-22 13:02:00,
1.125302443,5908538,Alexander Kudryavtsev,Da Nguyen v Kudryavtsev,100,2016-06-22 12:32:19.501,1.9,2016-06-22 13:02:00,
1.125302443,8349390,Daniel Nguyen,Da Nguyen v Kudryavtsev,0,2016-06-22 06:44:42.513,2.32,2016-06-22 12:00:00,
1.125302443,8349390,Daniel Nguyen,Da Nguyen v Kudryavtsev,10,2016-06-22 07:02:16.438,2.24,2016-06-22 12:00:00,
1.125302443,8349390,Daniel Nguyen,Da Nguyen v Kudryavtsev,20,2016-06-22 08:45:32.695,2.08,2016-06-22 12:00:00,
1.125302443,8349390,Daniel Nguyen,Da Nguyen v Kudryavtsev,30,2016-06-22 11:09:40.167,2.1,2016-06-22 13:02:00,
1.125302443,8349390,Daniel Nguyen,Da Nguyen v Kudryavtsev,40,2016-06-22 11:10:39.453,2.06,2016-06-22 13:02:00,
1.125302443,8349390,Daniel Nguyen,Da Nguyen v Kudryavtsev,50,2016-06-22 11:13:42.835,2.12,2016-06-22 13:02:00,
1.125302443,8349390,Daniel Nguyen,Da Nguyen v Kudryavtsev,60,2016-06-22 11:20:37.559,2.1,2016-06-22 13:02:00,
1.125302443,8349390,Daniel Nguyen,Da Nguyen v Kudryavtsev,70,2016-06-22 11:20:59.000,2.08,2016-06-22 13:02:00,
1.125302443,8349390,Daniel Nguyen,Da Nguyen v Kudryavtsev,80,2016-06-22 11:23:15.187,2.12,2016-06-22 13:02:00,
1.125302443,8349390,Daniel Nguyen,Da Nguyen v Kudryavtsev,90,2016-06-22 11:50:42.461,2.0,2016-06-22 13:02:00,
1.125302443,8349390,Daniel Nguyen,Da Nguyen v Kudryavtsev,100,2016-06-22 12:32:19.501,2.12,2016-06-22 13:02:00,
1.125302453,2283676,Carlos Berlocq,Berlocq v Reuter,0,2016-06-21 16:47:01.762,1.22,2016-06-22 15:30:00,
1.125302453,2283676,Carlos Berlocq,Berlocq v Reuter,10,2016-06-21 18:16:50.265,1.21,2016-06-22 15:30:00,
1.125302453,2283676,Carlos Berlocq,Berlocq v Reuter,20,2016-06-22 08:54:38.167,1.14,2016-06-22 15:30:00,
1.125302453,2283676,Carlos Berlocq,Berlocq v Reuter,30,2016-06-22 10:23:55.174,1.16,2016-06-22 15:30:00,
1.125302453,2283676,Carlos Berlocq,Berlocq v Reuter,40,2016-06-22 11:15:27.690,1.16,2016-06-22 15:30:00,
1.125302453,2283676,Carlos Berlocq,Berlocq v Reuter,50,2016-06-22 11:20:53.331,1.15,2016-06-22 15:30:00,
1.125302453,2283676,Carlos Berlocq,Berlocq v Reuter,60,2016-06-22 12:47:37.922,1.1,2016-06-22 15:30:00,
1.125302453,2283676,Carlos Berlocq,Berlocq v Reuter,70,2016-06-22 13:02:26.305,1.12,2016-06-22 15:30:00,
1.125302453,2283676,Carlos Berlocq,Berlocq v Reuter,80,2016-06-22 14:43:47.277,1.12,2016-06-22 15:30:00,
1.125302453,2283676,Carlos Berlocq,Berlocq v Reuter,90,2016-06-22 15:01:57.112,1.14,2016-06-22 15:30:00,
1.125302453,2283676,Carlos Berlocq,Berlocq v Reuter,100,2016-06-22 15:23:55.895,1.13,2016-06-22 15:30:00,
1.125302458,2248579,Gilles Muller,G Muller v Youzhny,0,2016-06-21 16:00:01.736,1.6,2016-06-22 12:00:00,
1.125302458,2248579,Gilles Muller,G Muller v Youzhny,10,2016-06-21 21:49:53.099,1.52,2016-06-22 15:00:00,
1.125302458,2248579,Gilles Muller,G Muller v Youzhny,20,2016-06-22 03:18:57.796,1.49,2016-06-22 15:00:00,
1.125302458,2248579,Gilles Muller,G Muller v Youzhny,30,2016-06-22 07:19:12.292,1.5,2016-06-22 15:00:00,
1.125302458,2248579,Gilles Muller,G Muller v Youzhny,40,2016-06-22 08:26:26.367,1.48,2016-06-22 15:00:00,
1.125302458,2248579,Gilles Muller,G Muller v Youzhny,50,2016-06-22 10:57:39.539,1.52,2016-06-22 14:46:00,
1.125302458,2248579,Gilles Muller,G Muller v Youzhny,60,2016-06-22 12:09:31.404,1.51,2016-06-22 14:46:00,
1.125302458,2248579,Gilles Muller,G Muller v Youzhny,70,2016-06-22 14:04:48.630,1.52,2016-06-22 15:05:00,
1.125302458,2248579,Gilles Muller,G Muller v Youzhny,80,2016-06-22 14:40:55.437,1.5,2016-06-22 15:05:00,
1.125302458,2248579,Gilles Muller,G Muller v Youzhny,90,2016-06-22 15:03:07.498,1.52,2016-06-22 15:05:00,
1.125302458,2248579,Gilles Muller,G Muller v Youzhny,100,2016-06-22 15:29:44.065,1.51,2016-06-22 15:35:00,
1.125302458,2263536,Mikhail Youzhny,G Muller v Youzhny,0,2016-06-21 16:00:01.736,2.68,2016-06-22 12:00:00,
1.125302458,2263536,Mikhail Youzhny,G Muller v Youzhny,10,2016-06-21 22:16:28.828,2.92,2016-06-22 15:00:00,
1.125302458,2263536,Mikhail Youzhny,G Muller v Youzhny,20,2016-06-22 03:00:53.241,3.0,2016-06-22 15:00:00,
1.125302458,2263536,Mikhail Youzhny,G Muller v Youzhny,30,2016-06-22 05:01:10.105,3.05,2016-06-22 15:00:00,
1.125302458,2263536,Mikhail Youzhny,G Muller v Youzhny,40,2016-06-22 09:30:15.409,2.96,2016-06-22 15:00:00,
1.125302458,2263536,Mikhail Youzhny,G Muller v Youzhny,50,2016-06-22 11:58:15.004,2.96,2016-06-22 14:46:00,
1.125302458,2263536,Mikhail Youzhny,G Muller v Youzhny,60,2016-06-22 13:27:14.992,2.92,2016-06-22 15:05:00,
1.125302458,2263536,Mikhail Youzhny,G Muller v Youzhny,70,2016-06-22 13:37:12.604,2.88,2016-06-22 15:05:00,
1.125302458,2263536,Mikhail Youzhny,G Muller v Youzhny,80,2016-06-22 14:45:37.900,3.0,2016-06-22 15:05:00,
1.125302458,2263536,Mikhail Youzhny,G Muller v Youzhny,90,2016-06-22 15:04:12.029,2.94,2016-06-22 15:05:00,
1.125302458,2263536,Mikhail Youzhny,G Muller v Youzhny,100,2016-06-22 15:47:05.671,2.96,2016-06-22 15:50:00,
1.125302573,8257807,Nikoloz Basilashvili,Basilashvili v Safwat,0,2016-06-21 20:34:29.780,1.12,2016-06-22 10:00:00,
1.125302573,8257807,Nikoloz Basilashvili,Basilashvili v Safwat,10,2016-06-22 06:35:39.029,1.13,2016-06-22 10:00:00,
1.125302573,8257807,Nikoloz Basilashvili,Basilashvili v Safwat,20,2016-06-22 07:02:37.727,1.18,2016-06-22 10:00:00,
1.125302573,8257807,Nikoloz Basilashvili,Basilashvili v Safwat,30,2016-06-22 08:05:26.452,1.13,2016-06-22 10:00:00,
1.125302573,8257807,Nikoloz Basilashvili,Basilashvili v Safwat,40,2016-06-22 08:32:56.719,1.13,2016-06-22 10:00:00,
1.125302573,8257807,Nikoloz Basilashvili,Basilashvili v Safwat,50,2016-06-22 09:10:28.052,1.18,2016-06-22 10:00:00,
1.125302573,8257807,Nikoloz Basilashvili,Basilashvili v Safwat,60,2016-06-22 09:51:34.652,1.17,2016-06-22 10:00:00,
1.125302573,8257807,Nikoloz Basilashvili,Basilashvili v Safwat,70,2016-06-22 09:55:39.403,1.16,2016-06-22 10:00:00,
1.125302573,8257807,Nikoloz Basilashvili,Basilashvili v Safwat,80,2016-06-22 09:58:40.033,1.16,2016-06-22 10:00:00,
1.125302573,8257807,Nikoloz Basilashvili,Basilashvili v Safwat,90,2016-06-22 10:00:21.908,1.14,2016-06-22 10:15:00,
1.125302573,8257807,Nikoloz Basilashvili,Basilashvili v Safwat,100,2016-06-22 10:44:14.294,1.14,2016-06-22 11:00:00,
1.125303565,2263684,Michael Berrer,Berrer v Corrie,0,2016-06-22 06:10:17.937,1.43,2016-06-22 10:00:00,
1.125303565,2263684,Michael Berrer,Berrer v Corrie,10,2016-06-22 08:04:37.255,1.38,2016-06-22 10:00:00,
1.125303565,2263684,Michael Berrer,Berrer v Corrie,20,2016-06-22 08:30:38.083,1.39,2016-06-22 10:00:00,
1.125303565,2263684,Michael Berrer,Berrer v Corrie,30,2016-06-22 08:32:32.449,1.5,2016-06-22 10:00:00,
1.125303565,2263684,Michael Berrer,Berrer v Corrie,40,2016-06-22 08:59:28.269,1.42,2016-06-22 10:00:00,
1.125303565,2263684,Michael Berrer,Berrer v Corrie,50,2016-06-22 09:28:19.963,1.51,2016-06-22 10:00:00,
1.125303565,2263684,Michael Berrer,Berrer v Corrie,60,2016-06-22 09:43:37.322,1.52,2016-06-22 10:00:00,
1.125303565,2263684,Michael Berrer,Berrer v Corrie,70,2016-06-22 09:44:36.556,1.44,2016-06-22 10:00:00,
1.125303565,2263684,Michael Berrer,Berrer v Corrie,80,2016-06-22 09:49:28.277,1.44,2016-06-22 10:00:00,
1.125303565,2263684,Michael Berrer,Berrer v Corrie,90,2016-06-22 09:54:23.261,1.44,2016-06-22 10:00:00,
1.125303565,2263684,Michael Berrer,Berrer v Corrie,100,2016-06-22 11:31:30.737,1.37,2016-06-22 11:45:00,
1.125303565,7337094,Edward Corrie,Berrer v Corrie,0,2016-06-22 06:10:17.937,3.3,2016-06-22 10:00:00,
1.125303565,7337094,Edward Corrie,Berrer v Corrie,10,2016-06-22 08:28:35.859,3.05,2016-06-22 10:00:00,
1.125303565,7337094,Edward Corrie,Berrer v Corrie,20,2016-06-22 08:31:37.719,2.86,2016-06-22 10:00:00,
1.125303565,7337094,Edward Corrie,Berrer v Corrie,30,2016-06-22 08:33:33.015,2.86,2016-06-22 10:00:00,
1.125303565,7337094,Edward Corrie,Berrer v Corrie,40,2016-06-22 09:10:29.584,3.2,2016-06-22 10:00:00,
1.125303565,7337094,Edward Corrie,Berrer v Corrie,50,2016-06-22 09:43:37.322,3.25,2016-06-22 10:00:00,
1.125303565,7337094,Edward Corrie,Berrer v Corrie,60,2016-06-22 09:44:36.556,2.92,2016-06-22 10:00:00,
1.125303565,7337094,Edward Corrie,Berrer v Corrie,70,2016-06-22 09:49:28.277,3.25,2016-06-22 10:00:00,
1.125303565,7337094,Edward Corrie,Berrer v Corrie,80,2016-06-22 09:54:23.261,3.25,2016-06-22 10:00:00,
1.125303565,7337094,Edward Corrie,Berrer v Corrie,90,2016-06-22 10:11:27.792,3.3,2016-06-22 10:15:00,
1.125303565,7337094,Edward Corrie,Berrer v Corrie,100,2016-06-22 11:21:30.427,3.0,2016-06-22 11:30:00,
1.12530357,8494652,Adam Pavlasek,Pavlasek v D King,0,2016-06-22 00:14:44.619,1.3,2016-06-22 13:00:00,
1.12530357,8494652,Adam Pavlasek,Pavlasek v D King,10,2016-06-22 03:47:38.859,1.24,2016-06-22 13:00:00,
1.12530357,8494652,Adam Pavlasek,Pavlasek v D King,20,2016-06-22 05:21:44.542,1.27,2016-06-22 13:00:00,
1.12530357,8494652,Adam Pavlasek,Pavlasek v D King,30,2016-06-22 09:25:15.584,1.26,2016-06-22 13:00:00,
1.12530357,8494652,Adam Pavlasek,Pavlasek v D King,40,2016-06-22 09:46:00.208,1.22,2016-06-22 12:00:00,
1.12530357,8494652,Adam Pavlasek,Pavlasek v D King,50,2016-06-22 09:50:31.530,1.24,2016-06-22 12:00:00,
1.12530357,8494652,Adam Pavlasek,Pavlasek v D King,60,2016-06-22 09:55:41.755,1.25,2016-06-22 12:00:00,
1.12530357,8494652,Adam Pavlasek,Pavlasek v D King,70,2016-06-22 12:42:27.933,1.23,2016-06-22 13:21:00,
1.12530357,8494652,Adam Pavlasek,Pavlasek v D King,80,2016-06-22 12:43:31.457,1.21,2016-06-22 13:21:00,
1.12530357,8494652,Adam Pavlasek,Pavlasek v D King,90,2016-06-22 12:46:34.739,1.22,2016-06-22 13:21:00,
1.12530357,8494652,Adam Pavlasek,Pavlasek v D King,100,2016-06-22 13:33:24.978,1.25,2016-06-22 13:46:00,
1.125303575,2263577,Agnieszka Radwanska,A Radwanska v Bouchard,0,2016-06-21 16:49:34.671,1.43,2016-06-22 12:00:00,
1.125303575,2263577,Agnieszka Radwanska,A Radwanska v Bouchard,10,2016-06-22 03:24:45.822,1.36,2016-06-22 12:00:00,
1.125303575,2263577,Agnieszka Radwanska,A Radwanska v Bouchard,20,2016-06-22 07:08:41.154,1.35,2016-06-22 12:00:00,
1.125303575,2263577,Agnieszka Radwanska,A Radwanska v Bouchard,30,2016-06-22 07:55:47.893,1.41,2016-06-22 12:00:00,
1.125303575,2263577,Agnieszka Radwanska,A Radwanska v Bouchard,40,2016-06-22 09:31:00.437,1.4,2016-06-22 12:00:00,
1.125303575,2263577,Agnieszka Radwanska,A Radwanska v Bouchard,50,2016-06-22 10:11:42.289,1.38,2016-06-22 12:00:00,
1.125303575,2263577,Agnieszka Radwanska,A Radwanska v Bouchard,60,2016-06-22 11:16:34.339,1.38,2016-06-22 12:00:00,
1.125303575,2263577,Agnieszka Radwanska,A Radwanska v Bouchard,70,2016-06-22 12:22:33.378,1.35,2016-06-22 12:30:00,
1.125303575,2263577,Agnieszka Radwanska,A Radwanska v Bouchard,80,2016-06-22 13:01:04.895,1.38,2016-06-22 13:15:00,
1.125303575,2263577,Agnieszka Radwanska,A Radwanska v Bouchard,90,2016-06-22 13:24:55.204,1.36,2016-06-22 13:30:00,
1.125303575,2263577,Agnieszka Radwanska,A Radwanska v Bouchard,100,2016-06-22 13:58:03.934,1.33,2016-06-22 14:00:00,
1.125303575,5704759,Eugenie Bouchard,A Radwanska v Bouchard,0,2016-06-21 16:49:34.671,3.35,2016-06-22 12:00:00,
1.125303575,5704759,Eugenie Bouchard,A Radwanska v Bouchard,10,2016-06-22 05:03:04.273,3.7,2016-06-22 12:00:00,
1.125303575,5704759,Eugenie Bouchard,A Radwanska v Bouchard,20,2016-06-22 07:34:32.771,3.6,2016-06-22 12:00:00,
1.125303575,5704759,Eugenie Bouchard,A Radwanska v Bouchard,30,2016-06-22 07:52:39.696,3.5,2016-06-22 12:00:00,
1.125303575,5704759,Eugenie Bouchard,A Radwanska v Bouchard,40,2016-06-22 08:37:27.453,3.45,2016-06-22 12:00:00,
1.125303575,5704759,Eugenie Bouchard,A Radwanska v Bouchard,50,2016-06-22 09:47:55.352,3.45,2016-06-22 12:00:00,
1.125303575,5704759,Eugenie Bouchard,A Radwanska v Bouchard,60,2016-06-22 11:05:46.408,3.6,2016-06-22 12:00:00,
1.125303575,5704759,Eugenie Bouchard,A Radwanska v Bouchard,70,2016-06-22 12:21:58.641,3.75,2016-06-22 12:30:00,
1.125303575,5704759,Eugenie Bouchard,A Radwanska v Bouchard,80,2016-06-22 13:25:53.418,3.7,2016-06-22 13:30:00,
1.125303575,5704759,Eugenie Bouchard,A Radwanska v Bouchard,90,2016-06-22 13:45:43.845,3.85,2016-06-22 14:00:00,
1.125303575,5704759,Eugenie Bouchard,A Radwanska v Bouchard,100,2016-06-22 13:58:03.934,3.9,2016-06-22 14:00:00,
1.125303629,2309522,Caroline Wozniacki,Puig v Wozniacki,0,2016-06-21 15:56:13.645,1.59,2016-06-22 12:00:00,
1.125303629,2309522,Caroline Wozniacki,Puig v Wozniacki,10,2016-06-21 21:38:35.510,1.59,2016-06-22 10:00:00,
1.125303629,2309522,Caroline Wozniacki,Puig v Wozniacki,20,2016-06-22 04:45:35.387,1.6,2016-06-22 10:00:00,
1.125303629,2309522,Caroline Wozniacki,Puig v Wozniacki,30,2016-06-22 06:50:09.553,1.57,2016-06-22 10:00:00,
1.125303629,2309522,Caroline Wozniacki,Puig v Wozniacki,40,2016-06-22 07:44:59.095,1.53,2016-06-22 10:00:00,
1.125303629,2309522,Caroline Wozniacki,Puig v Wozniacki,50,2016-06-22 08:23:51.425,1.5,2016-06-22 10:00:00,
1.125303629,2309522,Caroline Wozniacki,Puig v Wozniacki,60,2016-06-22 08:53:13.385,1.5,2016-06-22 10:00:00,
1.125303629,2309522,Caroline Wozniacki,Puig v Wozniacki,70,2016-06-22 09:26:12.038,1.49,2016-06-22 10:00:00,
1.125303629,2309522,Caroline Wozniacki,Puig v Wozniacki,80,2016-06-22 09:52:01.688,1.52,2016-06-22 10:00:00,
1.125303629,2309522,Caroline Wozniacki,Puig v Wozniacki,90,2016-06-22 10:15:13.537,1.51,2016-06-22 10:30:00,
1.125303629,2309522,Caroline Wozniacki,Puig v Wozniacki,100,2016-06-22 11:24:10.263,1.51,2016-06-22 11:30:00,
1.125303629,5374368,Monica Puig,Puig v Wozniacki,0,2016-06-21 21:25:52.293,2.66,2016-06-22 10:00:00,
1.125303629,5374368,Monica Puig,Puig v Wozniacki,10,2016-06-22 03:09:46.920,2.66,2016-06-22 10:00:00,
1.125303629,5374368,Monica Puig,Puig v Wozniacki,20,2016-06-22 05:34:59.843,2.74,2016-06-22 10:00:00,
1.125303629,5374368,Monica Puig,Puig v Wozniacki,30,2016-06-22 07:46:53.588,2.94,2016-06-22 10:00:00,
1.125303629,5374368,Monica Puig,Puig v Wozniacki,40,2016-06-22 08:10:59.102,3.0,2016-06-22 10:00:00,
1.125303629,5374368,Monica Puig,Puig v Wozniacki,50,2016-06-22 08:56:02.721,2.96,2016-06-22 10:00:00,
1.125303629,5374368,Monica Puig,Puig v Wozniacki,60,2016-06-22 09:39:54.239,3.15,2016-06-22 10:00:00,
1.125303629,5374368,Monica Puig,Puig v Wozniacki,70,2016-06-22 09:50:13.085,2.92,2016-06-22 10:00:00,
1.125303629,5374368,Monica Puig,Puig v Wozniacki,80,2016-06-22 10:17:12.009,2.96,2016-06-22 10:30:00,
1.125303629,5374368,Monica Puig,Puig v Wozniacki,90,2016-06-22 10:48:58.895,2.94,2016-06-22 11:00:00,
1.125303629,5374368,Monica Puig,Puig v Wozniacki,100,2016-06-22 11:17:08.697,2.94,2016-06-22 11:30:00,
1.125303742,2257535,Andreas Seppi,A Mannarino v Seppi,0,2016-06-21 20:01:18.147,2.32,2016-06-22 10:00:00,
1.125303742,2257535,Andreas Seppi,A Mannarino v Seppi,10,2016-06-21 21:23:39.879,2.2,2016-06-22 10:00:00,
1.125303742,2257535,Andreas Seppi,A Mannarino v Seppi,20,2016-06-22 01:10:05.362,2.16,2016-06-22 10:00:00,
1.125303742,2257535,Andreas Seppi,A Mannarino v Seppi,30,2016-06-22 05:33:32.044,2.24,2016-06-22 10:00:00,
1.125303742,2257535,Andreas Seppi,A Mannarino v Seppi,40,2016-06-22 07:05:23.541,2.18,2016-06-22 10:00:00,
1.125303742,2257535,Andreas Seppi,A Mannarino v Seppi,50,2016-06-22 07:32:12.295,2.2,2016-06-22 10:00:00,
1.125303742,2257535,Andreas Seppi,A Mannarino v Seppi,60,2016-06-22 08:10:38.088,2.26,2016-06-22 10:00:00,
1.125303742,2257535,Andreas Seppi,A Mannarino v Seppi,70,2016-06-22 08:39:36.602,2.22,2016-06-22 10:00:00,
1.125303742,2257535,Andreas Seppi,A Mannarino v Seppi,80,2016-06-22 09:15:39.361,2.28,2016-06-22 10:00:00,
1.125303742,2257535,Andreas Seppi,A Mannarino v Seppi,90,2016-06-22 09:35:03.749,2.3,2016-06-22 10:00:00,
1.125303742,2257535,Andreas Seppi,A Mannarino v Seppi,100,2016-06-22 09:47:19.924,2.26,2016-06-22 10:00:00,
1.125303742,3066621,Adrian Mannarino,A Mannarino v Seppi,0,2016-06-21 18:50:49.372,1.75,2016-06-22 10:00:00,
1.125303742,3066621,Adrian Mannarino,A Mannarino v Seppi,10,2016-06-21 21:27:55.122,1.87,2016-06-22 10:00:00,
1.125303742,3066621,Adrian Mannarino,A Mannarino v Seppi,20,2016-06-22 00:16:59.914,1.81,2016-06-22 10:00:00,
1.125303742,3066621,Adrian Mannarino,A Mannarino v Seppi,30,2016-06-22 03:20:35.449,1.84,2016-06-22 10:00:00,
1.125303742,3066621,Adrian Mannarino,A Mannarino v Seppi,40,2016-06-22 05:55:37.163,1.84,2016-06-22 10:00:00,
1.125303742,3066621,Adrian Mannarino,A Mannarino v Seppi,50,2016-06-22 06:53:39.881,1.81,2016-06-22 10:00:00,
1.125303742,3066621,Adrian Mannarino,A Mannarino v Seppi,60,2016-06-22 07:52:30.787,1.85,2016-06-22 10:00:00,
1.125303742,3066621,Adrian Mannarino,A Mannarino v Seppi,70,2016-06-22 08:24:23.038,1.8,2016-06-22 10:00:00,
1.125303742,3066621,Adrian Mannarino,A Mannarino v Seppi,80,2016-06-22 09:02:08.123,1.81,2016-06-22 10:00:00,
1.125303742,3066621,Adrian Mannarino,A Mannarino v Seppi,90,2016-06-22 09:28:44.128,1.78,2016-06-22 10:00:00,
1.125303742,3066621,Adrian Mannarino,A Mannarino v Seppi,100,2016-06-22 09:48:35.110,1.79,2016-06-22 10:00:00,
1.12530401,2395076,Daniel Brands,Ramanathan v Brands,0,2016-06-21 20:19:57.072,1.28,2016-06-22 12:00:00,
1.12530401,2395076,Daniel Brands,Ramanathan v Brands,10,2016-06-22 01:49:34.354,1.24,2016-06-22 12:00:00,
1.12530401,2395076,Daniel Brands,Ramanathan v Brands,20,2016-06-22 02:19:32.776,1.23,2016-06-22 12:00:00,
1.12530401,2395076,Daniel Brands,Ramanathan v Brands,30,2016-06-22 07:03:58.641,1.15,2016-06-22 12:00:00,
1.12530401,2395076,Daniel Brands,Ramanathan v Brands,40,2016-06-22 08:48:22.443,1.25,2016-06-22 12:00:00,
1.12530401,2395076,Daniel Brands,Ramanathan v Brands,50,2016-06-22 08:54:10.014,1.26,2016-06-22 12:00:00,
1.12530401,2395076,Daniel Brands,Ramanathan v Brands,60,2016-06-22 08:55:37.120,1.27,2016-06-22 12:00:00,
1.12530401,2395076,Daniel Brands,Ramanathan v Brands,70,2016-06-22 08:59:15.988,1.18,2016-06-22 12:00:00,
1.12530401,2395076,Daniel Brands,Ramanathan v Brands,80,2016-06-22 11:49:29.269,1.28,2016-06-22 13:04:00,
1.12530401,2395076,Daniel Brands,Ramanathan v Brands,90,2016-06-22 12:20:34.794,1.18,2016-06-22 13:04:00,
1.12530401,2395076,Daniel Brands,Ramanathan v Brands,100,2016-06-22 12:58:30.952,1.28,2016-06-22 13:06:00,
1.125304015,8842295,Gregoire Barrere,Olivetti v Barrere,0,2016-06-21 23:54:07.775,1.82,2016-06-22 10:00:00,
1.125304015,8842295,Gregoire Barrere,Olivetti v Barrere,10,2016-06-22 02:19:22.376,1.92,2016-06-22 10:00:00,
1.125304015,8842295,Gregoire Barrere,Olivetti v Barrere,20,2016-06-22 05:24:05.561,1.69,2016-06-22 10:00:00,
1.125304015,8842295,Gregoire Barrere,Olivetti v Barrere,30,2016-06-22 06:50:39.413,1.64,2016-06-22 10:00:00,
1.125304015,8842295,Gregoire Barrere,Olivetti v Barrere,40,2016-06-22 08:29:25.622,1.67,2016-06-22 10:00:00,
1.125304015,8842295,Gregoire Barrere,Olivetti v Barrere,50,2016-06-22 08:59:27.169,1.65,2016-06-22 10:00:00,
1.125304015,8842295,Gregoire Barrere,Olivetti v Barrere,60,2016-06-22 09:03:10.000,1.64,2016-06-22 10:00:00,
1.125304015,8842295,Gregoire Barrere,Olivetti v Barrere,70,2016-06-22 09:55:29.230,1.61,2016-06-22 10:00:00,
1.125304015,8842295,Gregoire Barrere,Olivetti v Barrere,80,2016-06-22 10:00:30.791,1.57,2016-06-22 10:15:00,
1.125304015,8842295,Gregoire Barrere,Olivetti v Barrere,90,2016-06-22 10:01:03.281,1.58,2016-06-22 10:15:00,
1.125304015,8842295,Gregoire Barrere,Olivetti v Barrere,100,2016-06-22 10:56:30.465,1.58,2016-06-22 11:00:00,
1.125304021,7659623,Karen Khachanov,Khachanov v Lopez-Perez,0,2016-06-21 20:58:06.368,1.11,2016-06-22 10:00:00,
1.125304021,7659623,Karen Khachanov,Khachanov v Lopez-Perez,10,2016-06-21 23:22:53.235,1.12,2016-06-22 10:00:00,
1.125304021,7659623,Karen Khachanov,Khachanov v Lopez-Perez,20,2016-06-22 03:32:24.556,1.12,2016-06-22 10:00:00,
1.125304021,7659623,Karen Khachanov,Khachanov v Lopez-Perez,30,2016-06-22 04:45:43.735,1.15,2016-06-22 10:00:00,
1.125304021,7659623,Karen Khachanov,Khachanov v Lopez-Perez,40,2016-06-22 07:08:06.606,1.15,2016-06-22 10:00:00,
1.125304021,7659623,Karen Khachanov,Khachanov v Lopez-Perez,50,2016-06-22 08:51:43.814,1.15,2016-06-22 10:00:00,
1.125304021,7659623,Karen Khachanov,Khachanov v Lopez-Perez,60,2016-06-22 08:59:15.619,1.14,2016-06-22 10:00:00,
1.125304021,7659623,Karen Khachanov,Khachanov v Lopez-Perez,70,2016-06-22 09:35:28.246,1.14,2016-06-22 10:00:00,
1.125304021,7659623,Karen Khachanov,Khachanov v Lopez-Perez,80,2016-06-22 09:57:43.355,1.1,2016-06-22 10:00:00,
1.125304021,7659623,Karen Khachanov,Khachanov v Lopez-Perez,90,2016-06-22 11:15:36.966,1.13,2016-06-22 11:30:00,
1.125304021,7659623,Karen Khachanov,Khachanov v Lopez-Perez,100,2016-06-22 11:23:28.441,1.13,2016-06-22 11:30:00,
1.125304032,2301068,Rogerio Dutra Silva,Dutra Silva v De Greef,0,2016-06-22 06:16:02.547,1.23,2016-06-23 12:00:00,
1.125304032,2301068,Rogerio Dutra Silva,Dutra Silva v De Greef,10,2016-06-22 08:35:42.333,1.34,2016-06-23 12:00:00,
1.125304032,2301068,Rogerio Dutra Silva,Dutra Silva v De Greef,20,2016-06-22 19:20:20.203,1.28,2016-06-23 10:00:00,
1.125304032,2301068,Rogerio Dutra Silva,Dutra Silva v De Greef,30,2016-06-22 19:41:00.286,1.34,2016-06-23 10:00:00,
1.125304032,2301068,Rogerio Dutra Silva,Dutra Silva v De Greef,40,2016-06-23 05:45:05.275,1.24,2016-06-23 10:00:00,
1.125304032,2301068,Rogerio Dutra Silva,Dutra Silva v De Greef,50,2016-06-23 06:00:30.113,1.27,2016-06-23 10:00:00,
1.125304032,2301068,Rogerio Dutra Silva,Dutra Silva v De Greef,60,2016-06-23 07:36:41.930,1.28,2016-06-23 10:00:00,
1.125304032,2301068,Rogerio Dutra Silva,Dutra Silva v De Greef,70,2016-06-23 08:09:09.831,1.27,2016-06-23 10:00:00,
1.125304032,2301068,Rogerio Dutra Silva,Dutra Silva v De Greef,80,2016-06-23 08:37:08.597,1.26,2016-06-23 10:00:00,
1.125304032,2301068,Rogerio Dutra Silva,Dutra Silva v De Greef,90,2016-06-23 09:32:08.374,1.28,2016-06-23 10:00:00,
1.125304032,2301068,Rogerio Dutra Silva,Dutra Silva v De Greef,100,2016-06-23 09:45:11.843,1.28,2016-06-23 10:00:00,
1.125304445,2249832,Frank Dancevic,Dancevic v Dolgopolov,0,2016-06-21 23:33:41.792,4.7,2016-06-22 14:00:00,
1.125304445,2249832,Frank Dancevic,Dancevic v Dolgopolov,10,2016-06-22 03:12:52.848,4.6,2016-06-22 14:00:00,
1.125304445,2249832,Frank Dancevic,Dancevic v Dolgopolov,20,2016-06-22 08:02:56.542,4.9,2016-06-22 14:00:00,
1.125304445,2249832,Frank Dancevic,Dancevic v Dolgopolov,30,2016-06-22 09:34:55.055,4.9,2016-06-22 14:00:00,
1.125304445,2249832,Frank Dancevic,Dancevic v Dolgopolov,40,2016-06-22 09:57:37.484,4.8,2016-06-22 13:47:00,
1.125304445,2249832,Frank Dancevic,Dancevic v Dolgopolov,50,2016-06-22 10:45:08.437,4.7,2016-06-22 13:47:00,
1.125304445,2249832,Frank Dancevic,Dancevic v Dolgopolov,60,2016-06-22 10:47:35.275,4.8,2016-06-22 13:47:00,
1.125304445,2249832,Frank Dancevic,Dancevic v Dolgopolov,70,2016-06-22 10:53:15.227,4.8,2016-06-22 13:47:00,
1.125304445,2249832,Frank Dancevic,Dancevic v Dolgopolov,80,2016-06-22 12:16:15.181,4.8,2016-06-22 13:25:00,
1.125304445,2249832,Frank Dancevic,Dancevic v Dolgopolov,90,2016-06-22 12:35:40.825,4.8,2016-06-22 13:25:00,
1.125304445,2249832,Frank Dancevic,Dancevic v Dolgopolov,100,2016-06-22 13:23:05.496,4.6,2016-06-22 13:25:00,
1.125304445,4720522,Alexandr Dolgopolov,Dancevic v Dolgopolov,0,2016-06-21 19:42:43.671,1.27,2016-06-22 14:00:00,
1.125304445,4720522,Alexandr Dolgopolov,Dancevic v Dolgopolov,10,2016-06-22 03:23:16.889,1.28,2016-06-22 14:00:00,
1.125304445,4720522,Alexandr Dolgopolov,Dancevic v Dolgopolov,20,2016-06-22 05:49:26.739,1.27,2016-06-22 14:00:00,
1.125304445,4720522,Alexandr Dolgopolov,Dancevic v Dolgopolov,30,2016-06-22 08:22:41.051,1.26,2016-06-22 14:00:00,
1.125304445,4720522,Alexandr Dolgopolov,Dancevic v Dolgopolov,40,2016-06-22 08:40:17.458,1.26,2016-06-22 14:00:00,
1.125304445,4720522,Alexandr Dolgopolov,Dancevic v Dolgopolov,50,2016-06-22 09:51:15.876,1.27,2016-06-22 13:47:00,
1.125304445,4720522,Alexandr Dolgopolov,Dancevic v Dolgopolov,60,2016-06-22 10:00:40.770,1.28,2016-06-22 13:47:00,
1.125304445,4720522,Alexandr Dolgopolov,Dancevic v Dolgopolov,70,2016-06-22 11:21:16.635,1.26,2016-06-22 13:47:00,
1.125304445,4720522,Alexandr Dolgopolov,Dancevic v Dolgopolov,80,2016-06-22 11:57:16.270,1.27,2016-06-22 13:25:00,
1.125304445,4720522,Alexandr Dolgopolov,Dancevic v Dolgopolov,90,2016-06-22 12:26:03.607,1.26,2016-06-22 13:25:00,
1.125304445,4720522,Alexandr Dolgopolov,Dancevic v Dolgopolov,100,2016-06-22 13:24:04.923,1.26,2016-06-22 13:25:00,
1.125305723,6079501,Ashleigh Barty,Barty v Kumkhum,0,2016-06-22 04:29:23.847,1.21,2016-06-22 14:00:00,
1.125305723,6079501,Ashleigh Barty,Barty v Kumkhum,10,2016-06-22 05:46:08.888,1.2,2016-06-22 14:00:00,
1.125305723,6079501,Ashleigh Barty,Barty v Kumkhum,20,2016-06-22 11:12:15.579,1.16,2016-06-22 14:00:00,
1.125305723,6079501,Ashleigh Barty,Barty v Kumkhum,30,2016-06-22 12:40:15.214,1.15,2016-06-22 14:45:00,
1.125305723,6079501,Ashleigh Barty,Barty v Kumkhum,40,2016-06-22 14:54:36.177,1.17,2016-06-22 16:58:00,
1.125305723,6079501,Ashleigh Barty,Barty v Kumkhum,50,2016-06-22 16:03:32.740,1.19,2016-06-22 16:59:00,
1.125305723,6079501,Ashleigh Barty,Barty v Kumkhum,60,2016-06-22 16:04:12.846,1.17,2016-06-22 16:59:00,
1.125305723,6079501,Ashleigh Barty,Barty v Kumkhum,70,2016-06-22 16:18:34.052,1.18,2016-06-22 16:59:00,
1.125305723,6079501,Ashleigh Barty,Barty v Kumkhum,80,2016-06-22 16:25:25.622,1.19,2016-06-22 16:29:00,
1.125305723,6079501,Ashleigh Barty,Barty v Kumkhum,90,2016-06-22 16:27:27.445,1.17,2016-06-22 16:29:00,
1.125305723,6079501,Ashleigh Barty,Barty v Kumkhum,100,2016-06-22 16:33:10.866,1.19,2016-06-22 16:44:00,
1.12530574,4729711,Misaki Doi,Doi v Ka Pliskova,0,2016-06-21 19:41:01.292,4.5,2016-06-22 16:00:00,
1.12530574,4729711,Misaki Doi,Doi v Ka Pliskova,10,2016-06-22 07:56:45.158,4.7,2016-06-22 16:00:00,
1.12530574,4729711,Misaki Doi,Doi v Ka Pliskova,20,2016-06-22 13:03:41.231,4.3,2016-06-22 17:28:00,
1.12530574,4729711,Misaki Doi,Doi v Ka Pliskova,30,2016-06-22 19:10:11.363,21.0,2016-06-23 10:30:00,2016-06-22 17:25:53.438
1.12530574,4729711,Misaki Doi,Doi v Ka Pliskova,40,2016-06-22 20:06:45.111,20.0,2016-06-23 10:30:00,2016-06-22 17:25:53.438
1.12530574,4729711,Misaki Doi,Doi v Ka Pliskova,50,2016-06-22 20:47:48.034,17.5,2016-06-23 10:30:00,2016-06-22 17:25:53.438
1.12530574,4729711,Misaki Doi,Doi v Ka Pliskova,60,2016-06-22 21:50:24.367,16.5,2016-06-23 10:30:00,2016-06-22 17:25:53.438
1.12530574,4729711,Misaki Doi,Doi v Ka Pliskova,70,2016-06-22 23:21:14.222,15.5,2016-06-23 10:30:00,2016-06-22 17:25:53.438
1.12530574,4729711,Misaki Doi,Doi v Ka Pliskova,80,2016-06-23 06:21:15.075,17.0,2016-06-23 10:30:00,2016-06-22 17:25:53.438
1.12530574,4729711,Misaki Doi,Doi v Ka Pliskova,90,2016-06-23 08:58:25.655,18.0,2016-06-23 10:30:00,2016-06-22 17:25:53.438
1.12530574,4729711,Misaki Doi,Doi v Ka Pliskova,100,2016-06-23 10:28:50.737,26.0,2016-06-23 10:30:00,2016-06-22 17:25:53.438
1.12530574,6199453,Karolina Pliskova,Doi v Ka Pliskova,0,2016-06-21 19:41:01.292,1.29,2016-06-22 16:00:00,
1.12530574,6199453,Karolina Pliskova,Doi v Ka Pliskova,10,2016-06-22 08:42:22.556,1.25,2016-06-22 16:00:00,
1.12530574,6199453,Karolina Pliskova,Doi v Ka Pliskova,20,2016-06-22 15:04:11.019,1.3,2016-06-22 17:40:00,
1.12530574,6199453,Karolina Pliskova,Doi v Ka Pliskova,30,2016-06-22 19:44:26.547,1.05,2016-06-23 10:30:00,2016-06-22 17:25:53.438
1.12530574,6199453,Karolina Pliskova,Doi v Ka Pliskova,40,2016-06-22 20:55:48.186,1.07,2016-06-23 10:30:00,2016-06-22 17:25:53.438
1.12530574,6199453,Karolina Pliskova,Doi v Ka Pliskova,50,2016-06-22 22:47:32.312,1.06,2016-06-23 10:30:00,2016-06-22 17:25:53.438
1.12530574,6199453,Karolina Pliskova,Doi v Ka Pliskova,60,2016-06-23 04:10:37.244,1.06,2016-06-23 10:30:00,2016-06-22 17:25:53.438
1.12530574,6199453,Karolina Pliskova,Doi v Ka Pliskova,70,2016-06-23 07:13:57.266,1.06,2016-06-23 10:30:00,2016-06-22 17:25:53.438
1.12530574,6199453,Karolina Pliskova,Doi v Ka Pliskova,80,2016-06-23 08:22:23.663,1.06,2016-06-23 10:30:00,2016-06-22 17:25:53.438
1.12530574,6199453,Karolina Pliskova,Doi v Ka Pliskova,90,2016-06-23 09:22:49.545,1.06,2016-06-23 10:30:00,2016-06-22 17:25:53.438
1.12530574,6199453,Karolina Pliskova,Doi v Ka Pliskova,100,2016-06-23 10:26:51.698,1.05,2016-06-23 10:30:00,2016-06-22 17:25:53.438
1.125305796,4876706,Steve Johnson,V Pospisil v St Johnson,0,2016-06-21 18:41:37.107,1.95,2016-06-22 16:00:00,
1.125305796,4876706,Steve Johnson,V Pospisil v St Johnson,10,2016-06-21 22:49:41.773,1.6,2016-06-22 16:00:00,
1.125305796,4876706,Steve Johnson,V Pospisil v St Johnson,20,2016-06-22 05:52:47.609,1.54,2016-06-22 16:00:00,
1.125305796,4876706,Steve Johnson,V Pospisil v St Johnson,30,2016-06-22 07:58:38.640,1.57,2016-06-22 16:00:00,
1.125305796,4876706,Steve Johnson,V Pospisil v St Johnson,40,2016-06-22 08:59:16.617,1.56,2016-06-22 16:00:00,
1.125305796,4876706,Steve Johnson,V Pospisil v St Johnson,50,2016-06-22 10:26:47.037,1.59,2016-06-22 15:47:00,
1.125305796,4876706,Steve Johnson,V Pospisil v St Johnson,60,2016-06-22 11:37:06.390,1.61,2016-06-22 15:25:00,
1.125305796,4876706,Steve Johnson,V Pospisil v St Johnson,70,2016-06-22 13:36:12.759,1.64,2016-06-22 15:24:00,
1.125305796,4876706,Steve Johnson,V Pospisil v St Johnson,80,2016-06-22 13:54:07.226,1.66,2016-06-22 15:24:00,
1.125305796,4876706,Steve Johnson,V Pospisil v St Johnson,90,2016-06-22 14:08:18.335,1.62,2016-06-22 15:24:00,
1.125305796,4876706,Steve Johnson,V Pospisil v St Johnson,100,2016-06-22 14:54:10.246,1.59,2016-06-22 15:00:00,
1.125305796,4903598,Vasek Pospisil,V Pospisil v St Johnson,0,2016-06-21 18:44:20.966,2.06,2016-06-22 16:00:00,
1.125305796,4903598,Vasek Pospisil,V Pospisil v St Johnson,10,2016-06-21 22:49:41.773,2.66,2016-06-22 16:00:00,
1.125305796,4903598,Vasek Pospisil,V Pospisil v St Johnson,20,2016-06-22 08:07:18.303,2.8,2016-06-22 16:00:00,
1.125305796,4903598,Vasek Pospisil,V Pospisil v St Johnson,30,2016-06-22 09:24:38.811,2.74,2016-06-22 16:00:00,
1.125305796,4903598,Vasek Pospisil,V Pospisil v St Johnson,40,2016-06-22 10:45:48.323,2.7,2016-06-22 15:47:00,
1.125305796,4903598,Vasek Pospisil,V Pospisil v St Johnson,50,2016-06-22 12:52:27.512,2.58,2016-06-22 15:25:00,
1.125305796,4903598,Vasek Pospisil,V Pospisil v St Johnson,60,2016-06-22 13:34:56.764,2.58,2016-06-22 15:24:00,
1.125305796,4903598,Vasek Pospisil,V Pospisil v St Johnson,70,2016-06-22 13:37:16.880,2.54,2016-06-22 15:24:00,
1.125305796,4903598,Vasek Pospisil,V Pospisil v St Johnson,80,2016-06-22 13:53:20.156,2.52,2016-06-22 15:24:00,
1.125305796,4903598,Vasek Pospisil,V Pospisil v St Johnson,90,2016-06-22 14:08:18.335,2.6,2016-06-22 15:24:00,
1.125305796,4903598,Vasek Pospisil,V Pospisil v St Johnson,100,2016-06-22 14:50:13.885,2.66,2016-06-22 15:00:00,
1.125305883,2291864,Kateryna Bondarenko,Cibulkova v K Bondarenko,0,2016-06-21 21:16:02.444,2.98,2016-06-22 10:00:00,
1.125305883,2291864,Kateryna Bondarenko,Cibulkova v K Bondarenko,10,2016-06-22 03:55:00.984,2.92,2016-06-22 10:00:00,
1.125305883,2291864,Kateryna Bondarenko,Cibulkova v K Bondarenko,20,2016-06-22 07:57:08.725,3.05,2016-06-22 10:00:00,
1.125305883,2291864,Kateryna Bondarenko,Cibulkova v K Bondarenko,30,2016-06-22 09:02:03.199,2.82,2016-06-22 10:00:00,
1.125305883,2291864,Kateryna Bondarenko,Cibulkova v K Bondarenko,40,2016-06-22 09:06:02.543,2.88,2016-06-22 10:00:00,
1.125305883,2291864,Kateryna Bondarenko,Cibulkova v K Bondarenko,50,2016-06-22 09:22:39.410,2.82,2016-06-22 10:00:00,
1.125305883,2291864,Kateryna Bondarenko,Cibulkova v K Bondarenko,60,2016-06-22 09:24:57.297,2.84,2016-06-22 10:00:00,
1.125305883,2291864,Kateryna Bondarenko,Cibulkova v K Bondarenko,70,2016-06-22 09:40:02.115,2.88,2016-06-22 10:00:00,
1.125305883,2291864,Kateryna Bondarenko,Cibulkova v K Bondarenko,80,2016-06-22 09:55:02.596,2.84,2016-06-22 10:00:00,
1.125305883,2291864,Kateryna Bondarenko,Cibulkova v K Bondarenko,90,2016-06-22 10:00:01.902,3.0,2016-06-22 10:15:00,
1.125305883,2291864,Kateryna Bondarenko,Cibulkova v K Bondarenko,100,2016-06-22 11:26:00.636,3.1,2016-06-22 11:30:00,
1.125305883,2301145,Dominika Cibulkova,Cibulkova v K Bondarenko,0,2016-06-21 20:44:55.816,1.49,2016-06-22 10:00:00,
1.125305883,2301145,Dominika Cibulkova,Cibulkova v K Bondarenko,10,2016-06-22 00:01:00.436,1.52,2016-06-22 10:00:00,
1.125305883,2301145,Dominika Cibulkova,Cibulkova v K Bondarenko,20,2016-06-22 07:12:43.051,1.52,2016-06-22 10:00:00,
1.125305883,2301145,Dominika Cibulkova,Cibulkova v K Bondarenko,30,2016-06-22 08:13:00.827,1.5,2016-06-22 10:00:00,
1.125305883,2301145,Dominika Cibulkova,Cibulkova v K Bondarenko,40,2016-06-22 08:56:10.213,1.49,2016-06-22 10:00:00,
1.125305883,2301145,Dominika Cibulkova,Cibulkova v K Bondarenko,50,2016-06-22 09:08:07.928,1.54,2016-06-22 10:00:00,
1.125305883,2301145,Dominika Cibulkova,Cibulkova v K Bondarenko,60,2016-06-22 09:40:56.429,1.53,2016-06-22 10:00:00,
1.125305883,2301145,Dominika Cibulkova,Cibulkova v K Bondarenko,70,2016-06-22 09:59:00.804,1.51,2016-06-22 10:00:00,
1.125305883,2301145,Dominika Cibulkova,Cibulkova v K Bondarenko,80,2016-06-22 10:18:00.718,1.47,2016-06-22 10:30:00,
1.125305883,2301145,Dominika Cibulkova,Cibulkova v K Bondarenko,90,2016-06-22 10:46:56.419,1.48,2016-06-22 11:00:00,
1.125305883,2301145,Dominika Cibulkova,Cibulkova v K Bondarenko,100,2016-06-22 11:27:59.345,1.47,2016-06-22 11:30:00,
1.125305898,2497008,Petra Kvitova,Kvitova v Konta,0,2016-06-21 19:31:45.221,1.45,2016-06-22 12:00:00,
1.125305898,2497008,Petra Kvitova,Kvitova v Konta,10,2016-06-22 05:00:16.784,1.53,2016-06-22 14:00:00,
1.125305898,2497008,Petra Kvitova,Kvitova v Konta,20,2016-06-22 06:10:21.794,1.52,2016-06-22 14:00:00,
1.125305898,2497008,Petra Kvitova,Kvitova v Konta,30,2016-06-22 08:10:25.026,1.47,2016-06-22 14:00:00,
1.125305898,2497008,Petra Kvitova,Kvitova v Konta,40,2016-06-22 08:48:56.517,1.46,2016-06-22 14:00:00,
1.125305898,2497008,Petra Kvitova,Kvitova v Konta,50,2016-06-22 11:27:09.373,1.47,2016-06-22 14:00:00,
1.125305898,2497008,Petra Kvitova,Kvitova v Konta,60,2016-06-22 12:40:56.424,1.5,2016-06-22 14:45:00,
1.125305898,2497008,Petra Kvitova,Kvitova v Konta,70,2016-06-22 13:17:53.831,1.51,2016-06-22 15:30:00,
1.125305898,2497008,Petra Kvitova,Kvitova v Konta,80,2016-06-22 13:51:02.531,1.49,2016-06-22 16:00:00,
1.125305898,2497008,Petra Kvitova,Kvitova v Konta,90,2016-06-22 14:25:02.684,1.5,2016-06-22 15:56:00,
1.125305898,2497008,Petra Kvitova,Kvitova v Konta,100,2016-06-22 15:24:03.451,1.5,2016-06-22 15:56:00,
1.125305898,5596561,Johanna Konta,Kvitova v Konta,0,2016-06-22 00:28:53.329,2.88,2016-06-22 14:00:00,
1.125305898,5596561,Johanna Konta,Kvitova v Konta,10,2016-06-22 04:08:29.600,3.15,2016-06-22 14:00:00,
1.125305898,5596561,Johanna Konta,Kvitova v Konta,20,2016-06-22 05:42:57.468,3.0,2016-06-22 14:00:00,
1.125305898,5596561,Johanna Konta,Kvitova v Konta,30,2016-06-22 08:37:33.740,3.1,2016-06-22 14:00:00,
1.125305898,5596561,Johanna Konta,Kvitova v Konta,40,2016-06-22 09:46:46.069,3.0,2016-06-22 14:00:00,
1.125305898,5596561,Johanna Konta,Kvitova v Konta,50,2016-06-22 11:34:58.157,3.05,2016-06-22 14:00:00,
1.125305898,5596561,Johanna Konta,Kvitova v Konta,60,2016-06-22 12:08:01.772,2.92,2016-06-22 14:15:00,
1.125305898,5596561,Johanna Konta,Kvitova v Konta,70,2016-06-22 12:55:24.836,2.92,2016-06-22 15:00:00,
1.125305898,5596561,Johanna Konta,Kvitova v Konta,80,2016-06-22 13:24:55.594,2.92,2016-06-22 15:30:00,
1.125305898,5596561,Johanna Konta,Kvitova v Konta,90,2016-06-22 13:51:02.531,3.05,2016-06-22 16:00:00,
1.125305898,5596561,Johanna Konta,Kvitova v Konta,100,2016-06-22 15:14:51.217,3.0,2016-06-22 15:56:00,
1.125305991,2256483,Filippo Volandri,Gimeno-Traver v Volandri,0,2016-06-22 20:54:03.871,2.14,2016-06-23 15:30:00,
1.125305991,2256483,Filippo Volandri,Gimeno-Traver v Volandri,10,2016-06-22 21:22:54.679,1.96,2016-06-23 15:30:00,
1.125305991,2256483,Filippo Volandri,Gimeno-Traver v Volandri,20,2016-06-22 21:26:51.120,1.92,2016-06-23 15:30:00,
1.125305991,2256483,Filippo Volandri,Gimeno-Traver v Volandri,30,2016-06-23 05:49:09.075,1.89,2016-06-23 15:30:00,
1.125305991,2256483,Filippo Volandri,Gimeno-Traver v Volandri,40,2016-06-23 08:51:03.913,1.78,2016-06-23 15:30:00,
1.125305991,2256483,Filippo Volandri,Gimeno-Traver v Volandri,50,2016-06-23 11:16:03.210,1.89,2016-06-23 15:30:00,
1.125305991,2256483,Filippo Volandri,Gimeno-Traver v Volandri,60,2016-06-23 12:56:57.326,1.94,2016-06-23 15:30:00,
1.125305991,2256483,Filippo Volandri,Gimeno-Traver v Volandri,70,2016-06-23 15:20:03.457,1.91,2016-06-23 15:30:00,
1.125305991,2256483,Filippo Volandri,Gimeno-Traver v Volandri,80,2016-06-23 15:23:51.384,1.95,2016-06-23 15:30:00,
1.125305991,2256483,Filippo Volandri,Gimeno-Traver v Volandri,90,2016-06-23 15:47:45.967,1.91,2016-06-23 16:00:00,
1.125305991,2256483,Filippo Volandri,Gimeno-Traver v Volandri,100,2016-06-23 16:05:10.086,1.89,2016-06-23 16:15:00,
1.125305991,8260127,Daniel Gimeno-Traver,Gimeno-Traver v Volandri,0,2016-06-22 20:54:03.871,1.88,2016-06-23 15:30:00,
1.125305991,8260127,Daniel Gimeno-Traver,Gimeno-Traver v Volandri,10,2016-06-22 21:22:54.679,2.0,2016-06-23 15:30:00,
1.125305991,8260127,Daniel Gimeno-Traver,Gimeno-Traver v Volandri,20,2016-06-23 08:51:03.913,2.28,2016-06-23 15:30:00,
1.125305991,8260127,Daniel Gimeno-Traver,Gimeno-Traver v Volandri,30,2016-06-23 10:26:08.022,2.14,2016-06-23 15:30:00,
1.125305991,8260127,Daniel Gimeno-Traver,Gimeno-Traver v Volandri,40,2016-06-23 11:03:44.834,2.14,2016-06-23 15:30:00,
1.125305991,8260127,Daniel Gimeno-Traver,Gimeno-Traver v Volandri,50,2016-06-23 13:06:04.841,2.04,2016-06-23 15:30:00,
1.125305991,8260127,Daniel Gimeno-Traver,Gimeno-Traver v Volandri,60,2016-06-23 13:48:01.790,2.1,2016-06-23 15:30:00,
1.125305991,8260127,Daniel Gimeno-Traver,Gimeno-Traver v Volandri,70,2016-06-23 15:20:03.457,2.1,2016-06-23 15:30:00,
1.125305991,8260127,Daniel Gimeno-Traver,Gimeno-Traver v Volandri,80,2016-06-23 15:43:02.168,2.14,2016-06-23 15:45:00,
1.125305991,8260127,Daniel Gimeno-Traver,Gimeno-Traver v Volandri,90,2016-06-23 15:52:13.144,2.14,2016-06-23 16:00:00,
1.125305991,8260127,Daniel Gimeno-Traver,Gimeno-Traver v Volandri,100,2016-06-23 16:06:19.784,2.1,2016-06-23 16:15:00,
1.125307642,2404122,Andrea Petkovic,Petkovic v E Makarova,0,2016-06-21 20:57:42.525,1.83,2016-06-22 16:00:00,
1.125307642,2404122,Andrea Petkovic,Petkovic v E Makarova,10,2016-06-22 10:32:10.853,1.98,2016-06-22 16:00:00,
1.125307642,2404122,Andrea Petkovic,Petkovic v E Makarova,20,2016-06-22 17:42:09.138,1.98,2016-06-22 17:54:00,
1.125307642,2404122,Andrea Petkovic,Petkovic v E Makarova,30,2016-06-22 20:12:31.767,1.86,2016-06-23 11:00:00,2016-06-22 18:09:44.794
1.125307642,2404122,Andrea Petkovic,Petkovic v E Makarova,40,2016-06-22 22:35:42.198,1.82,2016-06-23 11:00:00,2016-06-22 18:09:44.794
1.125307642,2404122,Andrea Petkovic,Petkovic v E Makarova,50,2016-06-23 00:19:07.158,1.83,2016-06-23 11:00:00,2016-06-22 18:09:44.794
1.125307642,2404122,Andrea Petkovic,Petkovic v E Makarova,60,2016-06-23 04:59:40.543,1.81,2016-06-23 11:00:00,2016-06-22 18:09:44.794
1.125307642,2404122,Andrea Petkovic,Petkovic v E Makarova,70,2016-06-23 06:27:39.279,1.83,2016-06-23 11:00:00,2016-06-22 18:09:44.794
1.125307642,2404122,Andrea Petkovic,Petkovic v E Makarova,80,2016-06-23 08:00:23.289,1.82,2016-06-23 11:00:00,2016-06-22 18:09:44.794
1.125307642,2404122,Andrea Petkovic,Petkovic v E Makarova,90,2016-06-23 09:30:39.591,1.77,2016-06-23 11:00:00,2016-06-22 18:09:44.794
1.125307642,2404122,Andrea Petkovic,Petkovic v E Makarova,100,2016-06-23 10:48:26.783,1.8,2016-06-23 11:00:00,2016-06-22 18:09:44.794
1.125307642,2453959,Ekaterina Makarova,Petkovic v E Makarova,0,2016-06-21 21:30:34.526,2.1,2016-06-22 16:00:00,
1.125307642,2453959,Ekaterina Makarova,Petkovic v E Makarova,10,2016-06-22 08:47:32.869,2.04,2016-06-22 16:00:00,
1.125307642,2453959,Ekaterina Makarova,Petkovic v E Makarova,20,2016-06-22 13:55:31.109,2.02,2016-06-22 18:00:00,
1.125307642,2453959,Ekaterina Makarova,Petkovic v E Makarova,30,2016-06-22 16:32:28.891,1.94,2016-06-22 17:24:00,
1.125307642,2453959,Ekaterina Makarova,Petkovic v E Makarova,40,2016-06-22 17:55:45.821,2.0,2016-06-22 17:59:00,
1.125307642,2453959,Ekaterina Makarova,Petkovic v E Makarova,50,2016-06-22 21:27:00.613,2.18,2016-06-23 11:00:00,2016-06-22 18:09:44.794
1.125307642,2453959,Ekaterina Makarova,Petkovic v E Makarova,60,2016-06-22 22:50:45.130,2.18,2016-06-23 11:00:00,2016-06-22 18:09:44.794
1.125307642,2453959,Ekaterina Makarova,Petkovic v E Makarova,70,2016-06-23 04:17:35.838,2.2,2016-06-23 11:00:00,2016-06-22 18:09:44.794
1.125307642,2453959,Ekaterina Makarova,Petkovic v E Makarova,80,2016-06-23 07:23:38.801,2.26,2016-06-23 11:00:00,2016-06-22 18:09:44.794
1.125307642,2453959,Ekaterina Makarova,Petkovic v E Makarova,90,2016-06-23 08:48:05.267,2.22,2016-06-23 11:00:00,2016-06-22 18:09:44.794
1.125307642,2453959,Ekaterina Makarova,Petkovic v E Makarova,100,2016-06-23 10:44:45.442,2.32,2016-06-23 11:00:00,2016-06-22 18:09:44.794
1.125307709,2256480,Fernando Verdasco,K Anderson v Verdasco,0,2016-06-21 21:09:27.078,2.26,2016-06-22 17:00:00,
1.125307709,2256480,Fernando Verdasco,K Anderson v Verdasco,10,2016-06-22 02:58:34.494,2.22,2016-06-22 17:00:00,
1.125307709,2256480,Fernando Verdasco,K Anderson v Verdasco,20,2016-06-22 06:56:55.393,2.28,2016-06-22 17:00:00,
1.125307709,2256480,Fernando Verdasco,K Anderson v Verdasco,30,2016-06-22 08:06:00.721,2.34,2016-06-22 17:00:00,
1.125307709,2256480,Fernando Verdasco,K Anderson v Verdasco,40,2016-06-22 11:24:06.577,2.38,2016-06-22 16:46:00,
1.125307709,2256480,Fernando Verdasco,K Anderson v Verdasco,50,2016-06-22 13:59:08.727,2.4,2016-06-22 17:05:00,
1.125307709,2256480,Fernando Verdasco,K Anderson v Verdasco,60,2016-06-22 15:32:56.665,2.36,2016-06-22 17:35:00,
1.125307709,2256480,Fernando Verdasco,K Anderson v Verdasco,70,2016-06-22 15:58:41.186,2.4,2016-06-22 17:48:00,
1.125307709,2256480,Fernando Verdasco,K Anderson v Verdasco,80,2016-06-22 16:10:08.934,2.36,2016-06-22 17:48:00,
1.125307709,2256480,Fernando Verdasco,K Anderson v Verdasco,90,2016-06-22 16:48:08.948,2.4,2016-06-22 17:48:00,
1.125307709,2256480,Fernando Verdasco,K Anderson v Verdasco,100,2016-06-22 18:02:04.629,2.44,2016-06-22 18:03:00,
1.125307709,2519549,Kevin Anderson,K Anderson v Verdasco,0,2016-06-21 20:29:58.594,1.83,2016-06-22 17:00:00,
1.125307709,2519549,Kevin Anderson,K Anderson v Verdasco,10,2016-06-22 03:18:57.796,1.78,2016-06-22 17:00:00,
1.125307709,2519549,Kevin Anderson,K Anderson v Verdasco,20,2016-06-22 06:56:55.393,1.78,2016-06-22 17:00:00,
1.125307709,2519549,Kevin Anderson,K Anderson v Verdasco,30,2016-06-22 09:05:00.585,1.76,2016-06-22 17:00:00,
1.125307709,2519549,Kevin Anderson,K Anderson v Verdasco,40,2016-06-22 13:34:08.671,1.71,2016-06-22 17:05:00,
1.125307709,2519549,Kevin Anderson,K Anderson v Verdasco,50,2016-06-22 14:32:31.327,1.7,2016-06-22 17:05:00,
1.125307709,2519549,Kevin Anderson,K Anderson v Verdasco,60,2016-06-22 15:23:58.610,1.74,2016-06-22 17:35:00,
1.125307709,2519549,Kevin Anderson,K Anderson v Verdasco,70,2016-06-22 15:55:03.931,1.71,2016-06-22 17:48:00,
1.125307709,2519549,Kevin Anderson,K Anderson v Verdasco,80,2016-06-22 16:56:28.731,1.72,2016-06-22 17:48:00,
1.125307709,2519549,Kevin Anderson,K Anderson v Verdasco,90,2016-06-22 17:37:07.729,1.72,2016-06-22 17:48:00,
1.125307709,2519549,Kevin Anderson,K Anderson v Verdasco,100,2016-06-22 18:02:04.629,1.7,2016-06-22 18:03:00,
1.125307822,5300820,Aleksandra Krunic,Krunic v E Mertens,0,2016-06-22 09:05:32.671,2.08,2016-06-22 12:00:00,
1.125307822,5300820,Aleksandra Krunic,Krunic v E Mertens,10,2016-06-22 09:06:31.462,2.06,2016-06-22 12:00:00,
1.125307822,5300820,Aleksandra Krunic,Krunic v E Mertens,20,2016-06-22 09:44:21.916,2.08,2016-06-22 12:00:00,
1.125307822,5300820,Aleksandra Krunic,Krunic v E Mertens,30,2016-06-22 11:12:29.636,2.1,2016-06-22 12:00:00,
1.125307822,5300820,Aleksandra Krunic,Krunic v E Mertens,40,2016-06-22 12:32:23.223,2.06,2016-06-22 12:45:00,
1.125307822,5300820,Aleksandra Krunic,Krunic v E Mertens,50,2016-06-22 12:52:36.312,2.2,2016-06-22 13:00:00,
1.125307822,5300820,Aleksandra Krunic,Krunic v E Mertens,60,2016-06-22 12:53:31.045,2.24,2016-06-22 13:00:00,
1.125307822,5300820,Aleksandra Krunic,Krunic v E Mertens,70,2016-06-22 13:00:34.237,2.18,2016-06-22 13:15:00,
1.125307822,5300820,Aleksandra Krunic,Krunic v E Mertens,80,2016-06-22 13:28:23.424,2.2,2016-06-22 14:42:00,
1.125307822,5300820,Aleksandra Krunic,Krunic v E Mertens,90,2016-06-22 13:30:33.862,2.18,2016-06-22 14:42:00,
1.125307822,5300820,Aleksandra Krunic,Krunic v E Mertens,100,2016-06-22 13:58:44.240,2.18,2016-06-22 14:42:00,
1.125307822,9002334,Elise Mertens,Krunic v E Mertens,0,2016-06-22 09:05:32.671,1.92,2016-06-22 12:00:00,
1.125307822,9002334,Elise Mertens,Krunic v E Mertens,10,2016-06-22 09:44:21.916,1.93,2016-06-22 12:00:00,
1.125307822,9002334,Elise Mertens,Krunic v E Mertens,20,2016-06-22 11:12:29.636,1.91,2016-06-22 12:00:00,
1.125307822,9002334,Elise Mertens,Krunic v E Mertens,30,2016-06-22 12:32:23.223,1.93,2016-06-22 12:45:00,
1.125307822,9002334,Elise Mertens,Krunic v E Mertens,40,2016-06-22 12:52:36.312,1.84,2016-06-22 13:00:00,
1.125307822,9002334,Elise Mertens,Krunic v E Mertens,50,2016-06-22 12:54:28.163,1.82,2016-06-22 13:00:00,
1.125307822,9002334,Elise Mertens,Krunic v E Mertens,60,2016-06-22 12:58:33.468,1.81,2016-06-22 13:00:00,
1.125307822,9002334,Elise Mertens,Krunic v E Mertens,70,2016-06-22 13:00:34.237,1.85,2016-06-22 13:15:00,
1.125307822,9002334,Elise Mertens,Krunic v E Mertens,80,2016-06-22 13:28:23.424,1.8,2016-06-22 14:42:00,
1.125307822,9002334,Elise Mertens,Krunic v E Mertens,90,2016-06-22 13:30:33.862,1.85,2016-06-22 14:42:00,
1.125307822,9002334,Elise Mertens,Krunic v E Mertens,100,2016-06-22 14:19:34.033,1.85,2016-06-22 14:42:00,
1.125307827,3622052,Kristina Mladenovic,K Mladenovic v Friedsam,0,2016-06-22 03:19:56.699,1.58,2016-06-22 12:00:00,
1.125307827,3622052,Kristina Mladenovic,K Mladenovic v Friedsam,10,2016-06-22 07:55:19.831,1.59,2016-06-22 12:00:00,
1.125307827,3622052,Kristina Mladenovic,K Mladenovic v Friedsam,20,2016-06-22 08:51:41.409,1.58,2016-06-22 12:00:00,
1.125307827,3622052,Kristina Mladenovic,K Mladenovic v Friedsam,30,2016-06-22 09:17:10.420,1.56,2016-06-22 12:00:00,
1.125307827,3622052,Kristina Mladenovic,K Mladenovic v Friedsam,40,2016-06-22 10:26:24.161,1.54,2016-06-22 12:30:00,
1.125307827,3622052,Kristina Mladenovic,K Mladenovic v Friedsam,50,2016-06-22 11:32:59.888,1.5,2016-06-22 13:28:00,
1.125307827,3622052,Kristina Mladenovic,K Mladenovic v Friedsam,60,2016-06-22 11:55:08.324,1.49,2016-06-22 13:28:00,
1.125307827,3622052,Kristina Mladenovic,K Mladenovic v Friedsam,70,2016-06-22 12:14:44.956,1.53,2016-06-22 13:28:00,
1.125307827,3622052,Kristina Mladenovic,K Mladenovic v Friedsam,80,2016-06-22 12:50:06.989,1.52,2016-06-22 13:28:00,
1.125307827,3622052,Kristina Mladenovic,K Mladenovic v Friedsam,90,2016-06-22 13:22:39.989,1.52,2016-06-22 13:28:00,
1.125307827,3622052,Kristina Mladenovic,K Mladenovic v Friedsam,100,2016-06-22 13:40:45.168,1.54,2016-06-22 13:42:00,
1.125307827,7593369,Anna-Lena Friedsam,K Mladenovic v Friedsam,0,2016-06-22 07:58:49.958,2.68,2016-06-22 12:00:00,
1.125307827,7593369,Anna-Lena Friedsam,K Mladenovic v Friedsam,10,2016-06-22 10:17:28.803,2.8,2016-06-22 12:30:00,
1.125307827,7593369,Anna-Lena Friedsam,K Mladenovic v Friedsam,20,2016-06-22 11:22:43.589,3.0,2016-06-22 13:30:00,
1.125307827,7593369,Anna-Lena Friedsam,K Mladenovic v Friedsam,30,2016-06-22 11:54:43.932,3.0,2016-06-22 13:28:00,
1.125307827,7593369,Anna-Lena Friedsam,K Mladenovic v Friedsam,40,2016-06-22 12:07:38.002,2.96,2016-06-22 13:28:00,
1.125307827,7593369,Anna-Lena Friedsam,K Mladenovic v Friedsam,50,2016-06-22 12:11:43.634,2.96,2016-06-22 13:28:00,
1.125307827,7593369,Anna-Lena Friedsam,K Mladenovic v Friedsam,60,2016-06-22 12:46:35.159,2.92,2016-06-22 13:28:00,
1.125307827,7593369,Anna-Lena Friedsam,K Mladenovic v Friedsam,70,2016-06-22 13:11:39.587,2.96,2016-06-22 13:28:00,
1.125307827,7593369,Anna-Lena Friedsam,K Mladenovic v Friedsam,80,2016-06-22 13:31:42.744,2.86,2016-06-22 13:43:00,
1.125307827,7593369,Anna-Lena Friedsam,K Mladenovic v Friedsam,90,2016-06-22 13:35:41.791,2.86,2016-06-22 13:43:00,
1.125307827,7593369,Anna-Lena Friedsam,K Mladenovic v Friedsam,100,2016-06-22 13:39:45.361,2.78,2016-06-22 13:43:00,
1.125307939,2424953,Pablo Cuevas,D Evans v P Cuevas,0,2016-06-21 21:05:17.485,1.08,2016-06-22 13:00:00,
1.125307939,2424953,Pablo Cuevas,D Evans v P Cuevas,10,2016-06-21 23:32:57.255,1.7,2016-06-22 13:00:00,
1.125307939,2424953,Pablo Cuevas,D Evans v P Cuevas,20,2016-06-22 04:37:04.818,1.68,2016-06-22 13:00:00,
1.125307939,2424953,Pablo Cuevas,D Evans v P Cuevas,30,2016-06-22 08:00:54.944,1.67,2016-06-22 13:00:00,
1.125307939,2424953,Pablo Cuevas,D Evans v P Cuevas,40,2016-06-22 09:42:35.700,1.68,2016-06-22 13:00:00,
1.125307939,2424953,Pablo Cuevas,D Evans v P Cuevas,50,2016-06-22 10:28:35.954,1.67,2016-06-22 13:00:00,
1.125307939,2424953,Pablo Cuevas,D Evans v P Cuevas,60,2016-06-22 10:59:22.129,1.62,2016-06-22 12:46:00,
1.125307939,2424953,Pablo Cuevas,D Evans v P Cuevas,70,2016-06-22 11:19:17.586,1.63,2016-06-22 12:46:00,
1.125307939,2424953,Pablo Cuevas,D Evans v P Cuevas,80,2016-06-22 12:22:36.025,1.66,2016-06-22 12:46:00,
1.125307939,2424953,Pablo Cuevas,D Evans v P Cuevas,90,2016-06-22 12:34:35.501,1.65,2016-06-22 12:46:00,
1.125307939,2424953,Pablo Cuevas,D Evans v P Cuevas,100,2016-06-22 13:04:35.290,1.65,2016-06-22 13:07:00,
1.125307939,3103121,Daniel Evans,D Evans v P Cuevas,0,2016-06-21 21:50:33.632,2.36,2016-06-22 13:00:00,
1.125307939,3103121,Daniel Evans,D Evans v P Cuevas,10,2016-06-22 04:32:20.281,2.44,2016-06-22 13:00:00,
1.125307939,3103121,Daniel Evans,D Evans v P Cuevas,20,2016-06-22 08:02:48.739,2.5,2016-06-22 13:00:00,
1.125307939,3103121,Daniel Evans,D Evans v P Cuevas,30,2016-06-22 08:37:00.053,2.44,2016-06-22 13:00:00,
1.125307939,3103121,Daniel Evans,D Evans v P Cuevas,40,2016-06-22 09:37:35.617,2.42,2016-06-22 13:00:00,
1.125307939,3103121,Daniel Evans,D Evans v P Cuevas,50,2016-06-22 10:00:03.704,2.44,2016-06-22 13:00:00,
1.125307939,3103121,Daniel Evans,D Evans v P Cuevas,60,2016-06-22 10:45:35.331,2.48,2016-06-22 13:00:00,
1.125307939,3103121,Daniel Evans,D Evans v P Cuevas,70,2016-06-22 11:18:35.306,2.6,2016-06-22 12:46:00,
1.125307939,3103121,Daniel Evans,D Evans v P Cuevas,80,2016-06-22 12:18:35.862,2.56,2016-06-22 12:46:00,
1.125307939,3103121,Daniel Evans,D Evans v P Cuevas,90,2016-06-22 12:42:35.081,2.5,2016-06-22 12:46:00,
1.125307939,3103121,Daniel Evans,D Evans v P Cuevas,100,2016-06-22 13:05:33.272,2.52,2016-06-22 13:07:00,
1.125308048,2248470,Elena Vesnina,Brengle v Vesnina,0,2016-06-21 21:01:26.508,1.62,2016-06-22 14:00:00,
1.125308048,2248470,Elena Vesnina,Brengle v Vesnina,10,2016-06-21 23:42:59.564,1.58,2016-06-22 14:00:00,
1.125308048,2248470,Elena Vesnina,Brengle v Vesnina,20,2016-06-22 05:57:33.920,1.55,2016-06-22 14:00:00,
1.125308048,2248470,Elena Vesnina,Brengle v Vesnina,30,2016-06-22 08:00:29.480,1.54,2016-06-22 14:00:00,
1.125308048,2248470,Elena Vesnina,Brengle v Vesnina,40,2016-06-22 10:26:11.472,1.51,2016-06-22 14:30:00,
1.125308048,2248470,Elena Vesnina,Brengle v Vesnina,50,2016-06-22 11:56:49.386,1.52,2016-06-22 15:28:00,
1.125308048,2248470,Elena Vesnina,Brengle v Vesnina,60,2016-06-22 12:41:33.920,1.54,2016-06-22 15:28:00,
1.125308048,2248470,Elena Vesnina,Brengle v Vesnina,70,2016-06-22 13:53:34.609,1.52,2016-06-22 15:40:00,
1.125308048,2248470,Elena Vesnina,Brengle v Vesnina,80,2016-06-22 14:29:10.306,1.51,2016-06-22 15:40:00,
1.125308048,2248470,Elena Vesnina,Brengle v Vesnina,90,2016-06-22 14:52:15.216,1.52,2016-06-22 15:40:00,
1.125308048,2248470,Elena Vesnina,Brengle v Vesnina,100,2016-06-22 15:33:31.953,1.52,2016-06-22 15:40:00,
1.125308048,2263603,Madison Brengle,Brengle v Vesnina,0,2016-06-21 21:05:30.943,2.42,2016-06-22 14:00:00,
1.125308048,2263603,Madison Brengle,Brengle v Vesnina,10,2016-06-22 05:45:01.030,2.8,2016-06-22 14:00:00,
1.125308048,2263603,Madison Brengle,Brengle v Vesnina,20,2016-06-22 07:56:11.843,2.94,2016-06-22 14:00:00,
1.125308048,2263603,Madison Brengle,Brengle v Vesnina,30,2016-06-22 08:29:41.584,2.88,2016-06-22 14:00:00,
1.125308048,2263603,Madison Brengle,Brengle v Vesnina,40,2016-06-22 12:07:36.498,2.9,2016-06-22 15:28:00,
1.125308048,2263603,Madison Brengle,Brengle v Vesnina,50,2016-06-22 12:38:08.202,2.9,2016-06-22 15:28:00,
1.125308048,2263603,Madison Brengle,Brengle v Vesnina,60,2016-06-22 12:44:04.370,2.88,2016-06-22 15:28:00,
1.125308048,2263603,Madison Brengle,Brengle v Vesnina,70,2016-06-22 13:31:32.725,2.9,2016-06-22 15:43:00,
1.125308048,2263603,Madison Brengle,Brengle v Vesnina,80,2016-06-22 13:34:18.083,2.9,2016-06-22 15:43:00,
1.125308048,2263603,Madison Brengle,Brengle v Vesnina,90,2016-06-22 13:48:15.865,2.94,2016-06-22 15:40:00,
1.125308048,2263603,Madison Brengle,Brengle v Vesnina,100,2016-06-22 15:24:00.408,2.98,2016-06-22 15:40:00,
1.125308392,2249229,Novak Djokovic,Novak Djokovic v David Goffin,0,2016-06-22 03:15:43.874,1.18,2016-06-22 13:30:00,
1.125308392,2249229,Novak Djokovic,Novak Djokovic v David Goffin,10,2016-06-22 05:26:54.645,1.2,2016-06-22 13:30:00,
1.125308392,2249229,Novak Djokovic,Novak Djokovic v David Goffin,20,2016-06-22 08:34:34.292,1.1,2016-06-22 13:30:00,
1.125308392,2249229,Novak Djokovic,Novak Djokovic v David Goffin,30,2016-06-22 10:21:12.989,1.17,2016-06-22 13:30:00,
1.125308392,2249229,Novak Djokovic,Novak Djokovic v David Goffin,40,2016-06-22 12:28:50.937,1.23,2016-06-22 13:30:00,
1.125308392,2249229,Novak Djokovic,Novak Djokovic v David Goffin,50,2016-06-22 12:38:19.132,1.19,2016-06-22 13:30:00,
1.125308392,2249229,Novak Djokovic,Novak Djokovic v David Goffin,60,2016-06-22 13:09:22.503,1.24,2016-06-22 13:30:00,
1.125308392,2249229,Novak Djokovic,Novak Djokovic v David Goffin,70,2016-06-22 13:17:17.933,1.21,2016-06-22 13:30:00,
1.125308392,2249229,Novak Djokovic,Novak Djokovic v David Goffin,80,2016-06-22 13:19:53.821,1.21,2016-06-22 13:30:00,
1.125308392,2249229,Novak Djokovic,Novak Djokovic v David Goffin,90,2016-06-22 13:21:13.692,1.2,2016-06-22 13:30:00,
1.125308392,2249229,Novak Djokovic,Novak Djokovic v David Goffin,100,2016-06-22 13:26:18.389,1.2,2016-06-22 13:30:00,
1.125311072,2370190,Igor Sijsling,Sijsling v Y Mertens,0,2016-06-22 16:45:35.967,1.3,2016-06-23 12:00:00,
1.125311072,2370190,Igor Sijsling,Sijsling v Y Mertens,10,2016-06-22 21:08:33.883,1.17,2016-06-23 12:00:00,
1.125311072,2370190,Igor Sijsling,Sijsling v Y Mertens,20,2016-06-23 06:25:56.324,1.18,2016-06-23 12:00:00,
1.125311072,2370190,Igor Sijsling,Sijsling v Y Mertens,30,2016-06-23 08:31:07.196,1.18,2016-06-23 12:00:00,
1.125311072,2370190,Igor Sijsling,Sijsling v Y Mertens,40,2016-06-23 08:47:13.172,1.18,2016-06-23 12:00:00,
1.125311072,2370190,Igor Sijsling,Sijsling v Y Mertens,50,2016-06-23 09:11:34.317,1.21,2016-06-23 12:00:00,
1.125311072,2370190,Igor Sijsling,Sijsling v Y Mertens,60,2016-06-23 11:23:31.587,1.16,2016-06-23 12:00:00,
1.125311072,2370190,Igor Sijsling,Sijsling v Y Mertens,70,2016-06-23 17:26:16.634,1.21,2016-06-24 12:00:00,
1.125311072,2370190,Igor Sijsling,Sijsling v Y Mertens,80,2016-06-23 23:47:30.588,1.21,2016-06-24 12:00:00,
1.125311072,2370190,Igor Sijsling,Sijsling v Y Mertens,90,2016-06-24 05:30:29.999,1.14,2016-06-24 12:00:00,
1.125311072,2370190,Igor Sijsling,Sijsling v Y Mertens,100,2016-06-24 11:33:34.874,1.14,2016-06-24 12:32:00,
1.125311567,7137497,Yoshihito Nishioka,Yo Nishioka v Halys,0,2016-06-22 21:47:39.282,2.16,2016-06-23 12:00:00,
1.125311567,7137497,Yoshihito Nishioka,Yo Nishioka v Halys,10,2016-06-22 22:21:18.247,2.22,2016-06-23 12:00:00,
1.125311567,7137497,Yoshihito Nishioka,Yo Nishioka v Halys,20,2016-06-23 10:59:36.167,2.46,2016-06-23 12:00:00,
1.125311567,7137497,Yoshihito Nishioka,Yo Nishioka v Halys,30,2016-06-23 13:24:07.368,2.68,2016-06-23 15:01:00,
1.125311567,7137497,Yoshihito Nishioka,Yo Nishioka v Halys,40,2016-06-23 16:47:42.818,2.46,2016-06-24 10:00:00,
1.125311567,7137497,Yoshihito Nishioka,Yo Nishioka v Halys,50,2016-06-23 21:53:27.862,2.58,2016-06-24 10:00:00,
1.125311567,7137497,Yoshihito Nishioka,Yo Nishioka v Halys,60,2016-06-24 03:18:31.590,2.46,2016-06-24 10:00:00,
1.125311567,7137497,Yoshihito Nishioka,Yo Nishioka v Halys,70,2016-06-24 04:44:24.605,2.58,2016-06-24 10:00:00,
1.125311567,7137497,Yoshihito Nishioka,Yo Nishioka v Halys,80,2016-06-24 06:35:41.516,2.46,2016-06-24 10:00:00,
1.125311567,7137497,Yoshihito Nishioka,Yo Nishioka v Halys,90,2016-06-24 08:19:42.793,2.46,2016-06-24 10:00:00,
1.125311567,7137497,Yoshihito Nishioka,Yo Nishioka v Halys,100,2016-06-24 09:55:42.075,2.46,2016-06-24 10:00:00,
1.125311567,7287690,Quentin Halys,Yo Nishioka v Halys,0,2016-06-23 04:40:15.302,1.63,2016-06-23 12:00:00,
1.125311567,7287690,Quentin Halys,Yo Nishioka v Halys,10,2016-06-23 09:37:05.486,1.59,2016-06-23 12:00:00,
1.125311567,7287690,Quentin Halys,Yo Nishioka v Halys,20,2016-06-23 13:10:43.275,1.59,2016-06-23 13:14:00,
1.125311567,7287690,Quentin Halys,Yo Nishioka v Halys,30,2016-06-23 14:37:24.923,1.58,2016-06-23 15:01:00,
1.125311567,7287690,Quentin Halys,Yo Nishioka v Halys,40,2016-06-23 16:47:42.818,1.69,2016-06-24 10:00:00,
1.125311567,7287690,Quentin Halys,Yo Nishioka v Halys,50,2016-06-23 21:53:27.862,1.63,2016-06-24 10:00:00,
1.125311567,7287690,Quentin Halys,Yo Nishioka v Halys,60,2016-06-24 03:18:31.590,1.69,2016-06-24 10:00:00,
1.125311567,7287690,Quentin Halys,Yo Nishioka v Halys,70,2016-06-24 07:22:43.905,1.7,2016-06-24 10:00:00,
1.125311567,7287690,Quentin Halys,Yo Nishioka v Halys,80,2016-06-24 08:55:42.095,1.69,2016-06-24 10:00:00,
1.125311567,7287690,Quentin Halys,Yo Nishioka v Halys,90,2016-06-24 09:26:41.618,1.65,2016-06-24 10:00:00,
1.125311567,7287690,Quentin Halys,Yo Nishioka v Halys,100,2016-06-24 09:55:42.075,1.68,2016-06-24 10:00:00,
1.125311577,6195133,Dodig/Melo,Dodig/Melo v Lindstedt/Qureshi,0,2016-06-22 21:48:54.542,1.35,2016-06-23 11:00:00,
1.125311577,6195133,Dodig/Melo,Dodig/Melo v Lindstedt/Qureshi,10,2016-06-23 01:34:27.780,1.36,2016-06-23 11:00:00,
1.125311577,6195133,Dodig/Melo,Dodig/Melo v Lindstedt/Qureshi,20,2016-06-23 02:31:58.923,1.34,2016-06-23 11:00:00,
1.125311577,6195133,Dodig/Melo,Dodig/Melo v Lindstedt/Qureshi,30,2016-06-23 03:05:02.296,1.35,2016-06-23 11:00:00,
1.125311577,6195133,Dodig/Melo,Dodig/Melo v Lindstedt/Qureshi,40,2016-06-23 04:33:54.855,1.34,2016-06-23 11:00:00,
1.125311577,6195133,Dodig/Melo,Dodig/Melo v Lindstedt/Qureshi,50,2016-06-23 07:09:19.743,1.39,2016-06-23 11:00:00,
1.125311577,6195133,Dodig/Melo,Dodig/Melo v Lindstedt/Qureshi,60,2016-06-23 07:42:00.887,1.37,2016-06-23 11:00:00,
1.125311577,6195133,Dodig/Melo,Dodig/Melo v Lindstedt/Qureshi,70,2016-06-23 08:25:39.922,1.39,2016-06-23 11:00:00,
1.125311577,6195133,Dodig/Melo,Dodig/Melo v Lindstedt/Qureshi,80,2016-06-23 09:06:03.652,1.38,2016-06-23 11:00:00,
1.125311577,6195133,Dodig/Melo,Dodig/Melo v Lindstedt/Qureshi,90,2016-06-23 09:40:02.143,1.37,2016-06-23 11:00:00,
1.125311577,6195133,Dodig/Melo,Dodig/Melo v Lindstedt/Qureshi,100,2016-06-23 10:37:03.581,1.37,2016-06-23 11:00:00,
1.125313215,3288367,Austin Krajicek,Fratangelo v A Krajicek,0,2016-06-23 04:58:37.492,3.4,2016-06-23 12:00:00,
1.125313215,3288367,Austin Krajicek,Fratangelo v A Krajicek,10,2016-06-23 06:45:36.071,3.55,2016-06-23 12:00:00,
1.125313215,3288367,Austin Krajicek,Fratangelo v A Krajicek,20,2016-06-23 09:53:56.457,3.75,2016-06-23 12:00:00,
1.125313215,3288367,Austin Krajicek,Fratangelo v A Krajicek,30,2016-06-23 10:10:34.281,3.9,2016-06-23 12:00:00,
1.125313215,3288367,Austin Krajicek,Fratangelo v A Krajicek,40,2016-06-23 12:41:02.634,3.8,2016-06-23 13:00:00,
1.125313215,3288367,Austin Krajicek,Fratangelo v A Krajicek,50,2016-06-23 12:53:33.965,3.7,2016-06-23 13:00:00,
1.125313215,3288367,Austin Krajicek,Fratangelo v A Krajicek,60,2016-06-23 18:28:26.560,26.0,2016-06-24 10:00:00,2016-06-23 13:20:35.520
1.125313215,3288367,Austin Krajicek,Fratangelo v A Krajicek,70,2016-06-23 18:50:25.232,22.0,2016-06-24 10:00:00,2016-06-23 13:20:35.520
1.125313215,3288367,Austin Krajicek,Fratangelo v A Krajicek,80,2016-06-23 19:24:56.618,22.0,2016-06-24 10:00:00,2016-06-23 13:20:35.520
1.125313215,3288367,Austin Krajicek,Fratangelo v A Krajicek,90,2016-06-23 20:30:58.245,26.0,2016-06-24 10:00:00,2016-06-23 13:20:35.520
1.125313215,3288367,Austin Krajicek,Fratangelo v A Krajicek,100,2016-06-23 23:03:36.952,26.0,2016-06-24 10:00:00,2016-06-23 13:20:35.520
1.125313215,7593723,Bjorn Fratangelo,Fratangelo v A Krajicek,0,2016-06-22 21:07:58.638,1.35,2016-06-23 12:00:00,
1.125313215,7593723,Bjorn Fratangelo,Fratangelo v A Krajicek,10,2016-06-23 10:10:34.281,1.35,2016-06-23 12:00:00,
1.125313215,7593723,Bjorn Fratangelo,Fratangelo v A Krajicek,20,2016-06-23 16:31:43.139,1.04,2016-06-24 10:00:00,2016-06-23 13:20:35.520
1.125313215,7593723,Bjorn Fratangelo,Fratangelo v A Krajicek,30,2016-06-23 17:46:20.476,1.04,2016-06-24 10:00:00,2016-06-23 13:20:35.520
1.125313215,7593723,Bjorn Fratangelo,Fratangelo v A Krajicek,40,2016-06-23 18:28:26.560,1.04,2016-06-24 10:00:00,2016-06-23 13:20:35.520
1.125313215,7593723,Bjorn Fratangelo,Fratangelo v A Krajicek,50,2016-06-23 20:14:32.562,1.05,2016-06-24 10:00:00,2016-06-23 13:20:35.520
1.125313215,7593723,Bjorn Fratangelo,Fratangelo v A Krajicek,60,2016-06-23 22:17:07.651,1.05,2016-06-24 10:00:00,2016-06-23 13:20:35.520
1.125313215,7593723,Bjorn Fratangelo,Fratangelo v A Krajicek,70,2016-06-24 02:35:35.301,1.05,2016-06-24 10:00:00,2016-06-23 13:20:35.520
1.125313215,7593723,Bjorn Fratangelo,Fratangelo v A Krajicek,80,2016-06-24 05:40:57.795,1.03,2016-06-24 10:00:00,2016-06-23 13:20:35.520
1.125313215,7593723,Bjorn Fratangelo,Fratangelo v A Krajicek,90,2016-06-24 07:13:33.208,1.03,2016-06-24 10:00:00,2016-06-23 13:20:35.520
1.125313215,7593723,Bjorn Fratangelo,Fratangelo v A Krajicek,100,2016-06-24 09:53:07.984,1.04,2016-06-24 10:00:00,2016-06-23 13:20:35.520
1.12531322,6179151,Albano Olivetti,Corrie v Olivetti,0,2016-06-23 02:03:27.410,2.94,2016-06-23 12:00:00,
1.12531322,6179151,Albano Olivetti,Corrie v Olivetti,10,2016-06-23 16:08:12.715,1.29,2016-06-24 10:00:00,2016-06-23 13:14:35.246
1.12531322,6179151,Albano Olivetti,Corrie v Olivetti,20,2016-06-23 17:10:26.474,1.25,2016-06-24 10:00:00,2016-06-23 13:14:35.246
1.12531322,6179151,Albano Olivetti,Corrie v Olivetti,30,2016-06-23 18:06:16.856,1.25,2016-06-24 10:00:00,2016-06-23 13:14:35.246
1.12531322,6179151,Albano Olivetti,Corrie v Olivetti,40,2016-06-23 19:26:29.260,1.21,2016-06-24 10:00:00,2016-06-23 13:14:35.246
1.12531322,6179151,Albano Olivetti,Corrie v Olivetti,50,2016-06-23 20:37:26.932,1.21,2016-06-24 10:00:00,2016-06-23 13:14:35.246
1.12531322,6179151,Albano Olivetti,Corrie v Olivetti,60,2016-06-23 21:54:17.418,1.21,2016-06-24 10:00:00,2016-06-23 13:14:35.246
1.12531322,6179151,Albano Olivetti,Corrie v Olivetti,70,2016-06-24 02:40:41.923,1.22,2016-06-24 10:00:00,2016-06-23 13:14:35.246
1.12531322,6179151,Albano Olivetti,Corrie v Olivetti,80,2016-06-24 05:11:16.687,1.23,2016-06-24 10:00:00,2016-06-23 13:14:35.246
1.12531322,6179151,Albano Olivetti,Corrie v Olivetti,90,2016-06-24 07:32:44.865,1.23,2016-06-24 10:00:00,2016-06-23 13:14:35.246
1.12531322,6179151,Albano Olivetti,Corrie v Olivetti,100,2016-06-24 09:57:55.141,1.11,2016-06-24 10:00:00,2016-06-23 13:14:35.246
1.12531322,7337094,Edward Corrie,Corrie v Olivetti,0,2016-06-23 02:03:27.410,1.52,2016-06-23 12:00:00,
1.12531322,7337094,Edward Corrie,Corrie v Olivetti,10,2016-06-23 08:01:15.734,1.4,2016-06-23 12:00:00,
1.12531322,7337094,Edward Corrie,Corrie v Olivetti,20,2016-06-23 09:47:21.942,1.41,2016-06-23 12:00:00,
1.12531322,7337094,Edward Corrie,Corrie v Olivetti,30,2016-06-23 11:48:22.231,1.39,2016-06-23 12:02:00,
1.12531322,7337094,Edward Corrie,Corrie v Olivetti,40,2016-06-23 12:45:21.193,1.38,2016-06-23 13:00:00,
1.12531322,7337094,Edward Corrie,Corrie v Olivetti,50,2016-06-23 16:59:31.532,5.2,2016-06-24 10:00:00,2016-06-23 13:14:35.246
1.12531322,7337094,Edward Corrie,Corrie v Olivetti,60,2016-06-23 19:28:17.197,5.6,2016-06-24 10:00:00,2016-06-23 13:14:35.246
1.12531322,7337094,Edward Corrie,Corrie v Olivetti,70,2016-06-23 20:36:24.506,5.1,2016-06-24 10:00:00,2016-06-23 13:14:35.246
1.12531322,7337094,Edward Corrie,Corrie v Olivetti,80,2016-06-24 00:26:36.920,5.5,2016-06-24 10:00:00,2016-06-23 13:14:35.246
1.12531322,7337094,Edward Corrie,Corrie v Olivetti,90,2016-06-24 03:59:30.313,5.6,2016-06-24 10:00:00,2016-06-23 13:14:35.246
1.12531322,7337094,Edward Corrie,Corrie v Olivetti,100,2016-06-24 06:14:08.550,5.3,2016-06-24 10:00:00,2016-06-23 13:14:35.246
1.125313225,2862839,Franko Skugor,G Melzer v Skugor,0,2016-06-23 08:45:29.540,1.78,2016-06-23 12:00:00,
1.125313225,2862839,Franko Skugor,G Melzer v Skugor,10,2016-06-23 16:21:09.139,1.23,2016-06-24 10:00:00,2016-06-23 13:15:29.869
1.125313225,2862839,Franko Skugor,G Melzer v Skugor,20,2016-06-23 17:15:51.206,1.22,2016-06-24 10:00:00,2016-06-23 13:15:29.869
1.125313225,2862839,Franko Skugor,G Melzer v Skugor,30,2016-06-23 17:57:31.335,1.26,2016-06-24 10:00:00,2016-06-23 13:15:29.869
1.125313225,2862839,Franko Skugor,G Melzer v Skugor,40,2016-06-23 18:56:27.864,1.24,2016-06-24 10:00:00,2016-06-23 13:15:29.869
1.125313225,2862839,Franko Skugor,G Melzer v Skugor,50,2016-06-23 20:32:31.126,1.27,2016-06-24 10:00:00,2016-06-23 13:15:29.869
1.125313225,2862839,Franko Skugor,G Melzer v Skugor,60,2016-06-23 22:01:53.901,1.24,2016-06-24 10:00:00,2016-06-23 13:15:29.869
1.125313225,2862839,Franko Skugor,G Melzer v Skugor,70,2016-06-24 03:24:34.670,1.24,2016-06-24 10:00:00,2016-06-23 13:15:29.869
1.125313225,2862839,Franko Skugor,G Melzer v Skugor,80,2016-06-24 06:57:37.703,1.21,2016-06-24 10:00:00,2016-06-23 13:15:29.869
1.125313225,2862839,Franko Skugor,G Melzer v Skugor,90,2016-06-24 09:07:34.772,1.23,2016-06-24 10:00:00,2016-06-23 13:15:29.869
1.125313225,2862839,Franko Skugor,G Melzer v Skugor,100,2016-06-24 10:03:42.462,1.24,2016-06-24 10:15:00,2016-06-23 13:15:29.869
1.125313225,4876705,Gerald Melzer,G Melzer v Skugor,0,2016-06-22 21:43:08.372,2.3,2016-06-23 12:00:00,
1.125313225,4876705,Gerald Melzer,G Melzer v Skugor,10,2016-06-23 08:45:29.540,2.28,2016-06-23 12:00:00,
1.125313225,4876705,Gerald Melzer,G Melzer v Skugor,20,2016-06-23 09:56:45.233,2.2,2016-06-23 12:00:00,
1.125313225,4876705,Gerald Melzer,G Melzer v Skugor,30,2016-06-23 12:36:34.160,2.1,2016-06-23 13:00:00,
1.125313225,4876705,Gerald Melzer,G Melzer v Skugor,40,2016-06-23 13:02:24.371,1.97,2016-06-23 13:15:00,
1.125313225,4876705,Gerald Melzer,G Melzer v Skugor,50,2016-06-23 16:31:39.633,5.5,2016-06-24 10:00:00,2016-06-23 13:15:29.869
1.125313225,4876705,Gerald Melzer,G Melzer v Skugor,60,2016-06-23 18:43:33.981,5.1,2016-06-24 10:00:00,2016-06-23 13:15:29.869
1.125313225,4876705,Gerald Melzer,G Melzer v Skugor,70,2016-06-23 20:34:04.375,5.0,2016-06-24 10:00:00,2016-06-23 13:15:29.869
1.125313225,4876705,Gerald Melzer,G Melzer v Skugor,80,2016-06-23 23:51:44.468,5.5,2016-06-24 10:00:00,2016-06-23 13:15:29.869
1.125313225,4876705,Gerald Melzer,G Melzer v Skugor,90,2016-06-24 03:59:00.750,5.8,2016-06-24 10:00:00,2016-06-23 13:15:29.869
1.125313225,4876705,Gerald Melzer,G Melzer v Skugor,100,2016-06-24 09:33:55.248,5.1,2016-06-24 10:00:00,2016-06-23 13:15:29.869
1.12531323,6948116,Mohamed Safwat,Safwat v Lamasine,0,2016-06-23 04:40:38.446,3.0,2016-06-23 12:00:00,
1.12531323,6948116,Mohamed Safwat,Safwat v Lamasine,10,2016-06-23 05:35:31.450,2.76,2016-06-23 12:00:00,
1.12531323,6948116,Mohamed Safwat,Safwat v Lamasine,20,2016-06-23 13:22:36.898,2.78,2016-06-23 14:57:00,
1.12531323,6948116,Mohamed Safwat,Safwat v Lamasine,30,2016-06-23 14:40:43.169,2.66,2016-06-23 14:57:00,
1.12531323,6948116,Mohamed Safwat,Safwat v Lamasine,40,2016-06-23 15:03:37.752,2.56,2016-06-23 15:12:00,
1.12531323,6948116,Mohamed Safwat,Safwat v Lamasine,50,2016-06-23 15:05:36.755,2.52,2016-06-23 15:12:00,
1.12531323,6948116,Mohamed Safwat,Safwat v Lamasine,60,2016-06-23 15:08:35.606,2.8,2016-06-23 15:12:00,
1.12531323,6948116,Mohamed Safwat,Safwat v Lamasine,70,2016-06-23 15:34:56.841,2.8,2016-06-23 15:42:00,
1.12531323,6948116,Mohamed Safwat,Safwat v Lamasine,80,2016-06-23 16:19:05.279,2.52,2016-06-24 10:00:00,
1.12531323,6948116,Mohamed Safwat,Safwat v Lamasine,90,2016-06-23 16:48:37.367,2.86,2016-06-24 10:00:00,
1.12531323,6948116,Mohamed Safwat,Safwat v Lamasine,100,2016-06-24 06:41:15.658,2.62,2016-06-24 10:00:00,
1.12531323,8428332,Tristan Lamasine,Safwat v Lamasine,0,2016-06-23 04:40:38.446,1.5,2016-06-23 12:00:00,
1.12531323,8428332,Tristan Lamasine,Safwat v Lamasine,10,2016-06-23 08:16:48.814,1.47,2016-06-23 12:00:00,
1.12531323,8428332,Tristan Lamasine,Safwat v Lamasine,20,2016-06-23 13:22:36.898,1.56,2016-06-23 14:57:00,
1.12531323,8428332,Tristan Lamasine,Safwat v Lamasine,30,2016-06-23 14:36:35.770,1.59,2016-06-23 14:57:00,
1.12531323,8428332,Tristan Lamasine,Safwat v Lamasine,40,2016-06-23 14:41:30.078,1.62,2016-06-23 14:57:00,
1.12531323,8428332,Tristan Lamasine,Safwat v Lamasine,50,2016-06-23 15:08:35.606,1.56,2016-06-23 15:12:00,
1.12531323,8428332,Tristan Lamasine,Safwat v Lamasine,60,2016-06-23 15:26:29.325,1.66,2016-06-23 15:27:00,
1.12531323,8428332,Tristan Lamasine,Safwat v Lamasine,70,2016-06-23 16:05:38.359,1.54,2016-06-24 10:00:00,
1.12531323,8428332,Tristan Lamasine,Safwat v Lamasine,80,2016-06-23 20:10:34.340,1.5,2016-06-24 10:00:00,
1.12531323,8428332,Tristan Lamasine,Safwat v Lamasine,90,2016-06-24 06:47:36.358,1.62,2016-06-24 10:00:00,
1.12531323,8428332,Tristan Lamasine,Safwat v Lamasine,100,2016-06-24 09:50:25.864,1.62,2016-06-24 10:00:00,
1.125313235,7216447,Matthew Barton,Khachanov v Barton,0,2016-06-22 17:09:40.932,2.36,2016-06-23 12:00:00,
1.125313235,7216447,Matthew Barton,Khachanov v Barton,10,2016-06-23 04:27:35.551,2.2,2016-06-23 10:00:00,
1.125313235,7216447,Matthew Barton,Khachanov v Barton,20,2016-06-23 07:43:10.722,2.16,2016-06-23 10:00:00,
1.125313235,7216447,Matthew Barton,Khachanov v Barton,30,2016-06-23 09:04:12.049,2.3,2016-06-23 10:00:00,
1.125313235,7216447,Matthew Barton,Khachanov v Barton,40,2016-06-23 09:55:51.360,2.26,2016-06-23 10:00:00,
1.125313235,7216447,Matthew Barton,Khachanov v Barton,50,2016-06-23 10:38:51.973,2.48,2016-06-23 10:45:00,
1.125313235,7216447,Matthew Barton,Khachanov v Barton,60,2016-06-23 20:57:51.336,2.18,2016-06-24 10:00:00,
1.125313235,7216447,Matthew Barton,Khachanov v Barton,70,2016-06-24 01:45:49.698,2.34,2016-06-24 10:00:00,
1.125313235,7216447,Matthew Barton,Khachanov v Barton,80,2016-06-24 09:45:42.415,2.42,2016-06-24 11:00:00,
1.125313235,7216447,Matthew Barton,Khachanov v Barton,90,2016-06-24 10:56:07.281,2.32,2016-06-24 13:00:00,
1.125313235,7216447,Matthew Barton,Khachanov v Barton,100,2016-06-24 13:33:50.602,2.34,2016-06-24 13:35:00,
1.125313235,7659623,Karen Khachanov,Khachanov v Barton,0,2016-06-22 20:30:12.447,1.83,2016-06-23 12:00:00,
1.125313235,7659623,Karen Khachanov,Khachanov v Barton,10,2016-06-23 04:27:35.551,1.83,2016-06-23 10:00:00,
1.125313235,7659623,Karen Khachanov,Khachanov v Barton,20,2016-06-23 07:42:28.064,1.72,2016-06-23 10:00:00,
1.125313235,7659623,Karen Khachanov,Khachanov v Barton,30,2016-06-23 09:30:03.616,1.81,2016-06-23 10:00:00,
1.125313235,7659623,Karen Khachanov,Khachanov v Barton,40,2016-06-23 10:06:50.453,1.74,2016-06-23 10:15:00,
1.125313235,7659623,Karen Khachanov,Khachanov v Barton,50,2016-06-23 12:35:38.422,1.85,2016-06-23 14:45:00,
1.125313235,7659623,Karen Khachanov,Khachanov v Barton,60,2016-06-24 02:14:24.343,1.67,2016-06-24 10:00:00,
1.125313235,7659623,Karen Khachanov,Khachanov v Barton,70,2016-06-24 09:40:38.467,1.71,2016-06-24 11:00:00,
1.125313235,7659623,Karen Khachanov,Khachanov v Barton,80,2016-06-24 11:23:21.774,1.79,2016-06-24 13:00:00,
1.125313235,7659623,Karen Khachanov,Khachanov v Barton,90,2016-06-24 13:33:50.602,1.75,2016-06-24 13:35:00,
1.125313235,7659623,Karen Khachanov,Khachanov v Barton,100,2016-06-24 14:38:30.304,1.64,2016-06-24 14:50:00,
1.12531324,2257535,Andreas Seppi,D Sela v Seppi,0,2016-06-22 17:06:29.003,1.45,2016-06-23 12:00:00,
1.12531324,2257535,Andreas Seppi,D Sela v Seppi,10,2016-06-22 21:22:27.076,1.4,2016-06-23 15:00:00,
1.12531324,2257535,Andreas Seppi,D Sela v Seppi,20,2016-06-23 02:36:44.188,1.38,2016-06-23 15:00:00,
1.12531324,2257535,Andreas Seppi,D Sela v Seppi,30,2016-06-23 04:34:08.133,1.38,2016-06-23 15:00:00,
1.12531324,2257535,Andreas Seppi,D Sela v Seppi,40,2016-06-23 06:01:33.314,1.39,2016-06-23 15:00:00,
1.12531324,2257535,Andreas Seppi,D Sela v Seppi,50,2016-06-23 07:31:49.169,1.42,2016-06-23 15:00:00,
1.12531324,2257535,Andreas Seppi,D Sela v Seppi,60,2016-06-23 08:19:59.875,1.42,2016-06-23 15:00:00,
1.12531324,2257535,Andreas Seppi,D Sela v Seppi,70,2016-06-23 10:02:27.336,1.39,2016-06-23 15:00:00,
1.12531324,2257535,Andreas Seppi,D Sela v Seppi,80,2016-06-23 13:10:27.258,1.37,2016-06-23 14:26:00,
1.12531324,2257535,Andreas Seppi,D Sela v Seppi,90,2016-06-23 14:15:01.584,1.36,2016-06-23 14:26:00,
1.12531324,2257535,Andreas Seppi,D Sela v Seppi,100,2016-06-23 15:01:29.281,1.37,2016-06-23 15:11:00,
1.12531324,2263685,Dudi Sela,D Sela v Seppi,0,2016-06-22 17:06:29.003,3.2,2016-06-23 12:00:00,
1.12531324,2263685,Dudi Sela,D Sela v Seppi,10,2016-06-23 04:05:11.722,3.5,2016-06-23 15:00:00,
1.12531324,2263685,Dudi Sela,D Sela v Seppi,20,2016-06-23 05:04:19.466,3.65,2016-06-23 15:00:00,
1.12531324,2263685,Dudi Sela,D Sela v Seppi,30,2016-06-23 07:40:08.082,3.35,2016-06-23 15:00:00,
1.12531324,2263685,Dudi Sela,D Sela v Seppi,40,2016-06-23 10:05:27.730,3.55,2016-06-23 15:00:00,
1.12531324,2263685,Dudi Sela,D Sela v Seppi,50,2016-06-23 12:26:26.530,3.65,2016-06-23 14:28:00,
1.12531324,2263685,Dudi Sela,D Sela v Seppi,60,2016-06-23 13:12:28.736,3.7,2016-06-23 14:26:00,
1.12531324,2263685,Dudi Sela,D Sela v Seppi,70,2016-06-23 14:02:13.117,3.7,2016-06-23 14:26:00,
1.12531324,2263685,Dudi Sela,D Sela v Seppi,80,2016-06-23 14:08:31.074,3.65,2016-06-23 14:26:00,
1.12531324,2263685,Dudi Sela,D Sela v Seppi,90,2016-06-23 14:32:18.122,3.7,2016-06-23 14:41:00,
1.12531324,2263685,Dudi Sela,D Sela v Seppi,100,2016-06-23 15:10:27.884,3.8,2016-06-23 15:11:00,
1.125314355,6369481,Makarova/Vesnina,Makarova/Vesnina v Groenefeld/Peschke,0,2016-06-22 15:39:46.348,1.37,2016-06-22 19:34:00,
1.125314355,6369481,Makarova/Vesnina,Makarova/Vesnina v Groenefeld/Peschke,10,2016-06-22 15:40:17.742,1.35,2016-06-22 19:34:00,
1.125314355,6369481,Makarova/Vesnina,Makarova/Vesnina v Groenefeld/Peschke,20,2016-06-22 18:53:58.900,1.38,2016-06-22 19:12:00,
1.125314355,6369481,Makarova/Vesnina,Makarova/Vesnina v Groenefeld/Peschke,30,2016-06-22 22:12:03.232,1.35,2016-06-23 18:00:00,
1.125314355,6369481,Makarova/Vesnina,Makarova/Vesnina v Groenefeld/Peschke,40,2016-06-23 10:44:44.481,1.32,2016-06-23 18:00:00,
1.125314355,6369481,Makarova/Vesnina,Makarova/Vesnina v Groenefeld/Peschke,50,2016-06-23 15:06:45.172,1.32,2016-06-23 17:15:00,
1.125314355,6369481,Makarova/Vesnina,Makarova/Vesnina v Groenefeld/Peschke,60,2016-06-23 15:10:05.377,1.33,2016-06-23 17:15:00,
1.125314355,6369481,Makarova/Vesnina,Makarova/Vesnina v Groenefeld/Peschke,70,2016-06-23 17:22:52.571,1.38,2016-06-23 19:30:00,
1.125314355,6369481,Makarova/Vesnina,Makarova/Vesnina v Groenefeld/Peschke,80,2016-06-23 21:08:05.315,1.35,2016-06-24 13:00:00,
1.125314355,6369481,Makarova/Vesnina,Makarova/Vesnina v Groenefeld/Peschke,90,2016-06-24 02:38:52.384,1.34,2016-06-24 13:00:00,
1.125314355,6369481,Makarova/Vesnina,Makarova/Vesnina v Groenefeld/Peschke,100,2016-06-24 11:47:53.231,1.4,2016-06-24 13:00:00,
1.125314366,3019240,Thomas Fabbiano,Fabbiano v Copil,0,2016-06-23 05:15:30.948,5.7,2016-06-23 10:00:00,
1.125314366,3019240,Thomas Fabbiano,Fabbiano v Copil,10,2016-06-23 08:28:35.054,5.8,2016-06-23 10:00:00,
1.125314366,3019240,Thomas Fabbiano,Fabbiano v Copil,20,2016-06-23 09:39:06.382,6.4,2016-06-23 10:00:00,
1.125314366,3019240,Thomas Fabbiano,Fabbiano v Copil,30,2016-06-23 10:38:22.519,5.6,2016-06-23 10:45:00,
1.125314366,3019240,Thomas Fabbiano,Fabbiano v Copil,40,2016-06-23 17:03:19.553,5.4,2016-06-24 10:00:00,
1.125314366,3019240,Thomas Fabbiano,Fabbiano v Copil,50,2016-06-23 17:12:33.367,3.35,2016-06-24 10:00:00,
1.125314366,3019240,Thomas Fabbiano,Fabbiano v Copil,60,2016-06-23 17:28:36.233,5.5,2016-06-24 10:00:00,
1.125314366,3019240,Thomas Fabbiano,Fabbiano v Copil,70,2016-06-24 06:06:34.926,5.8,2016-06-24 10:00:00,
1.125314366,3019240,Thomas Fabbiano,Fabbiano v Copil,80,2016-06-24 09:53:21.425,5.4,2016-06-24 11:00:00,
1.125314366,3019240,Thomas Fabbiano,Fabbiano v Copil,90,2016-06-24 12:26:11.863,5.7,2016-06-24 13:00:00,
1.125314366,3019240,Thomas Fabbiano,Fabbiano v Copil,100,2016-06-24 15:21:14.930,5.6,2016-06-24 15:22:00,
1.125314366,4195870,Marius Copil,Fabbiano v Copil,0,2016-06-22 18:36:28.839,1.26,2016-06-23 12:00:00,
1.125314366,4195870,Marius Copil,Fabbiano v Copil,10,2016-06-23 05:19:36.769,1.24,2016-06-23 10:00:00,
1.125314366,4195870,Marius Copil,Fabbiano v Copil,20,2016-06-23 08:34:57.794,1.2,2016-06-23 10:00:00,
1.125314366,4195870,Marius Copil,Fabbiano v Copil,30,2016-06-23 09:59:31.030,1.18,2016-06-23 10:00:00,
1.125314366,4195870,Marius Copil,Fabbiano v Copil,40,2016-06-23 16:56:07.245,1.18,2016-06-24 10:00:00,
1.125314366,4195870,Marius Copil,Fabbiano v Copil,50,2016-06-23 17:11:12.194,1.42,2016-06-24 10:00:00,
1.125314366,4195870,Marius Copil,Fabbiano v Copil,60,2016-06-24 06:39:18.704,1.2,2016-06-24 10:00:00,
1.125314366,4195870,Marius Copil,Fabbiano v Copil,70,2016-06-24 09:53:21.425,1.23,2016-06-24 11:00:00,
1.125314366,4195870,Marius Copil,Fabbiano v Copil,80,2016-06-24 12:08:19.865,1.21,2016-06-24 13:00:00,
1.125314366,4195870,Marius Copil,Fabbiano v Copil,90,2016-06-24 12:58:17.074,1.22,2016-06-24 13:00:00,
1.125314366,4195870,Marius Copil,Fabbiano v Copil,100,2016-06-24 14:54:34.210,1.22,2016-06-24 17:10:00,
1.125314371,2397396,Matthias Bachinger,Bachinger v Saville,0,2016-06-22 21:26:25.174,1.53,2016-06-23 10:00:00,
1.125314371,2397396,Matthias Bachinger,Bachinger v Saville,10,2016-06-23 04:50:28.978,1.69,2016-06-23 10:00:00,
1.125314371,2397396,Matthias Bachinger,Bachinger v Saville,20,2016-06-23 08:11:33.466,1.54,2016-06-23 10:00:00,
1.125314371,2397396,Matthias Bachinger,Bachinger v Saville,30,2016-06-23 09:06:36.776,1.46,2016-06-23 10:00:00,
1.125314371,2397396,Matthias Bachinger,Bachinger v Saville,40,2016-06-23 11:20:33.926,1.64,2016-06-23 22:00:00,
1.125314371,2397396,Matthias Bachinger,Bachinger v Saville,50,2016-06-23 15:35:35.928,1.54,2016-06-23 17:45:00,
1.125314371,2397396,Matthias Bachinger,Bachinger v Saville,60,2016-06-24 02:52:13.472,1.53,2016-06-24 12:00:00,
1.125314371,2397396,Matthias Bachinger,Bachinger v Saville,70,2016-06-24 10:08:34.910,1.55,2016-06-24 13:00:00,
1.125314371,2397396,Matthias Bachinger,Bachinger v Saville,80,2016-06-24 12:05:36.864,1.58,2016-06-24 13:00:00,
1.125314371,2397396,Matthias Bachinger,Bachinger v Saville,90,2016-06-24 13:04:33.461,1.6,2016-06-24 14:00:00,
1.125314371,2397396,Matthias Bachinger,Bachinger v Saville,100,2016-06-24 15:14:33.687,1.6,2016-06-24 15:17:00,
1.125314371,6965426,Luke Saville,Bachinger v Saville,0,2016-06-23 04:12:08.851,2.72,2016-06-23 10:00:00,
1.125314371,6965426,Luke Saville,Bachinger v Saville,10,2016-06-23 04:50:28.978,2.46,2016-06-23 10:00:00,
1.125314371,6965426,Luke Saville,Bachinger v Saville,20,2016-06-23 07:46:36.230,2.6,2016-06-23 10:00:00,
1.125314371,6965426,Luke Saville,Bachinger v Saville,30,2016-06-23 09:05:35.295,3.0,2016-06-23 10:00:00,
1.125314371,6965426,Luke Saville,Bachinger v Saville,40,2016-06-23 09:07:18.417,3.2,2016-06-23 10:00:00,
1.125314371,6965426,Luke Saville,Bachinger v Saville,50,2016-06-23 11:20:33.926,2.58,2016-06-23 22:00:00,
1.125314371,6965426,Luke Saville,Bachinger v Saville,60,2016-06-23 15:35:35.928,2.84,2016-06-23 17:45:00,
1.125314371,6965426,Luke Saville,Bachinger v Saville,70,2016-06-24 10:08:34.910,2.8,2016-06-24 13:00:00,
1.125314371,6965426,Luke Saville,Bachinger v Saville,80,2016-06-24 10:12:29.967,2.72,2016-06-24 13:00:00,
1.125314371,6965426,Luke Saville,Bachinger v Saville,90,2016-06-24 12:01:30.839,2.66,2016-06-24 13:00:00,
1.125314371,6965426,Luke Saville,Bachinger v Saville,100,2016-06-24 15:16:32.269,2.66,2016-06-24 15:17:00,
1.125315293,2263634,Lukas Lacko,Lacko v Kamke,0,2016-06-23 05:29:30.606,2.14,2016-06-23 10:00:00,
1.125315293,2263634,Lukas Lacko,Lacko v Kamke,10,2016-06-23 08:51:03.600,2.16,2016-06-23 10:00:00,
1.125315293,2263634,Lukas Lacko,Lacko v Kamke,20,2016-06-23 09:31:27.303,2.22,2016-06-23 10:00:00,
1.125315293,2263634,Lukas Lacko,Lacko v Kamke,30,2016-06-23 10:38:26.449,2.28,2016-06-23 10:45:00,
1.125315293,2263634,Lukas Lacko,Lacko v Kamke,40,2016-06-23 13:35:27.861,2.0,2016-06-23 13:47:00,
1.125315293,2263634,Lukas Lacko,Lacko v Kamke,50,2016-06-23 16:01:34.035,2.2,2016-06-24 10:00:00,
1.125315293,2263634,Lukas Lacko,Lacko v Kamke,60,2016-06-24 02:41:44.522,2.02,2016-06-24 10:00:00,
1.125315293,2263634,Lukas Lacko,Lacko v Kamke,70,2016-06-24 06:45:14.988,2.02,2016-06-24 10:00:00,
1.125315293,2263634,Lukas Lacko,Lacko v Kamke,80,2016-06-24 07:43:34.642,2.28,2016-06-24 10:00:00,
1.125315293,2263634,Lukas Lacko,Lacko v Kamke,90,2016-06-24 09:32:08.800,2.24,2016-06-24 11:00:00,
1.125315293,2263634,Lukas Lacko,Lacko v Kamke,100,2016-06-24 11:47:35.490,2.08,2016-06-24 12:00:00,
1.125315293,2581407,Tobias Kamke,Lacko v Kamke,0,2016-06-23 04:48:29.766,1.73,2016-06-23 10:00:00,
1.125315293,2581407,Tobias Kamke,Lacko v Kamke,10,2016-06-23 07:31:09.908,1.77,2016-06-23 10:00:00,
1.125315293,2581407,Tobias Kamke,Lacko v Kamke,20,2016-06-23 09:28:33.313,1.81,2016-06-23 10:00:00,
1.125315293,2581407,Tobias Kamke,Lacko v Kamke,30,2016-06-23 10:15:33.436,1.8,2016-06-23 10:30:00,
1.125315293,2581407,Tobias Kamke,Lacko v Kamke,40,2016-06-23 13:23:33.465,1.9,2016-06-23 13:32:00,
1.125315293,2581407,Tobias Kamke,Lacko v Kamke,50,2016-06-23 20:08:27.486,1.91,2016-06-24 10:00:00,
1.125315293,2581407,Tobias Kamke,Lacko v Kamke,60,2016-06-24 06:01:29.138,1.81,2016-06-24 10:00:00,
1.125315293,2581407,Tobias Kamke,Lacko v Kamke,70,2016-06-24 07:42:23.613,1.83,2016-06-24 10:00:00,
1.125315293,2581407,Tobias Kamke,Lacko v Kamke,80,2016-06-24 09:02:33.006,1.8,2016-06-24 11:00:00,
1.125315293,2581407,Tobias Kamke,Lacko v Kamke,90,2016-06-24 09:42:29.237,1.83,2016-06-24 11:00:00,
1.125315293,2581407,Tobias Kamke,Lacko v Kamke,100,2016-06-24 11:48:30.531,1.85,2016-06-24 12:00:00,
1.125315298,7335936,Dennis Novak,De Novak v Roger-Vasselin,0,2016-06-23 06:59:20.085,4.0,2016-06-23 10:00:00,
1.125315298,7335936,Dennis Novak,De Novak v Roger-Vasselin,10,2016-06-23 07:57:36.227,4.7,2016-06-23 10:00:00,
1.125315298,7335936,Dennis Novak,De Novak v Roger-Vasselin,20,2016-06-23 08:08:41.185,4.7,2016-06-23 10:00:00,
1.125315298,7335936,Dennis Novak,De Novak v Roger-Vasselin,30,2016-06-23 09:25:14.671,4.7,2016-06-23 10:00:00,
1.125315298,7335936,Dennis Novak,De Novak v Roger-Vasselin,40,2016-06-23 09:55:20.925,4.4,2016-06-23 10:00:00,
1.125315298,7335936,Dennis Novak,De Novak v Roger-Vasselin,50,2016-06-23 10:15:35.078,4.3,2016-06-23 10:30:00,
1.125315298,7335936,Dennis Novak,De Novak v Roger-Vasselin,60,2016-06-23 10:30:22.521,4.3,2016-06-23 10:45:00,
1.125315298,7335936,Dennis Novak,De Novak v Roger-Vasselin,70,2016-06-23 16:07:29.719,4.9,2016-06-24 12:00:00,
1.125315298,7335936,Dennis Novak,De Novak v Roger-Vasselin,80,2016-06-24 06:05:41.022,5.0,2016-06-24 12:00:00,
1.125315298,7335936,Dennis Novak,De Novak v Roger-Vasselin,90,2016-06-24 11:42:34.487,4.7,2016-06-24 12:00:00,
1.125315298,7335936,Dennis Novak,De Novak v Roger-Vasselin,100,2016-06-24 11:59:34.914,4.4,2016-06-24 12:15:00,
1.125315298,8259187,Edouard Roger-Vasselin,De Novak v Roger-Vasselin,0,2016-06-22 21:05:59.526,1.26,2016-06-23 10:00:00,
1.125315298,8259187,Edouard Roger-Vasselin,De Novak v Roger-Vasselin,10,2016-06-23 06:41:37.987,1.27,2016-06-23 10:00:00,
1.125315298,8259187,Edouard Roger-Vasselin,De Novak v Roger-Vasselin,20,2016-06-23 07:49:22.725,1.28,2016-06-23 10:00:00,
1.125315298,8259187,Edouard Roger-Vasselin,De Novak v Roger-Vasselin,30,2016-06-23 08:51:03.495,1.28,2016-06-23 10:00:00,
1.125315298,8259187,Edouard Roger-Vasselin,De Novak v Roger-Vasselin,40,2016-06-23 09:42:23.048,1.26,2016-06-23 10:00:00,
1.125315298,8259187,Edouard Roger-Vasselin,De Novak v Roger-Vasselin,50,2016-06-23 10:29:35.483,1.34,2016-06-23 10:45:00,
1.125315298,8259187,Edouard Roger-Vasselin,De Novak v Roger-Vasselin,60,2016-06-23 14:04:40.175,1.26,2016-06-23 18:15:00,
1.125315298,8259187,Edouard Roger-Vasselin,De Novak v Roger-Vasselin,70,2016-06-24 01:26:47.734,1.29,2016-06-24 12:00:00,
1.125315298,8259187,Edouard Roger-Vasselin,De Novak v Roger-Vasselin,80,2016-06-24 07:54:32.683,1.25,2016-06-24 12:00:00,
1.125315298,8259187,Edouard Roger-Vasselin,De Novak v Roger-Vasselin,90,2016-06-24 11:44:54.319,1.26,2016-06-24 12:00:00,
1.125315298,8259187,Edouard Roger-Vasselin,De Novak v Roger-Vasselin,100,2016-06-24 12:03:35.415,1.26,2016-06-24 12:15:00,
1.125315303,5908538,Alexander Kudryavtsev,Pavlasek v Kudryavtsev,0,2016-06-22 23:22:15.863,2.58,2016-06-23 10:00:00,
1.125315303,5908538,Alexander Kudryavtsev,Pavlasek v Kudryavtsev,10,2016-06-23 09:55:35.811,2.62,2016-06-23 10:00:00,
1.125315303,5908538,Alexander Kudryavtsev,Pavlasek v Kudryavtsev,20,2016-06-23 10:54:37.148,2.72,2016-06-23 11:00:00,
1.125315303,5908538,Alexander Kudryavtsev,Pavlasek v Kudryavtsev,30,2016-06-23 12:15:20.409,2.84,2016-06-23 16:30:00,
1.125315303,5908538,Alexander Kudryavtsev,Pavlasek v Kudryavtsev,40,2016-06-23 12:40:32.920,2.84,2016-06-23 12:45:00,
1.125315303,5908538,Alexander Kudryavtsev,Pavlasek v Kudryavtsev,50,2016-06-23 16:55:13.119,2.72,2016-06-24 12:00:00,
1.125315303,5908538,Alexander Kudryavtsev,Pavlasek v Kudryavtsev,60,2016-06-24 00:46:25.654,2.72,2016-06-24 12:00:00,
1.125315303,5908538,Alexander Kudryavtsev,Pavlasek v Kudryavtsev,70,2016-06-24 11:37:42.875,2.62,2016-06-24 12:01:00,
1.125315303,5908538,Alexander Kudryavtsev,Pavlasek v Kudryavtsev,80,2016-06-24 12:15:49.963,2.7,2016-06-24 12:31:00,
1.125315303,5908538,Alexander Kudryavtsev,Pavlasek v Kudryavtsev,90,2016-06-24 12:56:37.721,2.98,2016-06-24 13:10:00,
1.125315303,5908538,Alexander Kudryavtsev,Pavlasek v Kudryavtsev,100,2016-06-24 13:06:42.725,3.3,2016-06-24 13:10:00,2016-06-24 13:05:42.831
1.125315303,8494652,Adam Pavlasek,Pavlasek v Kudryavtsev,0,2016-06-22 21:10:53.925,1.51,2016-06-23 10:00:00,
1.125315303,8494652,Adam Pavlasek,Pavlasek v Kudryavtsev,10,2016-06-23 06:00:24.108,1.52,2016-06-23 10:00:00,
1.125315303,8494652,Adam Pavlasek,Pavlasek v Kudryavtsev,20,2016-06-23 09:43:39.557,1.59,2016-06-23 10:00:00,
1.125315303,8494652,Adam Pavlasek,Pavlasek v Kudryavtsev,30,2016-06-23 10:54:37.148,1.55,2016-06-23 11:00:00,
1.125315303,8494652,Adam Pavlasek,Pavlasek v Kudryavtsev,40,2016-06-23 11:45:22.012,1.52,2016-06-23 16:00:00,
1.125315303,8494652,Adam Pavlasek,Pavlasek v Kudryavtsev,50,2016-06-23 14:01:33.805,1.51,2016-06-23 22:02:00,
1.125315303,8494652,Adam Pavlasek,Pavlasek v Kudryavtsev,60,2016-06-24 05:28:53.860,1.59,2016-06-24 12:00:00,
1.125315303,8494652,Adam Pavlasek,Pavlasek v Kudryavtsev,70,2016-06-24 10:18:32.780,1.59,2016-06-24 12:01:00,
1.125315303,8494652,Adam Pavlasek,Pavlasek v Kudryavtsev,80,2016-06-24 11:56:02.349,1.59,2016-06-24 12:01:00,
1.125315303,8494652,Adam Pavlasek,Pavlasek v Kudryavtsev,90,2016-06-24 12:53:39.214,1.56,2016-06-24 13:01:00,
1.125315303,8494652,Adam Pavlasek,Pavlasek v Kudryavtsev,100,2016-06-24 13:09:42.631,1.4,2016-06-24 13:10:00,2016-06-24 13:05:42.831
1.125315979,3985839,Marcus Willis,Ma Willis v D Medvedev,0,2016-06-23 00:16:59.269,5.7,2016-06-23 10:00:00,
1.125315979,3985839,Marcus Willis,Ma Willis v D Medvedev,10,2016-06-23 08:15:59.840,4.6,2016-06-23 10:00:00,
1.125315979,3985839,Marcus Willis,Ma Willis v D Medvedev,20,2016-06-23 08:56:29.950,4.4,2016-06-23 10:00:00,
1.125315979,3985839,Marcus Willis,Ma Willis v D Medvedev,30,2016-06-23 09:30:29.603,5.6,2016-06-23 10:00:00,
1.125315979,3985839,Marcus Willis,Ma Willis v D Medvedev,40,2016-06-23 09:58:30.263,5.1,2016-06-23 10:00:00,
1.125315979,3985839,Marcus Willis,Ma Willis v D Medvedev,50,2016-06-23 10:59:35.174,5.1,2016-06-23 11:15:00,
1.125315979,3985839,Marcus Willis,Ma Willis v D Medvedev,60,2016-06-23 11:57:33.873,5.7,2016-06-23 12:00:00,
1.125315979,3985839,Marcus Willis,Ma Willis v D Medvedev,70,2016-06-23 22:49:45.188,5.2,2016-06-24 10:00:00,
1.125315979,3985839,Marcus Willis,Ma Willis v D Medvedev,80,2016-06-24 09:45:36.627,4.8,2016-06-24 11:00:00,
1.125315979,3985839,Marcus Willis,Ma Willis v D Medvedev,90,2016-06-24 10:13:27.039,4.4,2016-06-24 11:00:00,
1.125315979,3985839,Marcus Willis,Ma Willis v D Medvedev,100,2016-06-24 12:14:08.681,4.3,2016-06-24 13:00:00,
1.125315979,7797742,Daniil Medvedev,Ma Willis v D Medvedev,0,2016-06-22 21:06:30.071,1.22,2016-06-23 10:00:00,
1.125315979,7797742,Daniil Medvedev,Ma Willis v D Medvedev,10,2016-06-23 08:15:59.840,1.24,2016-06-23 10:00:00,
1.125315979,7797742,Daniil Medvedev,Ma Willis v D Medvedev,20,2016-06-23 09:23:32.359,1.24,2016-06-23 10:00:00,
1.125315979,7797742,Daniil Medvedev,Ma Willis v D Medvedev,30,2016-06-23 10:00:13.430,1.25,2016-06-23 10:15:00,
1.125315979,7797742,Daniil Medvedev,Ma Willis v D Medvedev,40,2016-06-23 11:00:35.145,1.21,2016-06-23 11:15:00,
1.125315979,7797742,Daniil Medvedev,Ma Willis v D Medvedev,50,2016-06-23 13:52:16.348,1.23,2016-06-23 16:02:00,
1.125315979,7797742,Daniil Medvedev,Ma Willis v D Medvedev,60,2016-06-23 19:20:38.626,1.24,2016-06-24 10:00:00,
1.125315979,7797742,Daniil Medvedev,Ma Willis v D Medvedev,70,2016-06-24 08:34:43.527,1.24,2016-06-24 10:00:00,
1.125315979,7797742,Daniil Medvedev,Ma Willis v D Medvedev,80,2016-06-24 09:46:16.257,1.28,2016-06-24 11:00:00,
1.125315979,7797742,Daniil Medvedev,Ma Willis v D Medvedev,90,2016-06-24 10:32:18.949,1.31,2016-06-24 11:00:00,
1.125315979,7797742,Daniil Medvedev,Ma Willis v D Medvedev,100,2016-06-24 13:02:23.807,1.25,2016-06-24 13:15:00,
1.125315984,5858055,Hiroki Moriya,Moriya v D Novikov,0,2016-06-23 08:54:03.073,2.66,2016-06-23 10:00:00,
1.125315984,5858055,Hiroki Moriya,Moriya v D Novikov,10,2016-06-23 09:54:16.119,2.52,2016-06-23 10:00:00,
1.125315984,5858055,Hiroki Moriya,Moriya v D Novikov,20,2016-06-23 09:57:33.992,2.52,2016-06-23 10:00:00,
1.125315984,5858055,Hiroki Moriya,Moriya v D Novikov,30,2016-06-23 12:42:32.850,2.58,2016-06-23 16:45:00,
1.125315984,5858055,Hiroki Moriya,Moriya v D Novikov,40,2016-06-23 13:45:49.020,2.58,2016-06-23 13:47:00,
1.125315984,5858055,Hiroki Moriya,Moriya v D Novikov,50,2016-06-23 16:26:33.714,2.48,2016-06-24 10:00:00,
1.125315984,5858055,Hiroki Moriya,Moriya v D Novikov,60,2016-06-24 07:59:27.787,2.58,2016-06-24 10:00:00,
1.125315984,5858055,Hiroki Moriya,Moriya v D Novikov,70,2016-06-24 09:46:33.060,2.48,2016-06-24 11:00:00,
1.125315984,5858055,Hiroki Moriya,Moriya v D Novikov,80,2016-06-24 09:53:33.878,2.5,2016-06-24 11:00:00,
1.125315984,5858055,Hiroki Moriya,Moriya v D Novikov,90,2016-06-24 11:10:34.069,2.44,2016-06-24 13:00:00,
1.125315984,5858055,Hiroki Moriya,Moriya v D Novikov,100,2016-06-24 13:06:28.100,2.52,2016-06-24 13:15:00,
1.125315984,6217982,Dennis Novikov,Moriya v D Novikov,0,2016-06-23 05:58:57.618,1.51,2016-06-23 10:00:00,
1.125315984,6217982,Dennis Novikov,Moriya v D Novikov,10,2016-06-23 09:42:30.138,1.62,2016-06-23 10:00:00,
1.125315984,6217982,Dennis Novikov,Moriya v D Novikov,20,2016-06-23 09:55:25.597,1.58,2016-06-23 10:00:00,
1.125315984,6217982,Dennis Novikov,Moriya v D Novikov,30,2016-06-23 10:03:10.654,1.59,2016-06-23 10:15:00,
1.125315984,6217982,Dennis Novikov,Moriya v D Novikov,40,2016-06-23 10:16:27.563,1.65,2016-06-23 10:30:00,
1.125315984,6217982,Dennis Novikov,Moriya v D Novikov,50,2016-06-23 13:29:18.713,1.64,2016-06-23 13:32:00,
1.125315984,6217982,Dennis Novikov,Moriya v D Novikov,60,2016-06-23 14:56:15.229,1.66,2016-06-23 15:02:00,
1.125315984,6217982,Dennis Novikov,Moriya v D Novikov,70,2016-06-23 19:25:26.641,1.65,2016-06-24 10:00:00,
1.125315984,6217982,Dennis Novikov,Moriya v D Novikov,80,2016-06-24 09:10:35.417,1.68,2016-06-24 11:00:00,
1.125315984,6217982,Dennis Novikov,Moriya v D Novikov,90,2016-06-24 12:38:32.421,1.66,2016-06-24 13:00:00,
1.125315984,6217982,Dennis Novikov,Moriya v D Novikov,100,2016-06-24 13:27:55.914,1.61,2016-06-24 13:30:00,
1.12531599,3622052,Kristina Mladenovic,K Mladenovic v Puig,0,2016-06-22 17:38:13.327,1.8,2016-06-23 12:00:00,
1.12531599,3622052,Kristina Mladenovic,K Mladenovic v Puig,10,2016-06-23 01:28:25.129,1.69,2016-06-23 10:00:00,
1.12531599,3622052,Kristina Mladenovic,K Mladenovic v Puig,20,2016-06-23 05:18:13.277,1.76,2016-06-23 10:00:00,
1.12531599,3622052,Kristina Mladenovic,K Mladenovic v Puig,30,2016-06-23 06:15:45.043,1.75,2016-06-23 10:00:00,
1.12531599,3622052,Kristina Mladenovic,K Mladenovic v Puig,40,2016-06-23 07:22:32.478,1.77,2016-06-23 10:00:00,
1.12531599,3622052,Kristina Mladenovic,K Mladenovic v Puig,50,2016-06-23 08:15:39.240,1.78,2016-06-23 10:00:00,
1.12531599,3622052,Kristina Mladenovic,K Mladenovic v Puig,60,2016-06-23 08:37:43.433,1.78,2016-06-23 10:00:00,
1.12531599,3622052,Kristina Mladenovic,K Mladenovic v Puig,70,2016-06-23 09:10:45.389,1.81,2016-06-23 10:00:00,
1.12531599,3622052,Kristina Mladenovic,K Mladenovic v Puig,80,2016-06-23 09:26:40.609,1.85,2016-06-23 10:00:00,
1.12531599,3622052,Kristina Mladenovic,K Mladenovic v Puig,90,2016-06-23 09:41:45.041,1.9,2016-06-23 10:00:00,
1.12531599,3622052,Kristina Mladenovic,K Mladenovic v Puig,100,2016-06-23 09:58:44.243,1.89,2016-06-23 10:00:00,
1.12531599,5374368,Monica Puig,K Mladenovic v Puig,0,2016-06-22 19:57:25.555,2.32,2016-06-23 10:00:00,
1.12531599,5374368,Monica Puig,K Mladenovic v Puig,10,2016-06-22 22:03:39.213,2.38,2016-06-23 10:00:00,
1.12531599,5374368,Monica Puig,K Mladenovic v Puig,20,2016-06-23 05:54:33.502,2.34,2016-06-23 10:00:00,
1.12531599,5374368,Monica Puig,K Mladenovic v Puig,30,2016-06-23 06:22:16.570,2.32,2016-06-23 10:00:00,
1.12531599,5374368,Monica Puig,K Mladenovic v Puig,40,2016-06-23 07:15:11.978,2.26,2016-06-23 10:00:00,
1.12531599,5374368,Monica Puig,K Mladenovic v Puig,50,2016-06-23 07:47:38.209,2.34,2016-06-23 10:00:00,
1.12531599,5374368,Monica Puig,K Mladenovic v Puig,60,2016-06-23 08:26:44.379,2.3,2016-06-23 10:00:00,
1.12531599,5374368,Monica Puig,K Mladenovic v Puig,70,2016-06-23 09:01:44.735,2.24,2016-06-23 10:00:00,
1.12531599,5374368,Monica Puig,K Mladenovic v Puig,80,2016-06-23 09:23:19.015,2.22,2016-06-23 10:00:00,
1.12531599,5374368,Monica Puig,K Mladenovic v Puig,90,2016-06-23 09:39:35.337,2.1,2016-06-23 10:00:00,
1.12531599,5374368,Monica Puig,K Mladenovic v Puig,100,2016-06-23 09:59:42.608,2.14,2016-06-23 10:00:00,
1.125316044,2263577,Agnieszka Radwanska,A Radwanska v Cibulkova,0,2016-06-22 21:12:07.332,1.41,2016-06-23 12:00:00,
1.125316044,2263577,Agnieszka Radwanska,A Radwanska v Cibulkova,10,2016-06-23 06:13:17.195,1.42,2016-06-23 12:00:00,
1.125316044,2263577,Agnieszka Radwanska,A Radwanska v Cibulkova,20,2016-06-23 09:26:39.456,1.42,2016-06-23 12:00:00,
1.125316044,2263577,Agnieszka Radwanska,A Radwanska v Cibulkova,30,2016-06-23 12:00:42.377,1.38,2016-06-23 12:15:00,
1.125316044,2263577,Agnieszka Radwanska,A Radwanska v Cibulkova,40,2016-06-23 19:06:12.379,1.09,2016-06-24 10:00:00,2016-06-23 13:08:49.888
1.125316044,2263577,Agnieszka Radwanska,A Radwanska v Cibulkova,50,2016-06-23 20:51:50.295,1.12,2016-06-24 10:00:00,2016-06-23 13:08:49.888
1.125316044,2263577,Agnieszka Radwanska,A Radwanska v Cibulkova,60,2016-06-23 22:08:01.555,1.11,2016-06-24 10:00:00,2016-06-23 13:08:49.888
1.125316044,2263577,Agnieszka Radwanska,A Radwanska v Cibulkova,70,2016-06-24 01:49:34.954,1.1,2016-06-24 10:00:00,2016-06-23 13:08:49.888
1.125316044,2263577,Agnieszka Radwanska,A Radwanska v Cibulkova,80,2016-06-24 04:52:47.937,1.1,2016-06-24 10:00:00,2016-06-23 13:08:49.888
1.125316044,2263577,Agnieszka Radwanska,A Radwanska v Cibulkova,90,2016-06-24 07:25:30.800,1.1,2016-06-24 10:00:00,2016-06-23 13:08:49.888
1.125316044,2263577,Agnieszka Radwanska,A Radwanska v Cibulkova,100,2016-06-24 09:40:20.397,1.09,2016-06-24 10:00:00,2016-06-23 13:08:49.888
1.125316044,2301145,Dominika Cibulkova,A Radwanska v Cibulkova,0,2016-06-22 21:04:10.344,3.35,2016-06-23 12:00:00,
1.125316044,2301145,Dominika Cibulkova,A Radwanska v Cibulkova,10,2016-06-23 05:01:46.113,3.4,2016-06-23 12:00:00,
1.125316044,2301145,Dominika Cibulkova,A Radwanska v Cibulkova,20,2016-06-23 10:09:49.810,3.45,2016-06-23 12:00:00,
1.125316044,2301145,Dominika Cibulkova,A Radwanska v Cibulkova,30,2016-06-23 12:27:52.849,3.7,2016-06-23 12:30:00,
1.125316044,2301145,Dominika Cibulkova,A Radwanska v Cibulkova,40,2016-06-23 18:50:51.120,10.5,2016-06-24 10:00:00,2016-06-23 13:08:49.888
1.125316044,2301145,Dominika Cibulkova,A Radwanska v Cibulkova,50,2016-06-23 19:30:18.083,11.0,2016-06-24 10:00:00,2016-06-23 13:08:49.888
1.125316044,2301145,Dominika Cibulkova,A Radwanska v Cibulkova,60,2016-06-23 20:55:50.620,10.5,2016-06-24 10:00:00,2016-06-23 13:08:49.888
1.125316044,2301145,Dominika Cibulkova,A Radwanska v Cibulkova,70,2016-06-23 22:42:22.013,10.5,2016-06-24 10:00:00,2016-06-23 13:08:49.888
1.125316044,2301145,Dominika Cibulkova,A Radwanska v Cibulkova,80,2016-06-24 04:01:39.792,11.0,2016-06-24 10:00:00,2016-06-23 13:08:49.888
1.125316044,2301145,Dominika Cibulkova,A Radwanska v Cibulkova,90,2016-06-24 06:57:16.719,11.0,2016-06-24 10:00:00,2016-06-23 13:08:49.888
1.125316044,2301145,Dominika Cibulkova,A Radwanska v Cibulkova,100,2016-06-24 09:52:36.630,11.5,2016-06-24 10:00:00,2016-06-23 13:08:49.888
1.125316098,8285864,Matteo Donati,Djere v Donati,0,2016-06-24 00:35:12.227,1.72,2016-06-24 11:30:00,
1.125316098,8285864,Matteo Donati,Djere v Donati,10,2016-06-24 02:51:25.779,1.63,2016-06-24 11:30:00,
1.125316098,8285864,Matteo Donati,Djere v Donati,20,2016-06-24 06:30:38.666,1.62,2016-06-24 11:30:00,
1.125316098,8285864,Matteo Donati,Djere v Donati,30,2016-06-24 06:42:00.398,1.63,2016-06-24 11:30:00,
1.125316098,8285864,Matteo Donati,Djere v Donati,40,2016-06-24 09:42:56.544,1.64,2016-06-24 11:19:00,
1.125316098,8285864,Matteo Donati,Djere v Donati,50,2016-06-24 10:20:40.277,1.64,2016-06-24 11:19:00,
1.125316098,8285864,Matteo Donati,Djere v Donati,60,2016-06-24 11:06:32.993,1.63,2016-06-24 11:19:00,
1.125316098,8285864,Matteo Donati,Djere v Donati,70,2016-06-24 11:15:56.241,1.56,2016-06-24 11:19:00,
1.125316098,8285864,Matteo Donati,Djere v Donati,80,2016-06-24 11:24:49.247,1.57,2016-06-24 11:34:00,
1.125316098,8285864,Matteo Donati,Djere v Donati,90,2016-06-24 11:41:50.294,1.58,2016-06-24 11:49:00,
1.125316098,8285864,Matteo Donati,Djere v Donati,100,2016-06-24 12:00:47.460,1.65,2016-06-24 12:02:00,
1.125316129,6603898,Radu Albot,Albot v Kovalik,0,2016-06-22 21:21:36.434,2.42,2016-06-23 10:00:00,
1.125316129,6603898,Radu Albot,Albot v Kovalik,10,2016-06-23 06:54:23.576,2.22,2016-06-23 10:00:00,
1.125316129,6603898,Radu Albot,Albot v Kovalik,20,2016-06-23 08:24:35.539,2.2,2016-06-23 10:00:00,
1.125316129,6603898,Radu Albot,Albot v Kovalik,30,2016-06-23 09:12:32.689,2.0,2016-06-23 10:00:00,
1.125316129,6603898,Radu Albot,Albot v Kovalik,40,2016-06-23 09:34:35.260,1.97,2016-06-23 10:00:00,
1.125316129,6603898,Radu Albot,Albot v Kovalik,50,2016-06-23 10:32:53.581,1.94,2016-06-23 10:45:00,
1.125316129,6603898,Radu Albot,Albot v Kovalik,60,2016-06-23 15:30:21.378,1.91,2016-06-23 15:45:00,
1.125316129,6603898,Radu Albot,Albot v Kovalik,70,2016-06-23 19:24:33.122,2.14,2016-06-24 12:00:00,
1.125316129,6603898,Radu Albot,Albot v Kovalik,80,2016-06-24 04:49:19.786,1.91,2016-06-24 12:00:00,
1.125316129,6603898,Radu Albot,Albot v Kovalik,90,2016-06-24 10:07:34.895,1.88,2016-06-24 12:02:00,
1.125316129,6603898,Radu Albot,Albot v Kovalik,100,2016-06-24 12:17:34.480,1.84,2016-06-24 12:19:00,
1.125316129,7287668,Jozef Kovalik,Albot v Kovalik,0,2016-06-22 21:21:36.434,1.71,2016-06-23 10:00:00,
1.125316129,7287668,Jozef Kovalik,Albot v Kovalik,10,2016-06-22 22:17:31.110,1.72,2016-06-23 10:00:00,
1.125316129,7287668,Jozef Kovalik,Albot v Kovalik,20,2016-06-23 07:43:49.894,1.93,2016-06-23 10:00:00,
1.125316129,7287668,Jozef Kovalik,Albot v Kovalik,30,2016-06-23 08:34:18.145,1.83,2016-06-23 10:00:00,
1.125316129,7287668,Jozef Kovalik,Albot v Kovalik,40,2016-06-23 09:21:28.591,1.92,2016-06-23 10:00:00,
1.125316129,7287668,Jozef Kovalik,Albot v Kovalik,50,2016-06-23 09:33:25.146,2.08,2016-06-23 10:00:00,
1.125316129,7287668,Jozef Kovalik,Albot v Kovalik,60,2016-06-23 09:49:20.544,2.04,2016-06-23 10:00:00,
1.125316129,7287668,Jozef Kovalik,Albot v Kovalik,70,2016-06-23 10:18:29.425,2.1,2016-06-23 10:30:00,
1.125316129,7287668,Jozef Kovalik,Albot v Kovalik,80,2016-06-23 16:23:22.983,1.91,2016-06-24 12:00:00,
1.125316129,7287668,Jozef Kovalik,Albot v Kovalik,90,2016-06-23 20:18:29.494,2.1,2016-06-24 12:00:00,
1.125316129,7287668,Jozef Kovalik,Albot v Kovalik,100,2016-06-24 12:00:17.806,2.1,2016-06-24 12:02:00,
1.125316134,2250859,Marina Erakovic,Khromacheva v Erakovic,0,2016-06-23 04:56:18.046,1.41,2016-06-23 10:00:00,
1.125316134,2250859,Marina Erakovic,Khromacheva v Erakovic,10,2016-06-23 08:14:03.942,1.45,2016-06-23 10:00:00,
1.125316134,2250859,Marina Erakovic,Khromacheva v Erakovic,20,2016-06-23 08:40:24.520,1.46,2016-06-23 10:00:00,
1.125316134,2250859,Marina Erakovic,Khromacheva v Erakovic,30,2016-06-23 09:04:05.441,1.44,2016-06-23 10:00:00,
1.125316134,2250859,Marina Erakovic,Khromacheva v Erakovic,40,2016-06-23 09:58:31.107,1.42,2016-06-23 14:00:00,
1.125316134,2250859,Marina Erakovic,Khromacheva v Erakovic,50,2016-06-23 14:45:47.620,1.42,2016-06-23 16:47:00,
1.125316134,2250859,Marina Erakovic,Khromacheva v Erakovic,60,2016-06-24 09:00:32.748,1.42,2016-06-24 13:00:00,
1.125316134,2250859,Marina Erakovic,Khromacheva v Erakovic,70,2016-06-24 12:09:35.927,1.41,2016-06-24 13:00:00,
1.125316134,2250859,Marina Erakovic,Khromacheva v Erakovic,80,2016-06-24 13:28:10.168,1.41,2016-06-24 14:00:00,
1.125316134,2250859,Marina Erakovic,Khromacheva v Erakovic,90,2016-06-24 14:37:12.772,1.41,2016-06-24 15:00:00,
1.125316134,2250859,Marina Erakovic,Khromacheva v Erakovic,100,2016-06-24 14:59:34.256,1.47,2016-06-24 15:15:00,
1.125316139,2256469,Marcos Baghdatis,M Baghdatis v P Cuevas,0,2016-06-22 17:12:17.506,1.5,2016-06-23 12:00:00,
1.125316139,2256469,Marcos Baghdatis,M Baghdatis v P Cuevas,10,2016-06-22 20:43:03.271,1.36,2016-06-23 13:00:00,
1.125316139,2256469,Marcos Baghdatis,M Baghdatis v P Cuevas,20,2016-06-23 01:30:49.315,1.34,2016-06-23 13:00:00,
1.125316139,2256469,Marcos Baghdatis,M Baghdatis v P Cuevas,30,2016-06-23 04:17:58.881,1.3,2016-06-23 13:00:00,
1.125316139,2256469,Marcos Baghdatis,M Baghdatis v P Cuevas,40,2016-06-23 05:15:01.919,1.32,2016-06-23 13:00:00,
1.125316139,2256469,Marcos Baghdatis,M Baghdatis v P Cuevas,50,2016-06-23 06:26:32.943,1.34,2016-06-23 13:00:00,
1.125316139,2256469,Marcos Baghdatis,M Baghdatis v P Cuevas,60,2016-06-23 07:35:35.944,1.34,2016-06-23 13:00:00,
1.125316139,2256469,Marcos Baghdatis,M Baghdatis v P Cuevas,70,2016-06-23 09:58:17.025,1.33,2016-06-23 13:00:00,
1.125316139,2256469,Marcos Baghdatis,M Baghdatis v P Cuevas,80,2016-06-23 10:55:49.488,1.34,2016-06-23 12:47:00,
1.125316139,2256469,Marcos Baghdatis,M Baghdatis v P Cuevas,90,2016-06-23 11:51:09.818,1.35,2016-06-23 12:47:00,
1.125316139,2256469,Marcos Baghdatis,M Baghdatis v P Cuevas,100,2016-06-23 12:27:17.145,1.36,2016-06-23 12:28:00,
1.125316139,2424953,Pablo Cuevas,M Baghdatis v P Cuevas,0,2016-06-22 17:12:17.506,3.0,2016-06-23 12:00:00,
1.125316139,2424953,Pablo Cuevas,M Baghdatis v P Cuevas,10,2016-06-23 01:23:09.267,4.0,2016-06-23 13:00:00,
1.125316139,2424953,Pablo Cuevas,M Baghdatis v P Cuevas,20,2016-06-23 04:05:03.446,4.1,2016-06-23 13:00:00,
1.125316139,2424953,Pablo Cuevas,M Baghdatis v P Cuevas,30,2016-06-23 05:49:47.579,3.9,2016-06-23 13:00:00,
1.125316139,2424953,Pablo Cuevas,M Baghdatis v P Cuevas,40,2016-06-23 07:32:06.845,3.85,2016-06-23 13:00:00,
1.125316139,2424953,Pablo Cuevas,M Baghdatis v P Cuevas,50,2016-06-23 09:05:09.416,3.9,2016-06-23 13:00:00,
1.125316139,2424953,Pablo Cuevas,M Baghdatis v P Cuevas,60,2016-06-23 09:59:12.079,4.1,2016-06-23 13:00:00,
1.125316139,2424953,Pablo Cuevas,M Baghdatis v P Cuevas,70,2016-06-23 10:59:08.236,3.9,2016-06-23 12:47:00,
1.125316139,2424953,Pablo Cuevas,M Baghdatis v P Cuevas,80,2016-06-23 11:50:11.878,3.9,2016-06-23 12:47:00,
1.125316139,2424953,Pablo Cuevas,M Baghdatis v P Cuevas,90,2016-06-23 12:18:17.308,3.85,2016-06-23 12:47:00,
1.125316139,2424953,Pablo Cuevas,M Baghdatis v P Cuevas,100,2016-06-23 12:27:17.145,3.85,2016-06-23 12:28:00,
1.12531626,2395076,Daniel Brands,Bemelmans v Brands,0,2016-06-22 21:01:33.774,1.56,2016-06-23 10:00:00,
1.12531626,2395076,Daniel Brands,Bemelmans v Brands,10,2016-06-23 04:59:30.844,1.68,2016-06-23 10:00:00,
1.12531626,2395076,Daniel Brands,Bemelmans v Brands,20,2016-06-23 09:30:32.987,1.63,2016-06-23 10:00:00,
1.12531626,2395076,Daniel Brands,Bemelmans v Brands,30,2016-06-23 09:44:12.911,1.79,2016-06-23 10:00:00,
1.12531626,2395076,Daniel Brands,Bemelmans v Brands,40,2016-06-23 10:37:35.863,1.73,2016-06-23 10:45:00,
1.12531626,2395076,Daniel Brands,Bemelmans v Brands,50,2016-06-23 11:15:51.121,1.66,2016-06-23 15:30:00,
1.12531626,2395076,Daniel Brands,Bemelmans v Brands,60,2016-06-23 14:13:04.724,1.73,2016-06-23 14:17:00,
1.12531626,2395076,Daniel Brands,Bemelmans v Brands,70,2016-06-24 08:00:19.569,1.77,2016-06-24 12:00:00,
1.12531626,2395076,Daniel Brands,Bemelmans v Brands,80,2016-06-24 09:04:06.863,1.82,2016-06-24 12:00:00,
1.12531626,2395076,Daniel Brands,Bemelmans v Brands,90,2016-06-24 10:28:35.615,1.77,2016-06-24 12:01:00,
1.12531626,2395076,Daniel Brands,Bemelmans v Brands,100,2016-06-24 11:20:20.202,1.7,2016-06-24 11:30:00,
1.12531626,2831873,Ruben Bemelmans,Bemelmans v Brands,0,2016-06-23 05:54:18.716,2.42,2016-06-23 10:00:00,
1.12531626,2831873,Ruben Bemelmans,Bemelmans v Brands,10,2016-06-23 09:30:32.987,2.6,2016-06-23 10:00:00,
1.12531626,2831873,Ruben Bemelmans,Bemelmans v Brands,20,2016-06-23 10:15:33.226,2.26,2016-06-23 10:30:00,
1.12531626,2831873,Ruben Bemelmans,Bemelmans v Brands,30,2016-06-23 11:12:36.069,2.26,2016-06-23 15:15:00,
1.12531626,2831873,Ruben Bemelmans,Bemelmans v Brands,40,2016-06-23 11:15:51.121,2.52,2016-06-23 15:30:00,
1.12531626,2831873,Ruben Bemelmans,Bemelmans v Brands,50,2016-06-23 13:43:27.766,2.2,2016-06-23 13:47:00,
1.12531626,2831873,Ruben Bemelmans,Bemelmans v Brands,60,2016-06-23 18:48:15.778,2.62,2016-06-24 12:00:00,
1.12531626,2831873,Ruben Bemelmans,Bemelmans v Brands,70,2016-06-24 06:24:20.048,2.32,2016-06-24 12:00:00,
1.12531626,2831873,Ruben Bemelmans,Bemelmans v Brands,80,2016-06-24 10:00:34.628,2.22,2016-06-24 12:15:00,
1.12531626,2831873,Ruben Bemelmans,Bemelmans v Brands,90,2016-06-24 10:30:35.813,2.28,2016-06-24 12:01:00,
1.12531626,2831873,Ruben Bemelmans,Bemelmans v Brands,100,2016-06-24 11:20:20.202,2.26,2016-06-24 11:30:00,
1.125316265,5303559,Jana Cepelova,K Zhang v Cepelova,0,2016-06-23 11:10:28.598,1.59,2016-06-23 12:00:00,
1.125316265,5303559,Jana Cepelova,K Zhang v Cepelova,10,2016-06-23 14:34:35.748,1.62,2016-06-23 15:02:00,
1.125316265,5303559,Jana Cepelova,K Zhang v Cepelova,20,2016-06-23 15:07:29.581,1.56,2016-06-23 15:17:00,
1.125316265,5303559,Jana Cepelova,K Zhang v Cepelova,30,2016-06-23 15:10:36.549,1.5,2016-06-23 15:17:00,
1.125316265,5303559,Jana Cepelova,K Zhang v Cepelova,40,2016-06-23 15:59:33.438,1.62,2016-06-23 16:02:00,
1.125316265,5303559,Jana Cepelova,K Zhang v Cepelova,50,2016-06-24 06:14:23.060,1.53,2016-06-24 10:00:00,
1.125316265,5303559,Jana Cepelova,K Zhang v Cepelova,60,2016-06-24 08:40:22.798,1.56,2016-06-24 10:00:00,
1.125316265,5303559,Jana Cepelova,K Zhang v Cepelova,70,2016-06-24 09:24:19.691,1.64,2016-06-24 10:00:00,
1.125316265,5303559,Jana Cepelova,K Zhang v Cepelova,80,2016-06-24 09:59:25.239,1.56,2016-06-24 10:00:00,
1.125316265,5303559,Jana Cepelova,K Zhang v Cepelova,90,2016-06-24 10:00:06.410,1.54,2016-06-24 10:15:00,
1.125316265,5303559,Jana Cepelova,K Zhang v Cepelova,100,2016-06-24 10:07:59.498,1.58,2016-06-24 10:15:00,
1.125316265,8710301,Kai-Lin Zhang,K Zhang v Cepelova,0,2016-06-23 14:16:04.708,2.7,2016-06-23 15:02:00,
1.125316265,8710301,Kai-Lin Zhang,K Zhang v Cepelova,10,2016-06-23 14:34:35.748,2.6,2016-06-23 15:02:00,
1.125316265,8710301,Kai-Lin Zhang,K Zhang v Cepelova,20,2016-06-23 14:35:16.783,2.66,2016-06-23 15:02:00,
1.125316265,8710301,Kai-Lin Zhang,K Zhang v Cepelova,30,2016-06-23 15:07:29.581,2.7,2016-06-23 15:17:00,
1.125316265,8710301,Kai-Lin Zhang,K Zhang v Cepelova,40,2016-06-23 15:10:36.549,3.0,2016-06-23 15:17:00,
1.125316265,8710301,Kai-Lin Zhang,K Zhang v Cepelova,50,2016-06-23 15:59:33.438,2.6,2016-06-23 16:02:00,
1.125316265,8710301,Kai-Lin Zhang,K Zhang v Cepelova,60,2016-06-23 16:01:16.948,2.58,2016-06-24 10:00:00,
1.125316265,8710301,Kai-Lin Zhang,K Zhang v Cepelova,70,2016-06-23 21:22:22.896,2.5,2016-06-24 10:00:00,
1.125316265,8710301,Kai-Lin Zhang,K Zhang v Cepelova,80,2016-06-24 09:24:19.691,2.56,2016-06-24 10:00:00,
1.125316265,8710301,Kai-Lin Zhang,K Zhang v Cepelova,90,2016-06-24 09:42:24.678,2.52,2016-06-24 10:00:00,
1.125316265,8710301,Kai-Lin Zhang,K Zhang v Cepelova,100,2016-06-24 10:05:36.329,2.7,2016-06-24 10:15:00,
1.12531627,3738415,Julia Boserup,B Haas v Boserup,0,2016-06-23 08:36:41.296,1.64,2016-06-23 10:00:00,
1.12531627,3738415,Julia Boserup,B Haas v Boserup,10,2016-06-23 22:02:27.597,1.64,2016-06-24 10:00:00,
1.12531627,3738415,Julia Boserup,B Haas v Boserup,20,2016-06-24 08:46:10.241,1.61,2016-06-24 10:00:00,
1.12531627,3738415,Julia Boserup,B Haas v Boserup,30,2016-06-24 09:37:39.490,1.62,2016-06-24 11:00:00,
1.12531627,3738415,Julia Boserup,B Haas v Boserup,40,2016-06-24 11:34:34.746,1.24,2016-06-24 11:47:00,2016-06-24 11:24:42.009
1.12531627,3738415,Julia Boserup,B Haas v Boserup,50,2016-06-24 11:39:43.116,1.17,2016-06-24 11:47:00,2016-06-24 11:24:42.009
1.12531627,3738415,Julia Boserup,B Haas v Boserup,60,2016-06-24 11:44:37.058,1.11,2016-06-24 11:47:00,2016-06-24 11:24:42.009
1.12531627,3738415,Julia Boserup,B Haas v Boserup,70,2016-06-24 11:50:40.554,1.09,2016-06-24 12:02:00,2016-06-24 11:24:42.009
1.12531627,3738415,Julia Boserup,B Haas v Boserup,80,2016-06-24 11:55:43.138,1.11,2016-06-24 12:02:00,2016-06-24 11:24:42.009
1.12531627,3738415,Julia Boserup,B Haas v Boserup,90,2016-06-24 12:06:37.393,1.03,2016-06-24 12:17:00,2016-06-24 11:24:42.009
1.12531627,3738415,Julia Boserup,B Haas v Boserup,100,2016-06-24 12:15:43.191,1.03,2016-06-24 12:17:00,2016-06-24 11:24:42.009
1.12531627,6438801,Barbara Haas,B Haas v Boserup,0,2016-06-23 07:26:42.251,2.46,2016-06-23 10:00:00,
1.12531627,6438801,Barbara Haas,B Haas v Boserup,10,2016-06-23 20:23:13.197,2.54,2016-06-24 10:00:00,
1.12531627,6438801,Barbara Haas,B Haas v Boserup,20,2016-06-24 08:46:10.241,2.64,2016-06-24 10:00:00,
1.12531627,6438801,Barbara Haas,B Haas v Boserup,30,2016-06-24 09:32:38.038,2.52,2016-06-24 11:00:00,
1.12531627,6438801,Barbara Haas,B Haas v Boserup,40,2016-06-24 11:23:11.755,2.48,2016-06-24 11:32:00,
1.12531627,6438801,Barbara Haas,B Haas v Boserup,50,2016-06-24 11:37:40.034,6.0,2016-06-24 11:47:00,2016-06-24 11:24:42.009
1.12531627,6438801,Barbara Haas,B Haas v Boserup,60,2016-06-24 11:41:38.178,7.8,2016-06-24 11:47:00,2016-06-24 11:24:42.009
1.12531627,6438801,Barbara Haas,B Haas v Boserup,70,2016-06-24 11:45:40.868,8.6,2016-06-24 11:47:00,2016-06-24 11:24:42.009
1.12531627,6438801,Barbara Haas,B Haas v Boserup,80,2016-06-24 11:52:42.857,7.8,2016-06-24 12:02:00,2016-06-24 11:24:42.009
1.12531627,6438801,Barbara Haas,B Haas v Boserup,90,2016-06-24 11:59:40.133,36.0,2016-06-24 12:02:00,2016-06-24 11:24:42.009
1.12531627,6438801,Barbara Haas,B Haas v Boserup,100,2016-06-24 12:11:35.586,34.0,2016-06-24 12:17:00,2016-06-24 11:24:42.009
1.125316397,4183959,Amra Sadikovic,Sadikovic v Ka Chang,0,2016-06-23 08:14:21.960,1.83,2016-06-23 10:00:00,
1.125316397,4183959,Amra Sadikovic,Sadikovic v Ka Chang,10,2016-06-23 16:02:28.215,1.83,2016-06-24 10:00:00,
1.125316397,4183959,Amra Sadikovic,Sadikovic v Ka Chang,20,2016-06-23 17:38:37.113,1.82,2016-06-24 10:00:00,
1.125316397,4183959,Amra Sadikovic,Sadikovic v Ka Chang,30,2016-06-23 17:50:40.910,1.7,2016-06-24 10:00:00,
1.125316397,4183959,Amra Sadikovic,Sadikovic v Ka Chang,40,2016-06-23 18:12:25.925,1.71,2016-06-24 10:00:00,
1.125316397,4183959,Amra Sadikovic,Sadikovic v Ka Chang,50,2016-06-24 06:39:36.541,1.81,2016-06-24 10:00:00,
1.125316397,4183959,Amra Sadikovic,Sadikovic v Ka Chang,60,2016-06-24 09:42:30.497,1.81,2016-06-24 10:00:00,
1.125316397,4183959,Amra Sadikovic,Sadikovic v Ka Chang,70,2016-06-24 10:12:40.115,1.67,2016-06-24 10:15:00,2016-06-24 10:10:33.918
1.125316397,4183959,Amra Sadikovic,Sadikovic v Ka Chang,80,2016-06-24 10:17:40.882,1.37,2016-06-24 10:30:00,2016-06-24 10:10:33.918
1.125316397,4183959,Amra Sadikovic,Sadikovic v Ka Chang,90,2016-06-24 10:21:40.051,1.4,2016-06-24 10:30:00,2016-06-24 10:10:33.918
1.125316397,4183959,Amra Sadikovic,Sadikovic v Ka Chang,100,2016-06-24 10:27:36.650,1.41,2016-06-24 10:30:00,2016-06-24 10:10:33.918
1.125316397,8887166,Kai-Chen Chang,Sadikovic v Ka Chang,0,2016-06-23 09:30:33.929,2.24,2016-06-23 10:00:00,
1.125316397,8887166,Kai-Chen Chang,Sadikovic v Ka Chang,10,2016-06-23 17:11:31.234,2.22,2016-06-24 10:00:00,
1.125316397,8887166,Kai-Chen Chang,Sadikovic v Ka Chang,20,2016-06-23 17:44:40.602,2.18,2016-06-24 10:00:00,
1.125316397,8887166,Kai-Chen Chang,Sadikovic v Ka Chang,30,2016-06-23 18:05:37.281,2.36,2016-06-24 10:00:00,
1.125316397,8887166,Kai-Chen Chang,Sadikovic v Ka Chang,40,2016-06-23 18:12:25.925,2.3,2016-06-24 10:00:00,
1.125316397,8887166,Kai-Chen Chang,Sadikovic v Ka Chang,50,2016-06-23 23:51:25.895,2.26,2016-06-24 10:00:00,
1.125316397,8887166,Kai-Chen Chang,Sadikovic v Ka Chang,60,2016-06-24 07:51:38.979,2.28,2016-06-24 10:00:00,
1.125316397,8887166,Kai-Chen Chang,Sadikovic v Ka Chang,70,2016-06-24 09:20:30.317,2.26,2016-06-24 10:00:00,
1.125316397,8887166,Kai-Chen Chang,Sadikovic v Ka Chang,80,2016-06-24 09:54:49.923,2.22,2016-06-24 10:00:00,
1.125316397,8887166,Kai-Chen Chang,Sadikovic v Ka Chang,90,2016-06-24 10:13:39.563,2.4,2016-06-24 10:15:00,2016-06-24 10:10:33.918
1.125316397,8887166,Kai-Chen Chang,Sadikovic v Ka Chang,100,2016-06-24 10:26:38.496,3.25,2016-06-24 10:30:00,2016-06-24 10:10:33.918
1.125316403,7299657,Tatjana Maria,Maria v R Peterson,0,2016-06-22 22:05:43.479,1.15,2016-06-23 10:00:00,
1.125316403,7299657,Tatjana Maria,Maria v R Peterson,10,2016-06-23 03:38:41.007,1.3,2016-06-23 10:00:00,
1.125316403,7299657,Tatjana Maria,Maria v R Peterson,20,2016-06-23 09:22:31.177,1.29,2016-06-23 10:00:00,
1.125316403,7299657,Tatjana Maria,Maria v R Peterson,30,2016-06-23 12:40:37.675,1.33,2016-06-23 14:44:00,
1.125316403,7299657,Tatjana Maria,Maria v R Peterson,40,2016-06-24 02:48:08.587,1.28,2016-06-24 10:00:00,
1.125316403,7299657,Tatjana Maria,Maria v R Peterson,50,2016-06-24 03:11:30.559,1.3,2016-06-24 10:00:00,
1.125316403,7299657,Tatjana Maria,Maria v R Peterson,60,2016-06-24 06:43:34.045,1.3,2016-06-24 10:00:00,
1.125316403,7299657,Tatjana Maria,Maria v R Peterson,70,2016-06-24 09:37:23.566,1.33,2016-06-24 11:00:00,
1.125316403,7299657,Tatjana Maria,Maria v R Peterson,80,2016-06-24 11:46:18.388,1.35,2016-06-24 13:00:00,
1.125316403,7299657,Tatjana Maria,Maria v R Peterson,90,2016-06-24 12:07:17.549,1.3,2016-06-24 13:00:00,
1.125316403,7299657,Tatjana Maria,Maria v R Peterson,100,2016-06-24 14:59:35.255,1.36,2016-06-24 15:15:00,
1.125316408,8681458,Ekaterina Alexandrova,Dart v Alexandrova,0,2016-06-23 09:06:07.173,1.5,2016-06-23 12:00:00,
1.125316408,8681458,Ekaterina Alexandrova,Dart v Alexandrova,10,2016-06-23 19:22:18.868,1.46,2016-06-24 12:00:00,
1.125316408,8681458,Ekaterina Alexandrova,Dart v Alexandrova,20,2016-06-23 22:03:30.965,1.48,2016-06-24 12:00:00,
1.125316408,8681458,Ekaterina Alexandrova,Dart v Alexandrova,30,2016-06-24 06:44:17.257,1.45,2016-06-24 12:00:00,
1.125316408,8681458,Ekaterina Alexandrova,Dart v Alexandrova,40,2016-06-24 08:08:41.779,1.43,2016-06-24 12:00:00,
1.125316408,8681458,Ekaterina Alexandrova,Dart v Alexandrova,50,2016-06-24 12:13:33.761,1.45,2016-06-24 13:00:00,
1.125316408,8681458,Ekaterina Alexandrova,Dart v Alexandrova,60,2016-06-24 12:41:24.015,1.49,2016-06-24 13:00:00,
1.125316408,8681458,Ekaterina Alexandrova,Dart v Alexandrova,70,2016-06-24 13:08:39.517,1.44,2016-06-24 14:00:00,
1.125316408,8681458,Ekaterina Alexandrova,Dart v Alexandrova,80,2016-06-24 13:42:38.939,1.48,2016-06-24 14:00:00,
1.125316408,8681458,Ekaterina Alexandrova,Dart v Alexandrova,90,2016-06-24 13:57:35.372,1.45,2016-06-24 15:00:00,
1.125316408,8681458,Ekaterina Alexandrova,Dart v Alexandrova,100,2016-06-24 15:01:40.539,1.5,2016-06-24 15:15:00,
1.125317081,2283676,Carlos Berlocq,Berlocq v Zekic,0,2016-06-23 06:13:58.969,1.19,2016-06-24 12:00:00,
1.125317081,2283676,Carlos Berlocq,Berlocq v Zekic,10,2016-06-23 08:59:40.895,1.13,2016-06-24 12:00:00,
1.125317081,2283676,Carlos Berlocq,Berlocq v Zekic,20,2016-06-23 19:36:16.230,1.15,2016-06-24 09:30:00,
1.125317081,2283676,Carlos Berlocq,Berlocq v Zekic,30,2016-06-24 02:02:56.738,1.13,2016-06-24 09:30:00,
1.125317081,2283676,Carlos Berlocq,Berlocq v Zekic,40,2016-06-24 02:56:56.538,1.19,2016-06-24 09:30:00,
1.125317081,2283676,Carlos Berlocq,Berlocq v Zekic,50,2016-06-24 06:25:14.535,1.16,2016-06-24 09:30:00,
1.125317081,2283676,Carlos Berlocq,Berlocq v Zekic,60,2016-06-24 07:14:23.558,1.14,2016-06-24 09:30:00,
1.125317081,2283676,Carlos Berlocq,Berlocq v Zekic,70,2016-06-24 07:48:48.209,1.09,2016-06-24 09:30:00,
1.125317081,2283676,Carlos Berlocq,Berlocq v Zekic,80,2016-06-24 08:29:54.341,1.11,2016-06-24 09:30:00,
1.125317081,2283676,Carlos Berlocq,Berlocq v Zekic,90,2016-06-24 08:55:59.219,1.1,2016-06-24 09:30:00,
1.125317081,2283676,Carlos Berlocq,Berlocq v Zekic,100,2016-06-24 09:14:57.944,1.09,2016-06-24 09:30:00,
1.125317081,7444811,Miljan Zekic,Berlocq v Zekic,0,2016-06-23 06:15:53.865,5.8,2016-06-24 12:00:00,
1.125317081,7444811,Miljan Zekic,Berlocq v Zekic,10,2016-06-23 07:54:40.544,7.0,2016-06-24 12:00:00,
1.125317081,7444811,Miljan Zekic,Berlocq v Zekic,20,2016-06-24 02:55:51.694,8.0,2016-06-24 09:30:00,
1.125317081,7444811,Miljan Zekic,Berlocq v Zekic,30,2016-06-24 02:56:56.538,6.2,2016-06-24 09:30:00,
1.125317081,7444811,Miljan Zekic,Berlocq v Zekic,40,2016-06-24 02:57:58.066,5.9,2016-06-24 09:30:00,
1.125317081,7444811,Miljan Zekic,Berlocq v Zekic,50,2016-06-24 05:21:49.008,7.4,2016-06-24 09:30:00,
1.125317081,7444811,Miljan Zekic,Berlocq v Zekic,60,2016-06-24 06:07:57.774,7.6,2016-06-24 09:30:00,
1.125317081,7444811,Miljan Zekic,Berlocq v Zekic,70,2016-06-24 07:14:23.558,8.2,2016-06-24 09:30:00,
1.125317081,7444811,Miljan Zekic,Berlocq v Zekic,80,2016-06-24 07:48:48.209,11.0,2016-06-24 09:30:00,
1.125317081,7444811,Miljan Zekic,Berlocq v Zekic,90,2016-06-24 07:56:00.284,9.2,2016-06-24 09:30:00,
1.125317081,7444811,Miljan Zekic,Berlocq v Zekic,100,2016-06-24 09:00:01.360,11.0,2016-06-24 09:30:00,
1.125317362,5300820,Aleksandra Krunic,Krunic v Y Duan,0,2016-06-23 09:09:33.732,1.58,2016-06-23 12:00:00,
1.125317362,5300820,Aleksandra Krunic,Krunic v Y Duan,10,2016-06-23 09:25:04.601,1.58,2016-06-23 12:00:00,
1.125317362,5300820,Aleksandra Krunic,Krunic v Y Duan,20,2016-06-23 11:59:42.085,1.6,2016-06-23 15:00:00,
1.125317362,5300820,Aleksandra Krunic,Krunic v Y Duan,30,2016-06-23 14:01:34.135,1.59,2016-06-23 18:02:00,
1.125317362,5300820,Aleksandra Krunic,Krunic v Y Duan,40,2016-06-24 00:00:24.875,1.61,2016-06-24 12:00:00,
1.125317362,5300820,Aleksandra Krunic,Krunic v Y Duan,50,2016-06-24 06:55:52.724,1.64,2016-06-24 12:00:00,
1.125317362,5300820,Aleksandra Krunic,Krunic v Y Duan,60,2016-06-24 10:36:36.216,1.61,2016-06-24 13:00:00,
1.125317362,5300820,Aleksandra Krunic,Krunic v Y Duan,70,2016-06-24 11:01:14.319,1.6,2016-06-24 14:00:00,
1.125317362,5300820,Aleksandra Krunic,Krunic v Y Duan,80,2016-06-24 11:08:35.549,1.6,2016-06-24 14:00:00,
1.125317362,5300820,Aleksandra Krunic,Krunic v Y Duan,90,2016-06-24 13:42:06.332,1.59,2016-06-24 14:27:00,
1.125317362,5300820,Aleksandra Krunic,Krunic v Y Duan,100,2016-06-24 14:00:29.667,1.63,2016-06-24 14:27:00,
1.125317362,8243878,Ying-Ying Duan,Krunic v Y Duan,0,2016-06-23 04:56:53.712,2.4,2016-06-23 12:00:00,
1.125317362,8243878,Ying-Ying Duan,Krunic v Y Duan,10,2016-06-23 08:18:23.800,2.4,2016-06-23 12:00:00,
1.125317362,8243878,Ying-Ying Duan,Krunic v Y Duan,20,2016-06-23 11:07:34.593,2.5,2016-06-23 14:00:00,
1.125317362,8243878,Ying-Ying Duan,Krunic v Y Duan,30,2016-06-23 13:59:35.551,2.7,2016-06-23 18:02:00,
1.125317362,8243878,Ying-Ying Duan,Krunic v Y Duan,40,2016-06-23 19:27:27.773,2.76,2016-06-24 12:00:00,
1.125317362,8243878,Ying-Ying Duan,Krunic v Y Duan,50,2016-06-23 20:58:28.486,2.68,2016-06-24 12:00:00,
1.125317362,8243878,Ying-Ying Duan,Krunic v Y Duan,60,2016-06-24 10:36:36.216,2.62,2016-06-24 13:00:00,
1.125317362,8243878,Ying-Ying Duan,Krunic v Y Duan,70,2016-06-24 10:38:46.649,2.46,2016-06-24 13:00:00,
1.125317362,8243878,Ying-Ying Duan,Krunic v Y Duan,80,2016-06-24 11:07:26.570,2.72,2016-06-24 14:00:00,
1.125317362,8243878,Ying-Ying Duan,Krunic v Y Duan,90,2016-06-24 11:09:17.511,2.7,2016-06-24 14:00:00,
1.125317362,8243878,Ying-Ying Duan,Krunic v Y Duan,100,2016-06-24 13:59:24.488,2.64,2016-06-24 14:27:00,
1.125317421,2248579,Gilles Muller,G Muller v Dolgopolov,0,2016-06-22 20:40:07.848,1.77,2016-06-23 11:00:00,
1.125317421,2248579,Gilles Muller,G Muller v Dolgopolov,10,2016-06-22 23:32:27.141,1.76,2016-06-23 11:00:00,
1.125317421,2248579,Gilles Muller,G Muller v Dolgopolov,20,2016-06-23 02:01:36.989,1.77,2016-06-23 11:00:00,
1.125317421,2248579,Gilles Muller,G Muller v Dolgopolov,30,2016-06-23 05:14:29.357,1.76,2016-06-23 11:00:00,
1.125317421,2248579,Gilles Muller,G Muller v Dolgopolov,40,2016-06-23 07:07:27.580,1.83,2016-06-23 11:00:00,
1.125317421,2248579,Gilles Muller,G Muller v Dolgopolov,50,2016-06-23 07:29:15.882,1.84,2016-06-23 11:00:00,
1.125317421,2248579,Gilles Muller,G Muller v Dolgopolov,60,2016-06-23 07:53:28.012,1.83,2016-06-23 11:00:00,
1.125317421,2248579,Gilles Muller,G Muller v Dolgopolov,70,2016-06-23 08:25:22.662,1.83,2016-06-23 11:00:00,
1.125317421,2248579,Gilles Muller,G Muller v Dolgopolov,80,2016-06-23 09:45:24.286,1.83,2016-06-23 11:00:00,
1.125317421,2248579,Gilles Muller,G Muller v Dolgopolov,90,2016-06-23 10:10:30.516,1.81,2016-06-23 11:00:00,
1.125317421,2248579,Gilles Muller,G Muller v Dolgopolov,100,2016-06-23 10:48:37.428,1.83,2016-06-23 11:00:00,
1.125317421,4720522,Alexandr Dolgopolov,G Muller v Dolgopolov,0,2016-06-22 20:30:38.720,2.22,2016-06-23 11:00:00,
1.125317421,4720522,Alexandr Dolgopolov,G Muller v Dolgopolov,10,2016-06-22 23:41:37.305,2.38,2016-06-23 11:00:00,
1.125317421,4720522,Alexandr Dolgopolov,G Muller v Dolgopolov,20,2016-06-23 01:35:07.666,2.28,2016-06-23 11:00:00,
1.125317421,4720522,Alexandr Dolgopolov,G Muller v Dolgopolov,30,2016-06-23 05:14:29.357,2.3,2016-06-23 11:00:00,
1.125317421,4720522,Alexandr Dolgopolov,G Muller v Dolgopolov,40,2016-06-23 07:09:37.659,2.2,2016-06-23 11:00:00,
1.125317421,4720522,Alexandr Dolgopolov,G Muller v Dolgopolov,50,2016-06-23 07:24:36.665,2.18,2016-06-23 11:00:00,
1.125317421,4720522,Alexandr Dolgopolov,G Muller v Dolgopolov,60,2016-06-23 07:38:18.125,2.16,2016-06-23 11:00:00,
1.125317421,4720522,Alexandr Dolgopolov,G Muller v Dolgopolov,70,2016-06-23 08:02:31.988,2.2,2016-06-23 11:00:00,
1.125317421,4720522,Alexandr Dolgopolov,G Muller v Dolgopolov,80,2016-06-23 09:15:36.500,2.22,2016-06-23 11:00:00,
1.125317421,4720522,Alexandr Dolgopolov,G Muller v Dolgopolov,90,2016-06-23 09:50:35.991,2.24,2016-06-23 11:00:00,
1.125317421,4720522,Alexandr Dolgopolov,G Muller v Dolgopolov,100,2016-06-23 10:45:41.627,2.2,2016-06-23 11:00:00,
1.125317475,2263715,Tamira Paszek,Paszek v Hlavackova,0,2016-06-23 04:58:01.647,1.56,2016-06-23 12:00:00,
1.125317475,2263715,Tamira Paszek,Paszek v Hlavackova,10,2016-06-23 09:06:24.904,1.69,2016-06-23 12:00:00,
1.125317475,2263715,Tamira Paszek,Paszek v Hlavackova,20,2016-06-23 09:19:37.298,1.59,2016-06-23 12:00:00,
1.125317475,2263715,Tamira Paszek,Paszek v Hlavackova,30,2016-06-23 10:13:34.704,1.55,2016-06-23 12:00:00,
1.125317475,2263715,Tamira Paszek,Paszek v Hlavackova,40,2016-06-23 10:30:36.088,1.57,2016-06-23 12:00:00,
1.125317475,2263715,Tamira Paszek,Paszek v Hlavackova,50,2016-06-23 11:23:42.987,1.59,2016-06-23 12:00:00,
1.125317475,2263715,Tamira Paszek,Paszek v Hlavackova,60,2016-06-23 11:59:42.521,1.6,2016-06-23 17:00:00,
1.125317475,2263715,Tamira Paszek,Paszek v Hlavackova,70,2016-06-23 12:00:36.332,1.59,2016-06-23 17:00:00,
1.125317475,2263715,Tamira Paszek,Paszek v Hlavackova,80,2016-06-23 14:00:13.056,1.55,2016-06-23 20:02:00,
1.125317475,2263715,Tamira Paszek,Paszek v Hlavackova,90,2016-06-24 05:29:36.823,1.57,2016-06-24 12:00:00,
1.125317475,2263715,Tamira Paszek,Paszek v Hlavackova,100,2016-06-24 09:26:23.799,1.58,2016-06-24 12:00:00,
1.12531748,6390239,Maryna Zanevska,Sakkari v Zanevska,0,2016-06-22 21:58:51.913,1.85,2016-06-23 12:00:00,
1.12531748,6390239,Maryna Zanevska,Sakkari v Zanevska,10,2016-06-22 22:39:41.946,1.66,2016-06-23 12:00:00,
1.12531748,6390239,Maryna Zanevska,Sakkari v Zanevska,20,2016-06-23 07:52:13.077,1.68,2016-06-23 12:00:00,
1.12531748,6390239,Maryna Zanevska,Sakkari v Zanevska,30,2016-06-23 08:47:10.407,1.67,2016-06-23 12:00:00,
1.12531748,6390239,Maryna Zanevska,Sakkari v Zanevska,40,2016-06-23 08:53:28.327,1.68,2016-06-23 12:00:00,
1.12531748,6390239,Maryna Zanevska,Sakkari v Zanevska,50,2016-06-23 13:25:13.133,1.77,2016-06-23 13:29:00,
1.12531748,6390239,Maryna Zanevska,Sakkari v Zanevska,60,2016-06-23 16:03:20.362,1.77,2016-06-24 12:00:00,
1.12531748,6390239,Maryna Zanevska,Sakkari v Zanevska,70,2016-06-23 20:16:22.325,1.71,2016-06-24 12:00:00,
1.12531748,6390239,Maryna Zanevska,Sakkari v Zanevska,80,2016-06-24 07:00:08.690,1.63,2016-06-24 12:00:00,
1.12531748,6390239,Maryna Zanevska,Sakkari v Zanevska,90,2016-06-24 12:57:12.080,1.79,2016-06-24 14:00:00,
1.12531748,6390239,Maryna Zanevska,Sakkari v Zanevska,100,2016-06-24 13:23:59.383,1.79,2016-06-24 14:00:00,
1.12531748,9002331,Maria Sakkari,Sakkari v Zanevska,0,2016-06-22 21:58:51.913,2.18,2016-06-23 12:00:00,
1.12531748,9002331,Maria Sakkari,Sakkari v Zanevska,10,2016-06-22 22:39:41.946,2.5,2016-06-23 12:00:00,
1.12531748,9002331,Maria Sakkari,Sakkari v Zanevska,20,2016-06-23 08:45:43.628,2.44,2016-06-23 12:00:00,
1.12531748,9002331,Maria Sakkari,Sakkari v Zanevska,30,2016-06-23 08:53:28.327,2.48,2016-06-23 12:00:00,
1.12531748,9002331,Maria Sakkari,Sakkari v Zanevska,40,2016-06-23 13:44:33.620,2.44,2016-06-23 13:59:00,
1.12531748,9002331,Maria Sakkari,Sakkari v Zanevska,50,2016-06-23 16:01:29.431,2.3,2016-06-24 12:00:00,
1.12531748,9002331,Maria Sakkari,Sakkari v Zanevska,60,2016-06-23 21:37:12.438,2.4,2016-06-24 12:00:00,
1.12531748,9002331,Maria Sakkari,Sakkari v Zanevska,70,2016-06-24 10:20:33.661,2.36,2016-06-24 13:00:00,
1.12531748,9002331,Maria Sakkari,Sakkari v Zanevska,80,2016-06-24 12:43:43.906,2.28,2016-06-24 13:00:00,
1.12531748,9002331,Maria Sakkari,Sakkari v Zanevska,90,2016-06-24 12:57:12.080,2.28,2016-06-24 14:00:00,
1.12531748,9002331,Maria Sakkari,Sakkari v Zanevska,100,2016-06-24 13:20:30.608,2.26,2016-06-24 14:00:00,
1.125318018,2249846,Vania King,V King v Kumkhum,0,2016-06-22 22:05:50.689,1.77,2016-06-23 12:00:00,
1.125318018,2249846,Vania King,V King v Kumkhum,10,2016-06-22 22:16:09.450,2.1,2016-06-23 12:00:00,
1.125318018,2249846,Vania King,V King v Kumkhum,20,2016-06-23 08:12:35.450,2.08,2016-06-23 12:00:00,
1.125318018,2249846,Vania King,V King v Kumkhum,30,2016-06-23 10:18:16.217,2.1,2016-06-23 16:00:00,
1.125318018,2249846,Vania King,V King v Kumkhum,40,2016-06-23 12:30:26.032,2.12,2016-06-23 12:45:00,
1.125318018,2249846,Vania King,V King v Kumkhum,50,2016-06-23 12:33:38.252,2.12,2016-06-23 12:45:00,
1.125318018,2249846,Vania King,V King v Kumkhum,60,2016-06-23 12:34:12.019,2.1,2016-06-23 12:45:00,
1.125318018,2249846,Vania King,V King v Kumkhum,70,2016-06-23 12:36:34.677,2.12,2016-06-23 12:45:00,
1.125318018,2249846,Vania King,V King v Kumkhum,80,2016-06-23 13:10:35.479,2.12,2016-06-23 13:15:00,
1.125318018,2249846,Vania King,V King v Kumkhum,90,2016-06-23 13:11:23.559,2.14,2016-06-23 13:15:00,
1.125318018,2249846,Vania King,V King v Kumkhum,100,2016-06-24 12:16:52.986,2.08,2016-06-24 14:17:00,
1.125318087,2519549,Kevin Anderson,K Anderson v St Johnson,0,2016-06-22 20:52:52.087,1.59,2016-06-23 17:00:00,
1.125318087,2519549,Kevin Anderson,K Anderson v St Johnson,10,2016-06-23 09:22:33.408,1.55,2016-06-23 17:00:00,
1.125318087,2519549,Kevin Anderson,K Anderson v St Johnson,20,2016-06-23 16:18:35.919,1.59,2016-06-23 17:14:00,
1.125318087,2519549,Kevin Anderson,K Anderson v St Johnson,30,2016-06-23 20:14:11.201,1.65,2016-06-24 11:00:00,2016-06-23 17:46:35.689
1.125318087,2519549,Kevin Anderson,K Anderson v St Johnson,40,2016-06-23 21:23:06.467,1.65,2016-06-24 11:00:00,2016-06-23 17:46:35.689
1.125318087,2519549,Kevin Anderson,K Anderson v St Johnson,50,2016-06-23 23:55:16.667,1.66,2016-06-24 11:00:00,2016-06-23 17:46:35.689
1.125318087,2519549,Kevin Anderson,K Anderson v St Johnson,60,2016-06-24 03:01:50.309,1.69,2016-06-24 11:00:00,2016-06-23 17:46:35.689
1.125318087,2519549,Kevin Anderson,K Anderson v St Johnson,70,2016-06-24 05:28:25.093,1.68,2016-06-24 11:00:00,2016-06-23 17:46:35.689
1.125318087,2519549,Kevin Anderson,K Anderson v St Johnson,80,2016-06-24 07:35:54.290,1.69,2016-06-24 11:00:00,2016-06-23 17:46:35.689
1.125318087,2519549,Kevin Anderson,K Anderson v St Johnson,90,2016-06-24 09:16:35.496,1.65,2016-06-24 11:00:00,2016-06-23 17:46:35.689
1.125318087,2519549,Kevin Anderson,K Anderson v St Johnson,100,2016-06-24 10:43:33.707,1.68,2016-06-24 11:00:00,2016-06-23 17:46:35.689
1.125318087,4876706,Steve Johnson,K Anderson v St Johnson,0,2016-06-22 22:36:13.890,2.98,2016-06-23 17:00:00,
1.125318087,4876706,Steve Johnson,K Anderson v St Johnson,10,2016-06-23 12:37:23.445,2.78,2016-06-23 16:26:00,
1.125318087,4876706,Steve Johnson,K Anderson v St Johnson,20,2016-06-23 14:56:35.469,2.72,2016-06-23 16:56:00,
1.125318087,4876706,Steve Johnson,K Anderson v St Johnson,30,2016-06-23 16:24:27.303,2.68,2016-06-23 17:14:00,
1.125318087,4876706,Steve Johnson,K Anderson v St Johnson,40,2016-06-23 17:32:34.961,2.82,2016-06-23 17:34:00,
1.125318087,4876706,Steve Johnson,K Anderson v St Johnson,50,2016-06-23 20:48:30.128,2.44,2016-06-24 11:00:00,2016-06-23 17:46:35.689
1.125318087,4876706,Steve Johnson,K Anderson v St Johnson,60,2016-06-23 22:51:31.558,2.48,2016-06-24 11:00:00,2016-06-23 17:46:35.689
1.125318087,4876706,Steve Johnson,K Anderson v St Johnson,70,2016-06-24 02:38:33.939,2.44,2016-06-24 11:00:00,2016-06-23 17:46:35.689
1.125318087,4876706,Steve Johnson,K Anderson v St Johnson,80,2016-06-24 07:10:26.061,2.36,2016-06-24 11:00:00,2016-06-23 17:46:35.689
1.125318087,4876706,Steve Johnson,K Anderson v St Johnson,90,2016-06-24 09:08:29.915,2.48,2016-06-24 11:00:00,2016-06-23 17:46:35.689
1.125318087,4876706,Steve Johnson,K Anderson v St Johnson,100,2016-06-24 10:41:30.951,2.5,2016-06-24 11:00:00,2016-06-23 17:46:35.689
1.125322669,2248470,Elena Vesnina,Ka Pliskova v Vesnina,0,2016-06-23 12:17:10.511,2.7,2016-06-23 14:30:00,
1.125322669,2248470,Elena Vesnina,Ka Pliskova v Vesnina,10,2016-06-23 13:23:47.630,2.92,2016-06-23 14:54:00,
1.125322669,2248470,Elena Vesnina,Ka Pliskova v Vesnina,20,2016-06-23 13:36:56.752,2.88,2016-06-23 14:54:00,
1.125322669,2248470,Elena Vesnina,Ka Pliskova v Vesnina,30,2016-06-23 13:51:59.792,3.0,2016-06-23 14:54:00,
1.125322669,2248470,Elena Vesnina,Ka Pliskova v Vesnina,40,2016-06-23 14:15:03.555,2.96,2016-06-23 14:54:00,
1.125322669,2248470,Elena Vesnina,Ka Pliskova v Vesnina,50,2016-06-23 14:52:06.403,3.0,2016-06-23 15:00:00,
1.125322669,2248470,Elena Vesnina,Ka Pliskova v Vesnina,60,2016-06-23 15:29:59.873,3.05,2016-06-23 15:45:00,
1.125322669,2248470,Elena Vesnina,Ka Pliskova v Vesnina,70,2016-06-23 16:50:58.772,2.96,2016-06-23 17:15:00,
1.125322669,2248470,Elena Vesnina,Ka Pliskova v Vesnina,80,2016-06-23 20:49:43.868,10.0,2016-06-24 10:30:00,2016-06-23 17:47:57.769
1.125322669,2248470,Elena Vesnina,Ka Pliskova v Vesnina,90,2016-06-24 04:29:49.068,11.0,2016-06-24 10:30:00,2016-06-23 17:47:57.769
1.125322669,2248470,Elena Vesnina,Ka Pliskova v Vesnina,100,2016-06-24 09:56:50.201,12.0,2016-06-24 10:30:00,2016-06-23 17:47:57.769
1.125322669,6199453,Karolina Pliskova,Ka Pliskova v Vesnina,0,2016-06-23 12:58:37.924,1.54,2016-06-23 14:54:00,
1.125322669,6199453,Karolina Pliskova,Ka Pliskova v Vesnina,10,2016-06-23 13:43:54.897,1.5,2016-06-23 14:54:00,
1.125322669,6199453,Karolina Pliskova,Ka Pliskova v Vesnina,20,2016-06-23 14:52:06.403,1.5,2016-06-23 15:00:00,
1.125322669,6199453,Karolina Pliskova,Ka Pliskova v Vesnina,30,2016-06-23 17:00:06.574,1.51,2016-06-23 17:15:00,
1.125322669,6199453,Karolina Pliskova,Ka Pliskova v Vesnina,40,2016-06-23 18:59:02.816,1.11,2016-06-24 10:30:00,2016-06-23 17:47:57.769
1.125322669,6199453,Karolina Pliskova,Ka Pliskova v Vesnina,50,2016-06-23 20:21:41.837,1.11,2016-06-24 10:30:00,2016-06-23 17:47:57.769
1.125322669,6199453,Karolina Pliskova,Ka Pliskova v Vesnina,60,2016-06-23 22:27:51.014,1.11,2016-06-24 10:30:00,2016-06-23 17:47:57.769
1.125322669,6199453,Karolina Pliskova,Ka Pliskova v Vesnina,70,2016-06-24 04:32:04.801,1.1,2016-06-24 10:30:00,2016-06-23 17:47:57.769
1.125322669,6199453,Karolina Pliskova,Ka Pliskova v Vesnina,80,2016-06-24 07:01:40.621,1.1,2016-06-24 10:30:00,2016-06-23 17:47:57.769
1.125322669,6199453,Karolina Pliskova,Ka Pliskova v Vesnina,90,2016-06-24 09:15:23.402,1.1,2016-06-24 10:30:00,2016-06-23 17:47:57.769
1.125322669,6199453,Karolina Pliskova,Ka Pliskova v Vesnina,100,2016-06-24 10:28:04.126,1.09,2016-06-24 10:30:00,2016-06-23 17:47:57.769
1.125322981,2453959,Ekaterina Makarova,Konta v E Makarova,0,2016-06-23 13:55:25.182,2.64,2016-06-23 15:00:00,
1.125322981,2453959,Ekaterina Makarova,Konta v E Makarova,10,2016-06-23 15:29:59.085,2.4,2016-06-23 15:45:00,
1.125322981,2453959,Ekaterina Makarova,Konta v E Makarova,20,2016-06-23 17:03:31.362,2.64,2016-06-23 17:15:00,
1.125322981,2453959,Ekaterina Makarova,Konta v E Makarova,30,2016-06-23 18:11:07.652,2.62,2016-06-23 18:15:00,
1.125322981,2453959,Ekaterina Makarova,Konta v E Makarova,40,2016-06-23 23:13:33.880,2.6,2016-06-24 10:30:00,
1.125322981,2453959,Ekaterina Makarova,Konta v E Makarova,50,2016-06-24 06:59:07.252,2.74,2016-06-24 10:30:00,
1.125322981,2453959,Ekaterina Makarova,Konta v E Makarova,60,2016-06-24 08:14:57.641,2.74,2016-06-24 10:30:00,
1.125322981,2453959,Ekaterina Makarova,Konta v E Makarova,70,2016-06-24 09:34:50.960,2.66,2016-06-24 10:30:00,
1.125322981,2453959,Ekaterina Makarova,Konta v E Makarova,80,2016-06-24 10:01:07.619,2.62,2016-06-24 10:30:00,
1.125322981,2453959,Ekaterina Makarova,Konta v E Makarova,90,2016-06-24 11:05:52.285,2.5,2016-06-24 11:15:00,
1.125322981,2453959,Ekaterina Makarova,Konta v E Makarova,100,2016-06-24 11:44:07.917,2.54,2016-06-24 11:45:00,
1.125322981,5596561,Johanna Konta,Konta v E Makarova,0,2016-06-23 13:03:52.038,1.56,2016-06-23 15:00:00,
1.125322981,5596561,Johanna Konta,Konta v E Makarova,10,2016-06-23 14:19:56.408,1.66,2016-06-23 15:00:00,
1.125322981,5596561,Johanna Konta,Konta v E Makarova,20,2016-06-23 15:30:21.716,1.65,2016-06-23 15:45:00,
1.125322981,5596561,Johanna Konta,Konta v E Makarova,30,2016-06-23 17:59:07.156,1.64,2016-06-23 18:00:00,
1.125322981,5596561,Johanna Konta,Konta v E Makarova,40,2016-06-23 19:15:27.680,1.63,2016-06-24 10:30:00,
1.125322981,5596561,Johanna Konta,Konta v E Makarova,50,2016-06-24 05:33:06.936,1.6,2016-06-24 10:30:00,
1.125322981,5596561,Johanna Konta,Konta v E Makarova,60,2016-06-24 08:12:06.945,1.57,2016-06-24 10:30:00,
1.125322981,5596561,Johanna Konta,Konta v E Makarova,70,2016-06-24 09:12:45.844,1.59,2016-06-24 10:30:00,
1.125322981,5596561,Johanna Konta,Konta v E Makarova,80,2016-06-24 10:13:05.209,1.6,2016-06-24 10:30:00,
1.125322981,5596561,Johanna Konta,Konta v E Makarova,90,2016-06-24 10:52:04.410,1.65,2016-06-24 11:00:00,
1.125322981,5596561,Johanna Konta,Konta v E Makarova,100,2016-06-24 11:43:04.985,1.66,2016-06-24 11:45:00,
1.12533518,2248579,Gilles Muller,G Muller v P Cuevas,0,2016-06-23 16:55:18.617,1.59,2016-06-24 12:00:00,
1.12533518,2248579,Gilles Muller,G Muller v P Cuevas,10,2016-06-23 18:53:03.374,1.33,2016-06-24 11:00:00,
1.12533518,2248579,Gilles Muller,G Muller v P Cuevas,20,2016-06-23 23:07:05.634,1.36,2016-06-24 13:00:00,
1.12533518,2248579,Gilles Muller,G Muller v P Cuevas,30,2016-06-24 03:13:32.710,1.36,2016-06-24 13:00:00,
1.12533518,2248579,Gilles Muller,G Muller v P Cuevas,40,2016-06-24 06:15:09.430,1.35,2016-06-24 13:00:00,
1.12533518,2248579,Gilles Muller,G Muller v P Cuevas,50,2016-06-24 07:34:21.087,1.36,2016-06-24 13:00:00,
1.12533518,2248579,Gilles Muller,G Muller v P Cuevas,60,2016-06-24 08:32:52.081,1.35,2016-06-24 13:00:00,
1.12533518,2248579,Gilles Muller,G Muller v P Cuevas,70,2016-06-24 09:19:52.257,1.36,2016-06-24 13:00:00,
1.12533518,2248579,Gilles Muller,G Muller v P Cuevas,80,2016-06-24 10:19:10.147,1.33,2016-06-24 13:00:00,
1.12533518,2248579,Gilles Muller,G Muller v P Cuevas,90,2016-06-24 10:51:20.230,1.34,2016-06-24 12:43:00,
1.12533518,2248579,Gilles Muller,G Muller v P Cuevas,100,2016-06-24 11:29:16.256,1.35,2016-06-24 12:43:00,
1.12533518,2424953,Pablo Cuevas,G Muller v P Cuevas,0,2016-06-23 16:55:18.617,2.7,2016-06-24 12:00:00,
1.12533518,2424953,Pablo Cuevas,G Muller v P Cuevas,10,2016-06-23 19:39:15.889,3.75,2016-06-24 11:00:00,
1.12533518,2424953,Pablo Cuevas,G Muller v P Cuevas,20,2016-06-24 02:02:01.738,3.65,2016-06-24 13:00:00,
1.12533518,2424953,Pablo Cuevas,G Muller v P Cuevas,30,2016-06-24 05:18:53.417,3.7,2016-06-24 13:00:00,
1.12533518,2424953,Pablo Cuevas,G Muller v P Cuevas,40,2016-06-24 07:16:15.183,3.7,2016-06-24 13:00:00,
1.12533518,2424953,Pablo Cuevas,G Muller v P Cuevas,50,2016-06-24 07:36:51.628,3.9,2016-06-24 13:00:00,
1.12533518,2424953,Pablo Cuevas,G Muller v P Cuevas,60,2016-06-24 08:37:13.666,3.8,2016-06-24 13:00:00,
1.12533518,2424953,Pablo Cuevas,G Muller v P Cuevas,70,2016-06-24 09:32:33.371,3.75,2016-06-24 13:00:00,
1.12533518,2424953,Pablo Cuevas,G Muller v P Cuevas,80,2016-06-24 09:54:42.314,3.8,2016-06-24 13:00:00,
1.12533518,2424953,Pablo Cuevas,G Muller v P Cuevas,90,2016-06-24 10:59:20.849,3.85,2016-06-24 12:43:00,
1.12533518,2424953,Pablo Cuevas,G Muller v P Cuevas,100,2016-06-24 11:29:16.256,3.75,2016-06-24 12:43:00,
1.125335759,2923174,Gastao Elias,Gimeno-Traver v G Elias,0,2016-06-23 22:28:16.265,1.64,2016-06-24 15:30:00,
1.125335759,2923174,Gastao Elias,Gimeno-Traver v G Elias,10,2016-06-24 11:15:43.668,1.58,2016-06-24 15:30:00,
1.125335759,2923174,Gastao Elias,Gimeno-Traver v G Elias,20,2016-06-24 11:40:24.533,1.69,2016-06-24 15:30:00,
1.125335759,2923174,Gastao Elias,Gimeno-Traver v G Elias,30,2016-06-24 12:36:11.295,1.62,2016-06-24 15:30:00,
1.125335759,2923174,Gastao Elias,Gimeno-Traver v G Elias,40,2016-06-24 13:44:39.966,1.63,2016-06-24 15:30:00,
1.125335759,2923174,Gastao Elias,Gimeno-Traver v G Elias,50,2016-06-24 13:45:03.944,1.62,2016-06-24 15:30:00,
1.125335759,2923174,Gastao Elias,Gimeno-Traver v G Elias,60,2016-06-24 14:13:39.941,1.68,2016-06-24 15:30:00,
1.125335759,2923174,Gastao Elias,Gimeno-Traver v G Elias,70,2016-06-24 14:51:46.584,1.62,2016-06-24 15:30:00,
1.125335759,2923174,Gastao Elias,Gimeno-Traver v G Elias,80,2016-06-24 14:58:30.599,1.69,2016-06-24 15:30:00,
1.125335759,2923174,Gastao Elias,Gimeno-Traver v G Elias,90,2016-06-24 15:05:15.828,1.62,2016-06-24 15:30:00,
1.125335759,2923174,Gastao Elias,Gimeno-Traver v G Elias,100,2016-06-24 15:17:33.629,1.69,2016-06-24 15:30:00,
1.125339983,2404122,Andrea Petkovic,Petkovic v Hibino,0,2016-06-24 21:42:27.178,1.24,2016-06-25 12:00:00,
1.125339983,2404122,Andrea Petkovic,Petkovic v Hibino,10,2016-06-28 06:10:48.590,1.29,2016-06-28 12:30:00,
1.125339983,2404122,Andrea Petkovic,Petkovic v Hibino,20,2016-06-28 09:43:10.269,1.32,2016-06-28 12:30:00,
1.125339983,2404122,Andrea Petkovic,Petkovic v Hibino,30,2016-06-28 12:40:50.340,1.3,2016-06-28 12:44:00,
1.125339983,2404122,Andrea Petkovic,Petkovic v Hibino,40,2016-06-28 19:18:00.078,1.04,2016-06-29 10:30:00,2016-06-28 13:44:38.586
1.125339983,2404122,Andrea Petkovic,Petkovic v Hibino,50,2016-06-28 20:37:36.788,1.04,2016-06-29 10:30:00,2016-06-28 13:44:38.586
1.125339983,2404122,Andrea Petkovic,Petkovic v Hibino,60,2016-06-28 21:37:25.160,1.04,2016-06-29 10:30:00,2016-06-28 13:44:38.586
1.125339983,2404122,Andrea Petkovic,Petkovic v Hibino,70,2016-06-29 03:26:57.302,1.04,2016-06-29 10:30:00,2016-06-28 13:44:38.586
1.125339983,2404122,Andrea Petkovic,Petkovic v Hibino,80,2016-06-29 08:27:43.229,1.04,2016-06-29 10:30:00,2016-06-28 13:44:38.586
1.125339983,2404122,Andrea Petkovic,Petkovic v Hibino,90,2016-06-29 09:37:11.540,1.02,2016-06-29 10:30:00,2016-06-28 13:44:38.586
1.125339983,2404122,Andrea Petkovic,Petkovic v Hibino,100,2016-06-29 11:17:31.826,1.02,2016-06-29 11:30:00,2016-06-28 13:44:38.586
1.125339983,7683152,Nao Hibino,Petkovic v Hibino,0,2016-06-26 14:31:30.830,4.4,2016-06-28 12:00:00,
1.125339983,7683152,Nao Hibino,Petkovic v Hibino,10,2016-06-28 04:49:15.602,4.6,2016-06-28 12:30:00,
1.125339983,7683152,Nao Hibino,Petkovic v Hibino,20,2016-06-28 07:43:10.093,4.2,2016-06-28 12:30:00,
1.125339983,7683152,Nao Hibino,Petkovic v Hibino,30,2016-06-28 10:21:09.025,4.2,2016-06-28 12:30:00,
1.125339983,7683152,Nao Hibino,Petkovic v Hibino,40,2016-06-28 11:06:02.695,4.3,2016-06-28 12:29:00,
1.125339983,7683152,Nao Hibino,Petkovic v Hibino,50,2016-06-28 12:07:37.543,4.0,2016-06-28 12:29:00,
1.125339983,7683152,Nao Hibino,Petkovic v Hibino,60,2016-06-28 12:53:37.972,4.4,2016-06-28 12:59:00,
1.125339983,7683152,Nao Hibino,Petkovic v Hibino,70,2016-06-28 20:05:36.918,22.0,2016-06-29 10:30:00,2016-06-28 13:44:38.586
1.125339983,7683152,Nao Hibino,Petkovic v Hibino,80,2016-06-28 22:03:15.268,32.0,2016-06-29 10:30:00,2016-06-28 13:44:38.586
1.125339983,7683152,Nao Hibino,Petkovic v Hibino,90,2016-06-29 10:10:18.322,60.0,2016-06-29 10:30:00,2016-06-28 13:44:38.586
1.125339983,7683152,Nao Hibino,Petkovic v Hibino,100,2016-06-29 10:37:02.704,50.0,2016-06-29 10:45:00,2016-06-28 13:44:38.586
1.125340002,3103121,Daniel Evans,D Evans v Struff,0,2016-06-25 08:56:29.872,1.84,2016-06-26 12:00:00,
1.125340002,3103121,Daniel Evans,D Evans v Struff,10,2016-06-26 03:10:39.583,1.8,2016-06-27 12:00:00,
1.125340002,3103121,Daniel Evans,D Evans v Struff,20,2016-06-26 22:47:32.658,1.85,2016-06-27 14:30:00,
1.125340002,3103121,Daniel Evans,D Evans v Struff,30,2016-06-27 08:39:39.429,1.85,2016-06-27 14:30:00,
1.125340002,3103121,Daniel Evans,D Evans v Struff,40,2016-06-27 10:38:50.195,1.85,2016-06-27 14:45:00,
1.125340002,3103121,Daniel Evans,D Evans v Struff,50,2016-06-27 11:22:23.894,1.85,2016-06-27 14:37:00,
1.125340002,3103121,Daniel Evans,D Evans v Struff,60,2016-06-27 12:44:34.952,1.84,2016-06-27 13:57:00,
1.125340002,3103121,Daniel Evans,D Evans v Struff,70,2016-06-27 13:12:18.903,1.85,2016-06-27 13:57:00,
1.125340002,3103121,Daniel Evans,D Evans v Struff,80,2016-06-27 14:16:19.127,1.91,2016-06-27 14:27:00,
1.125340002,3103121,Daniel Evans,D Evans v Struff,90,2016-06-27 15:11:00.823,1.88,2016-06-27 15:12:00,
1.125340002,3103121,Daniel Evans,D Evans v Struff,100,2016-06-27 15:48:36.243,1.97,2016-06-27 15:54:00,
1.125340002,8259098,Jan-Lennard Struff,D Evans v Struff,0,2016-06-25 08:56:29.872,2.2,2016-06-26 12:00:00,
1.125340002,8259098,Jan-Lennard Struff,D Evans v Struff,10,2016-06-26 12:54:31.883,2.32,2016-06-27 14:30:00,
1.125340002,8259098,Jan-Lennard Struff,D Evans v Struff,20,2016-06-27 05:07:29.988,2.14,2016-06-27 14:30:00,
1.125340002,8259098,Jan-Lennard Struff,D Evans v Struff,30,2016-06-27 08:22:35.235,2.16,2016-06-27 14:30:00,
1.125340002,8259098,Jan-Lennard Struff,D Evans v Struff,40,2016-06-27 09:02:39.835,2.16,2016-06-27 14:30:00,
1.125340002,8259098,Jan-Lennard Struff,D Evans v Struff,50,2016-06-27 10:49:36.768,2.2,2016-06-27 14:37:00,
1.125340002,8259098,Jan-Lennard Struff,D Evans v Struff,60,2016-06-27 12:25:34.900,2.22,2016-06-27 13:57:00,
1.125340002,8259098,Jan-Lennard Struff,D Evans v Struff,70,2016-06-27 13:15:40.084,2.2,2016-06-27 13:57:00,
1.125340002,8259098,Jan-Lennard Struff,D Evans v Struff,80,2016-06-27 14:23:25.432,2.12,2016-06-27 14:27:00,
1.125340002,8259098,Jan-Lennard Struff,D Evans v Struff,90,2016-06-27 15:14:45.062,2.1,2016-06-27 15:27:00,
1.125340002,8259098,Jan-Lennard Struff,D Evans v Struff,100,2016-06-27 15:48:36.243,2.04,2016-06-27 15:54:00,
1.125340023,2309796,Robin Haase,Schwartzman v R Haase,0,2016-06-24 14:25:06.714,1.26,2016-06-25 12:00:00,
1.125340023,2309796,Robin Haase,Schwartzman v R Haase,10,2016-06-26 08:23:58.957,1.23,2016-06-27 10:00:00,
1.125340023,2309796,Robin Haase,Schwartzman v R Haase,20,2016-06-26 18:15:33.520,1.23,2016-06-27 14:30:00,
1.125340023,2309796,Robin Haase,Schwartzman v R Haase,30,2016-06-26 22:01:38.206,1.22,2016-06-27 14:30:00,
1.125340023,2309796,Robin Haase,Schwartzman v R Haase,40,2016-06-27 08:51:36.565,1.21,2016-06-27 14:30:00,
1.125340023,2309796,Robin Haase,Schwartzman v R Haase,50,2016-06-27 11:17:22.882,1.22,2016-06-27 14:39:00,
1.125340023,2309796,Robin Haase,Schwartzman v R Haase,60,2016-06-27 12:56:45.594,1.2,2016-06-27 13:52:00,
1.125340023,2309796,Robin Haase,Schwartzman v R Haase,70,2016-06-27 13:10:19.890,1.23,2016-06-27 13:52:00,
1.125340023,2309796,Robin Haase,Schwartzman v R Haase,80,2016-06-27 14:13:30.720,1.2,2016-06-27 14:22:00,
1.125340023,2309796,Robin Haase,Schwartzman v R Haase,90,2016-06-27 14:50:35.178,1.2,2016-06-27 14:52:00,
1.125340023,2309796,Robin Haase,Schwartzman v R Haase,100,2016-06-27 15:21:14.962,1.22,2016-06-27 15:22:00,
1.125340023,8736474,Diego Schwartzman,Schwartzman v R Haase,0,2016-06-26 18:02:46.635,5.2,2016-06-27 14:30:00,
1.125340023,8736474,Diego Schwartzman,Schwartzman v R Haase,10,2016-06-27 02:13:20.928,5.5,2016-06-27 14:30:00,
1.125340023,8736474,Diego Schwartzman,Schwartzman v R Haase,20,2016-06-27 10:07:35.826,5.7,2016-06-27 14:30:00,
1.125340023,8736474,Diego Schwartzman,Schwartzman v R Haase,30,2016-06-27 11:17:22.882,5.5,2016-06-27 14:39:00,
1.125340023,8736474,Diego Schwartzman,Schwartzman v R Haase,40,2016-06-27 12:56:45.594,6.0,2016-06-27 13:52:00,
1.125340023,8736474,Diego Schwartzman,Schwartzman v R Haase,50,2016-06-27 13:06:30.025,6.4,2016-06-27 13:52:00,
1.125340023,8736474,Diego Schwartzman,Schwartzman v R Haase,60,2016-06-27 13:11:36.805,5.5,2016-06-27 13:52:00,
1.125340023,8736474,Diego Schwartzman,Schwartzman v R Haase,70,2016-06-27 13:51:34.520,5.8,2016-06-27 13:52:00,
1.125340023,8736474,Diego Schwartzman,Schwartzman v R Haase,80,2016-06-27 14:20:29.584,5.6,2016-06-27 14:22:00,
1.125340023,8736474,Diego Schwartzman,Schwartzman v R Haase,90,2016-06-27 15:03:29.718,5.8,2016-06-27 15:07:00,
1.125340023,8736474,Diego Schwartzman,Schwartzman v R Haase,100,2016-06-27 15:29:39.373,5.5,2016-06-27 15:45:00,
1.125340209,5056975,Mona Barthel,Kovinic v Barthel,0,2016-06-25 08:49:52.846,2.34,2016-06-26 12:00:00,
1.125340209,5056975,Mona Barthel,Kovinic v Barthel,10,2016-06-27 02:27:42.864,2.58,2016-06-27 16:30:00,
1.125340209,5056975,Mona Barthel,Kovinic v Barthel,20,2016-06-27 09:47:48.326,2.66,2016-06-27 16:30:00,
1.125340209,5056975,Mona Barthel,Kovinic v Barthel,30,2016-06-27 11:18:43.420,2.8,2016-06-27 16:39:00,
1.125340209,5056975,Mona Barthel,Kovinic v Barthel,40,2016-06-27 13:32:02.405,2.8,2016-06-27 15:52:00,
1.125340209,5056975,Mona Barthel,Kovinic v Barthel,50,2016-06-27 15:37:31.242,2.86,2016-06-27 17:33:00,
1.125340209,5056975,Mona Barthel,Kovinic v Barthel,60,2016-06-27 16:02:15.647,2.82,2016-06-27 17:33:00,
1.125340209,5056975,Mona Barthel,Kovinic v Barthel,70,2016-06-27 16:53:03.548,2.84,2016-06-27 17:33:00,
1.125340209,5056975,Mona Barthel,Kovinic v Barthel,80,2016-06-27 16:59:33.267,2.88,2016-06-27 17:33:00,
1.125340209,5056975,Mona Barthel,Kovinic v Barthel,90,2016-06-27 17:33:33.338,2.9,2016-06-27 17:35:00,
1.125340209,5056975,Mona Barthel,Kovinic v Barthel,100,2016-06-27 17:51:09.245,2.9,2016-06-27 17:54:00,
1.125340209,7414059,Danka Kovinic,Kovinic v Barthel,0,2016-06-25 08:49:52.846,1.79,2016-06-26 12:00:00,
1.125340209,7414059,Danka Kovinic,Kovinic v Barthel,10,2016-06-27 02:52:53.106,1.64,2016-06-27 16:30:00,
1.125340209,7414059,Danka Kovinic,Kovinic v Barthel,20,2016-06-27 08:38:48.523,1.59,2016-06-27 16:30:00,
1.125340209,7414059,Danka Kovinic,Kovinic v Barthel,30,2016-06-27 10:17:08.134,1.58,2016-06-27 16:30:00,
1.125340209,7414059,Danka Kovinic,Kovinic v Barthel,40,2016-06-27 11:18:43.420,1.56,2016-06-27 16:39:00,
1.125340209,7414059,Danka Kovinic,Kovinic v Barthel,50,2016-06-27 13:59:39.725,1.54,2016-06-27 16:07:00,
1.125340209,7414059,Danka Kovinic,Kovinic v Barthel,60,2016-06-27 15:37:31.242,1.54,2016-06-27 17:33:00,
1.125340209,7414059,Danka Kovinic,Kovinic v Barthel,70,2016-06-27 16:29:43.460,1.53,2016-06-27 17:33:00,
1.125340209,7414059,Danka Kovinic,Kovinic v Barthel,80,2016-06-27 17:28:03.892,1.53,2016-06-27 17:35:00,
1.125340209,7414059,Danka Kovinic,Kovinic v Barthel,90,2016-06-27 17:38:02.862,1.54,2016-06-27 17:50:00,
1.125340209,7414059,Danka Kovinic,Kovinic v Barthel,100,2016-06-27 17:53:44.205,1.54,2016-06-27 17:54:00,
1.125340228,2249332,Radek Stepanek,Kyrgios v Stepanek,0,2016-06-24 12:08:43.862,4.9,2016-06-25 12:00:00,
1.125340228,2249332,Radek Stepanek,Kyrgios v Stepanek,10,2016-06-27 10:47:34.161,4.1,2016-06-28 12:00:00,
1.125340228,2249332,Radek Stepanek,Kyrgios v Stepanek,20,2016-06-27 20:57:18.633,4.5,2016-06-28 10:30:00,
1.125340228,2249332,Radek Stepanek,Kyrgios v Stepanek,30,2016-06-28 01:01:38.115,4.8,2016-06-28 10:30:00,
1.125340228,2249332,Radek Stepanek,Kyrgios v Stepanek,40,2016-06-28 06:15:32.441,4.6,2016-06-28 10:30:00,
1.125340228,2249332,Radek Stepanek,Kyrgios v Stepanek,50,2016-06-28 07:35:26.855,5.1,2016-06-28 10:30:00,
1.125340228,2249332,Radek Stepanek,Kyrgios v Stepanek,60,2016-06-28 08:09:46.709,5.5,2016-06-28 10:30:00,
1.125340228,2249332,Radek Stepanek,Kyrgios v Stepanek,70,2016-06-28 08:54:20.119,5.5,2016-06-28 10:30:00,
1.125340228,2249332,Radek Stepanek,Kyrgios v Stepanek,80,2016-06-28 09:11:41.368,6.2,2016-06-28 10:30:00,
1.125340228,2249332,Radek Stepanek,Kyrgios v Stepanek,90,2016-06-28 09:44:45.314,6.6,2016-06-28 10:30:00,
1.125340228,2249332,Radek Stepanek,Kyrgios v Stepanek,100,2016-06-28 10:32:44.105,6.4,2016-06-28 10:45:00,
1.125340228,7299658,Nick Kyrgios,Kyrgios v Stepanek,0,2016-06-24 12:08:43.862,1.26,2016-06-25 12:00:00,
1.125340228,7299658,Nick Kyrgios,Kyrgios v Stepanek,10,2016-06-26 19:42:58.755,1.27,2016-06-28 12:00:00,
1.125340228,7299658,Nick Kyrgios,Kyrgios v Stepanek,20,2016-06-27 21:04:27.126,1.28,2016-06-28 10:30:00,
1.125340228,7299658,Nick Kyrgios,Kyrgios v Stepanek,30,2016-06-27 23:15:22.042,1.26,2016-06-28 10:30:00,
1.125340228,7299658,Nick Kyrgios,Kyrgios v Stepanek,40,2016-06-28 04:05:19.962,1.26,2016-06-28 10:30:00,
1.125340228,7299658,Nick Kyrgios,Kyrgios v Stepanek,50,2016-06-28 05:56:05.494,1.28,2016-06-28 10:30:00,
1.125340228,7299658,Nick Kyrgios,Kyrgios v Stepanek,60,2016-06-28 07:08:30.375,1.26,2016-06-28 10:30:00,
1.125340228,7299658,Nick Kyrgios,Kyrgios v Stepanek,70,2016-06-28 08:15:46.820,1.23,2016-06-28 10:30:00,
1.125340228,7299658,Nick Kyrgios,Kyrgios v Stepanek,80,2016-06-28 09:09:40.427,1.19,2016-06-28 10:30:00,
1.125340228,7299658,Nick Kyrgios,Kyrgios v Stepanek,90,2016-06-28 09:54:44.445,1.17,2016-06-28 10:30:00,
1.125340228,7299658,Nick Kyrgios,Kyrgios v Stepanek,100,2016-06-28 10:33:46.301,1.17,2016-06-28 10:45:00,
1.125340245,2248502,Samantha Stosur,Stosur v Linette,0,2016-06-24 19:41:27.136,1.26,2016-06-25 12:00:00,
1.125340245,2248502,Samantha Stosur,Stosur v Linette,10,2016-06-26 19:21:01.407,1.32,2016-06-27 10:30:00,
1.125340245,2248502,Samantha Stosur,Stosur v Linette,20,2016-06-26 23:06:47.878,1.24,2016-06-27 10:30:00,
1.125340245,2248502,Samantha Stosur,Stosur v Linette,30,2016-06-27 05:30:38.961,1.27,2016-06-27 10:30:00,
1.125340245,2248502,Samantha Stosur,Stosur v Linette,40,2016-06-27 06:37:47.631,1.28,2016-06-27 10:30:00,
1.125340245,2248502,Samantha Stosur,Stosur v Linette,50,2016-06-27 07:49:51.028,1.27,2016-06-27 10:30:00,
1.125340245,2248502,Samantha Stosur,Stosur v Linette,60,2016-06-27 08:24:34.959,1.28,2016-06-27 10:30:00,
1.125340245,2248502,Samantha Stosur,Stosur v Linette,70,2016-06-27 08:59:30.128,1.27,2016-06-27 10:30:00,
1.125340245,2248502,Samantha Stosur,Stosur v Linette,80,2016-06-27 09:21:47.792,1.31,2016-06-27 10:30:00,
1.125340245,2248502,Samantha Stosur,Stosur v Linette,90,2016-06-27 10:17:49.697,1.32,2016-06-27 10:30:00,
1.125340245,2248502,Samantha Stosur,Stosur v Linette,100,2016-06-27 10:37:50.792,1.28,2016-06-27 10:45:00,
1.125340245,7083215,Magda Linette,Stosur v Linette,0,2016-06-26 01:09:31.724,4.0,2016-06-27 12:00:00,
1.125340245,7083215,Magda Linette,Stosur v Linette,10,2016-06-26 21:11:35.581,4.4,2016-06-27 10:30:00,
1.125340245,7083215,Magda Linette,Stosur v Linette,20,2016-06-27 05:19:50.509,4.6,2016-06-27 10:30:00,
1.125340245,7083215,Magda Linette,Stosur v Linette,30,2016-06-27 05:59:10.731,4.8,2016-06-27 10:30:00,
1.125340245,7083215,Magda Linette,Stosur v Linette,40,2016-06-27 07:19:20.371,4.4,2016-06-27 10:30:00,
1.125340245,7083215,Magda Linette,Stosur v Linette,50,2016-06-27 08:23:45.641,4.6,2016-06-27 10:30:00,
1.125340245,7083215,Magda Linette,Stosur v Linette,60,2016-06-27 09:16:47.772,4.2,2016-06-27 10:30:00,
1.125340245,7083215,Magda Linette,Stosur v Linette,70,2016-06-27 09:46:19.040,4.2,2016-06-27 10:30:00,
1.125340245,7083215,Magda Linette,Stosur v Linette,80,2016-06-27 10:15:42.898,4.3,2016-06-27 10:30:00,
1.125340245,7083215,Magda Linette,Stosur v Linette,90,2016-06-27 10:28:46.723,4.4,2016-06-27 10:30:00,
1.125340245,7083215,Magda Linette,Stosur v Linette,100,2016-06-27 10:37:50.792,4.6,2016-06-27 10:45:00,
1.125340407,2249400,Florian Mayer,D Thiem v F Mayer,0,2016-06-24 15:04:58.924,3.95,2016-06-25 12:00:00,
1.125340407,2249400,Florian Mayer,D Thiem v F Mayer,10,2016-06-26 11:36:14.736,3.45,2016-06-28 12:00:00,
1.125340407,2249400,Florian Mayer,D Thiem v F Mayer,20,2016-06-27 10:18:35.393,3.25,2016-06-28 12:00:00,
1.125340407,2249400,Florian Mayer,D Thiem v F Mayer,30,2016-06-27 22:17:23.009,3.5,2016-06-28 14:30:00,
1.125340407,2249400,Florian Mayer,D Thiem v F Mayer,40,2016-06-28 07:07:42.860,3.45,2016-06-28 14:30:00,
1.125340407,2249400,Florian Mayer,D Thiem v F Mayer,50,2016-06-28 10:38:51.247,3.5,2016-06-28 14:45:00,
1.125340407,2249400,Florian Mayer,D Thiem v F Mayer,60,2016-06-28 13:20:51.832,3.5,2016-06-28 15:04:00,
1.125340407,2249400,Florian Mayer,D Thiem v F Mayer,70,2016-06-28 14:48:45.975,3.7,2016-06-28 15:04:00,
1.125340407,2249400,Florian Mayer,D Thiem v F Mayer,80,2016-06-28 22:24:44.531,3.6,2016-06-29 10:30:00,2016-06-28 15:26:58.184
1.125340407,2249400,Florian Mayer,D Thiem v F Mayer,90,2016-06-29 07:57:58.068,3.7,2016-06-29 10:30:00,2016-06-28 15:26:58.184
1.125340407,2249400,Florian Mayer,D Thiem v F Mayer,100,2016-06-29 11:24:56.973,3.7,2016-06-29 11:30:00,2016-06-28 15:26:58.184
1.125340407,5720747,Dominic Thiem,D Thiem v F Mayer,0,2016-06-24 19:15:00.040,1.42,2016-06-25 12:00:00,
1.125340407,5720747,Dominic Thiem,D Thiem v F Mayer,10,2016-06-26 20:52:11.593,1.42,2016-06-28 12:00:00,
1.125340407,5720747,Dominic Thiem,D Thiem v F Mayer,20,2016-06-27 20:03:51.670,1.4,2016-06-28 14:30:00,
1.125340407,5720747,Dominic Thiem,D Thiem v F Mayer,30,2016-06-28 07:47:53.506,1.4,2016-06-28 14:30:00,
1.125340407,5720747,Dominic Thiem,D Thiem v F Mayer,40,2016-06-28 11:33:23.350,1.42,2016-06-28 14:36:00,
1.125340407,5720747,Dominic Thiem,D Thiem v F Mayer,50,2016-06-28 14:13:57.114,1.39,2016-06-28 15:04:00,
1.125340407,5720747,Dominic Thiem,D Thiem v F Mayer,60,2016-06-28 19:29:17.924,1.39,2016-06-29 12:00:00,2016-06-28 15:26:58.184
1.125340407,5720747,Dominic Thiem,D Thiem v F Mayer,70,2016-06-28 23:22:55.796,1.37,2016-06-29 10:30:00,2016-06-28 15:26:58.184
1.125340407,5720747,Dominic Thiem,D Thiem v F Mayer,80,2016-06-29 06:11:57.618,1.33,2016-06-29 10:30:00,2016-06-28 15:26:58.184
1.125340407,5720747,Dominic Thiem,D Thiem v F Mayer,90,2016-06-29 09:11:50.295,1.36,2016-06-29 10:30:00,2016-06-28 15:26:58.184
1.125340407,5720747,Dominic Thiem,D Thiem v F Mayer,100,2016-06-29 11:13:44.571,1.36,2016-06-29 11:15:00,2016-06-28 15:26:58.184
1.125340428,4876706,Steve Johnson,Jaziri v St Johnson,0,2016-06-25 21:22:04.218,1.24,2016-06-26 12:00:00,
1.125340428,4876706,Steve Johnson,Jaziri v St Johnson,10,2016-06-26 04:16:45.033,1.2,2016-06-27 10:00:00,
1.125340428,4876706,Steve Johnson,Jaziri v St Johnson,20,2016-06-26 11:12:29.431,1.22,2016-06-27 16:30:00,
1.125340428,4876706,Steve Johnson,Jaziri v St Johnson,30,2016-06-27 02:08:55.013,1.23,2016-06-27 16:30:00,
1.125340428,4876706,Steve Johnson,Jaziri v St Johnson,40,2016-06-27 07:55:39.518,1.21,2016-06-27 16:30:00,
1.125340428,4876706,Steve Johnson,Jaziri v St Johnson,50,2016-06-27 10:52:55.272,1.21,2016-06-27 16:34:00,
1.125340428,4876706,Steve Johnson,Jaziri v St Johnson,60,2016-06-27 13:23:26.509,1.19,2016-06-27 16:13:00,
1.125340428,4876706,Steve Johnson,Jaziri v St Johnson,70,2016-06-27 13:37:27.113,1.2,2016-06-27 15:38:00,
1.125340428,4876706,Steve Johnson,Jaziri v St Johnson,80,2016-06-27 14:21:59.024,1.18,2016-06-27 15:45:00,
1.125340428,4876706,Steve Johnson,Jaziri v St Johnson,90,2016-06-27 15:26:57.273,1.19,2016-06-27 15:45:00,
1.125340428,4876706,Steve Johnson,Jaziri v St Johnson,100,2016-06-27 15:39:59.389,1.19,2016-06-27 15:49:00,
1.125340428,5776215,Malek Jaziri,Jaziri v St Johnson,0,2016-06-26 01:37:46.164,5.2,2016-06-27 12:00:00,
1.125340428,5776215,Malek Jaziri,Jaziri v St Johnson,10,2016-06-27 05:17:09.156,5.3,2016-06-27 16:30:00,
1.125340428,5776215,Malek Jaziri,Jaziri v St Johnson,20,2016-06-27 08:06:59.265,5.6,2016-06-27 16:30:00,
1.125340428,5776215,Malek Jaziri,Jaziri v St Johnson,30,2016-06-27 08:51:55.881,5.6,2016-06-27 16:30:00,
1.125340428,5776215,Malek Jaziri,Jaziri v St Johnson,40,2016-06-27 10:11:50.061,5.6,2016-06-27 16:30:00,
1.125340428,5776215,Malek Jaziri,Jaziri v St Johnson,50,2016-06-27 12:25:14.518,6.0,2016-06-27 16:13:00,
1.125340428,5776215,Malek Jaziri,Jaziri v St Johnson,60,2016-06-27 12:53:51.547,6.0,2016-06-27 16:13:00,
1.125340428,5776215,Malek Jaziri,Jaziri v St Johnson,70,2016-06-27 14:05:23.877,6.0,2016-06-27 15:45:00,
1.125340428,5776215,Malek Jaziri,Jaziri v St Johnson,80,2016-06-27 14:22:36.239,6.2,2016-06-27 15:45:00,
1.125340428,5776215,Malek Jaziri,Jaziri v St Johnson,90,2016-06-27 15:16:58.874,6.2,2016-06-27 15:45:00,
1.125340428,5776215,Malek Jaziri,Jaziri v St Johnson,100,2016-06-27 15:35:58.283,6.4,2016-06-27 15:49:00,
1.125340449,2256509,Andy Murray,L Broady v A Murray,0,2016-06-24 10:23:11.471,1.02,2016-06-25 12:00:00,
1.125340449,2256509,Andy Murray,L Broady v A Murray,10,2016-06-26 06:58:48.162,1.01,2016-06-27 10:00:00,
1.125340449,2256509,Andy Murray,L Broady v A Murray,20,2016-06-27 09:02:08.819,1.01,2016-06-28 12:00:00,
1.125340449,2256509,Andy Murray,L Broady v A Murray,30,2016-06-27 21:12:32.713,1.01,2016-06-28 14:00:00,
1.125340449,2256509,Andy Murray,L Broady v A Murray,40,2016-06-28 01:07:37.151,1.01,2016-06-28 14:00:00,
1.125340449,2256509,Andy Murray,L Broady v A Murray,50,2016-06-28 06:48:24.484,1.01,2016-06-28 14:00:00,
1.125340449,2256509,Andy Murray,L Broady v A Murray,60,2016-06-28 08:44:24.778,1.01,2016-06-28 14:00:00,
1.125340449,2256509,Andy Murray,L Broady v A Murray,70,2016-06-28 11:05:46.850,1.01,2016-06-28 14:00:00,
1.125340449,2256509,Andy Murray,L Broady v A Murray,80,2016-06-28 12:24:00.600,1.01,2016-06-28 14:04:00,
1.125340449,2256509,Andy Murray,L Broady v A Murray,90,2016-06-28 12:58:59.963,1.01,2016-06-28 14:04:00,
1.125340449,2256509,Andy Murray,L Broady v A Murray,100,2016-06-28 13:39:00.797,1.01,2016-06-28 13:45:00,
1.125340449,5626816,Liam Broady,L Broady v A Murray,0,2016-06-24 20:50:51.133,65.0,2016-06-25 12:00:00,
1.125340449,5626816,Liam Broady,L Broady v A Murray,10,2016-06-27 18:41:11.405,85.0,2016-06-28 14:00:00,
1.125340449,5626816,Liam Broady,L Broady v A Murray,20,2016-06-27 22:52:08.676,75.0,2016-06-28 14:00:00,
1.125340449,5626816,Liam Broady,L Broady v A Murray,30,2016-06-28 04:31:21.224,80.0,2016-06-28 14:00:00,
1.125340449,5626816,Liam Broady,L Broady v A Murray,40,2016-06-28 06:43:25.978,90.0,2016-06-28 14:00:00,
1.125340449,5626816,Liam Broady,L Broady v A Murray,50,2016-06-28 10:00:42.911,85.0,2016-06-28 14:00:00,
1.125340449,5626816,Liam Broady,L Broady v A Murray,60,2016-06-28 10:47:52.388,90.0,2016-06-28 14:00:00,
1.125340449,5626816,Liam Broady,L Broady v A Murray,70,2016-06-28 12:09:52.417,85.0,2016-06-28 14:04:00,
1.125340449,5626816,Liam Broady,L Broady v A Murray,80,2016-06-28 12:46:59.911,95.0,2016-06-28 14:04:00,
1.125340449,5626816,Liam Broady,L Broady v A Murray,90,2016-06-28 13:25:31.219,70.0,2016-06-28 14:04:00,
1.125340449,5626816,Liam Broady,L Broady v A Murray,100,2016-06-28 13:38:00.110,80.0,2016-06-28 13:45:00,
1.125340666,2249834,Juan Martin Del Potro,St Robert v Del Potro,0,2016-06-24 22:30:32.502,1.17,2016-06-25 12:00:00,
1.125340666,2249834,Juan Martin Del Potro,St Robert v Del Potro,10,2016-06-26 20:52:35.730,1.13,2016-06-28 12:00:00,
1.125340666,2249834,Juan Martin Del Potro,St Robert v Del Potro,20,2016-06-27 11:20:11.808,1.13,2016-06-28 12:00:00,
1.125340666,2249834,Juan Martin Del Potro,St Robert v Del Potro,30,2016-06-27 20:13:48.283,1.14,2016-06-28 12:30:00,
1.125340666,2249834,Juan Martin Del Potro,St Robert v Del Potro,40,2016-06-27 22:56:37.961,1.13,2016-06-28 12:30:00,
1.125340666,2249834,Juan Martin Del Potro,St Robert v Del Potro,50,2016-06-28 05:39:25.906,1.14,2016-06-28 12:30:00,
1.125340666,2249834,Juan Martin Del Potro,St Robert v Del Potro,60,2016-06-28 07:21:20.085,1.15,2016-06-28 12:30:00,
1.125340666,2249834,Juan Martin Del Potro,St Robert v Del Potro,70,2016-06-28 09:27:27.591,1.16,2016-06-28 12:30:00,
1.125340666,2249834,Juan Martin Del Potro,St Robert v Del Potro,80,2016-06-28 10:19:11.850,1.17,2016-06-28 12:30:00,
1.125340666,2249834,Juan Martin Del Potro,St Robert v Del Potro,90,2016-06-28 11:30:36.798,1.16,2016-06-28 12:35:00,
1.125340666,2249834,Juan Martin Del Potro,St Robert v Del Potro,100,2016-06-28 12:40:50.555,1.15,2016-06-28 12:50:00,
1.125340666,4422812,Stephane Robert,St Robert v Del Potro,0,2016-06-27 02:04:59.337,7.0,2016-06-28 12:00:00,
1.125340666,4422812,Stephane Robert,St Robert v Del Potro,10,2016-06-27 21:21:30.831,7.4,2016-06-28 12:30:00,
1.125340666,4422812,Stephane Robert,St Robert v Del Potro,20,2016-06-28 01:10:52.014,7.4,2016-06-28 12:30:00,
1.125340666,4422812,Stephane Robert,St Robert v Del Potro,30,2016-06-28 04:48:00.641,7.8,2016-06-28 12:30:00,
1.125340666,4422812,Stephane Robert,St Robert v Del Potro,40,2016-06-28 06:02:09.625,7.8,2016-06-28 12:30:00,
1.125340666,4422812,Stephane Robert,St Robert v Del Potro,50,2016-06-28 07:22:24.697,7.4,2016-06-28 12:30:00,
1.125340666,4422812,Stephane Robert,St Robert v Del Potro,60,2016-06-28 08:39:49.500,7.2,2016-06-28 12:30:00,
1.125340666,4422812,Stephane Robert,St Robert v Del Potro,70,2016-06-28 09:45:48.786,7.0,2016-06-28 12:30:00,
1.125340666,4422812,Stephane Robert,St Robert v Del Potro,80,2016-06-28 10:43:14.025,7.2,2016-06-28 12:35:00,
1.125340666,4422812,Stephane Robert,St Robert v Del Potro,90,2016-06-28 11:59:43.211,7.6,2016-06-28 12:35:00,
1.125340666,4422812,Stephane Robert,St Robert v Del Potro,100,2016-06-28 12:46:55.363,7.4,2016-06-28 12:48:00,
1.125340687,2263681,Marin Cilic,Ma Cilic v Br Baker,0,2016-06-24 13:46:44.483,1.09,2016-06-25 12:00:00,
1.125340687,2263681,Marin Cilic,Ma Cilic v Br Baker,10,2016-06-25 18:28:04.940,1.06,2016-06-26 12:00:00,
1.125340687,2263681,Marin Cilic,Ma Cilic v Br Baker,20,2016-06-26 18:00:53.624,1.07,2016-06-27 10:30:00,
1.125340687,2263681,Marin Cilic,Ma Cilic v Br Baker,30,2016-06-26 21:05:04.159,1.07,2016-06-27 10:30:00,
1.125340687,2263681,Marin Cilic,Ma Cilic v Br Baker,40,2016-06-27 01:57:03.523,1.07,2016-06-27 10:30:00,
1.125340687,2263681,Marin Cilic,Ma Cilic v Br Baker,50,2016-06-27 05:29:46.791,1.06,2016-06-27 10:30:00,
1.125340687,2263681,Marin Cilic,Ma Cilic v Br Baker,60,2016-06-27 07:18:26.406,1.06,2016-06-27 10:30:00,
1.125340687,2263681,Marin Cilic,Ma Cilic v Br Baker,70,2016-06-27 08:14:40.787,1.04,2016-06-27 10:30:00,
1.125340687,2263681,Marin Cilic,Ma Cilic v Br Baker,80,2016-06-27 09:16:03.561,1.06,2016-06-27 10:30:00,
1.125340687,2263681,Marin Cilic,Ma Cilic v Br Baker,90,2016-06-27 10:14:03.465,1.05,2016-06-27 10:30:00,
1.125340687,2263681,Marin Cilic,Ma Cilic v Br Baker,100,2016-06-27 10:38:44.485,1.04,2016-06-27 10:45:00,
1.125340687,6391947,Brian Baker,Ma Cilic v Br Baker,0,2016-06-24 14:16:04.119,15.0,2016-06-25 12:00:00,
1.125340687,6391947,Brian Baker,Ma Cilic v Br Baker,10,2016-06-26 14:26:32.154,17.0,2016-06-27 10:30:00,
1.125340687,6391947,Brian Baker,Ma Cilic v Br Baker,20,2016-06-26 21:03:41.286,16.5,2016-06-27 10:30:00,
1.125340687,6391947,Brian Baker,Ma Cilic v Br Baker,30,2016-06-26 23:53:18.720,17.5,2016-06-27 10:30:00,
1.125340687,6391947,Brian Baker,Ma Cilic v Br Baker,40,2016-06-27 04:20:00.343,18.0,2016-06-27 10:30:00,
1.125340687,6391947,Brian Baker,Ma Cilic v Br Baker,50,2016-06-27 05:17:06.340,15.0,2016-06-27 10:30:00,
1.125340687,6391947,Brian Baker,Ma Cilic v Br Baker,60,2016-06-27 07:02:46.038,19.5,2016-06-27 10:30:00,
1.125340687,6391947,Brian Baker,Ma Cilic v Br Baker,70,2016-06-27 08:02:38.536,23.0,2016-06-27 10:30:00,
1.125340687,6391947,Brian Baker,Ma Cilic v Br Baker,80,2016-06-27 09:06:51.546,21.0,2016-06-27 10:30:00,
1.125340687,6391947,Brian Baker,Ma Cilic v Br Baker,90,2016-06-27 10:12:38.039,19.5,2016-06-27 10:30:00,
1.125340687,6391947,Brian Baker,Ma Cilic v Br Baker,100,2016-06-27 10:38:44.485,21.0,2016-06-27 10:45:00,
1.125340708,2263536,Mikhail Youzhny,H Zeballos v Youzhny,0,2016-06-25 04:08:47.196,1.18,2016-06-26 12:00:00,
1.125340708,2263536,Mikhail Youzhny,H Zeballos v Youzhny,10,2016-06-27 21:38:13.041,1.14,2016-06-28 14:30:00,
1.125340708,2263536,Mikhail Youzhny,H Zeballos v Youzhny,20,2016-06-28 08:48:58.841,1.12,2016-06-28 14:30:00,
1.125340708,2263536,Mikhail Youzhny,H Zeballos v Youzhny,30,2016-06-28 13:24:06.093,1.12,2016-06-28 15:36:00,
1.125340708,2263536,Mikhail Youzhny,H Zeballos v Youzhny,40,2016-06-28 14:57:01.221,1.14,2016-06-28 15:51:00,
1.125340708,2263536,Mikhail Youzhny,H Zeballos v Youzhny,50,2016-06-28 21:59:09.115,1.13,2016-06-29 10:30:00,
1.125340708,2263536,Mikhail Youzhny,H Zeballos v Youzhny,60,2016-06-29 09:08:09.929,1.14,2016-06-29 10:30:00,
1.125340708,2263536,Mikhail Youzhny,H Zeballos v Youzhny,70,2016-06-29 21:37:24.489,1.05,2016-06-30 10:00:00,2016-06-29 11:32:05.032
1.125340708,2263536,Mikhail Youzhny,H Zeballos v Youzhny,80,2016-06-30 04:17:18.383,1.06,2016-06-30 10:00:00,2016-06-29 11:32:05.032
1.125340708,2263536,Mikhail Youzhny,H Zeballos v Youzhny,90,2016-06-30 07:23:58.678,1.06,2016-06-30 10:00:00,2016-06-29 11:32:05.032
1.125340708,2263536,Mikhail Youzhny,H Zeballos v Youzhny,100,2016-06-30 09:48:31.446,1.04,2016-06-30 10:00:00,2016-06-29 11:32:05.032
1.125340708,3506037,Horacio Zeballos,H Zeballos v Youzhny,0,2016-06-26 10:51:16.174,7.4,2016-06-27 10:00:00,
1.125340708,3506037,Horacio Zeballos,H Zeballos v Youzhny,10,2016-06-27 23:35:01.267,6.4,2016-06-28 14:30:00,
1.125340708,3506037,Horacio Zeballos,H Zeballos v Youzhny,20,2016-06-28 12:08:11.906,8.6,2016-06-28 14:36:00,
1.125340708,3506037,Horacio Zeballos,H Zeballos v Youzhny,30,2016-06-28 13:53:45.364,8.0,2016-06-28 16:03:00,
1.125340708,3506037,Horacio Zeballos,H Zeballos v Youzhny,40,2016-06-28 15:00:45.977,8.4,2016-06-28 15:51:00,
1.125340708,3506037,Horacio Zeballos,H Zeballos v Youzhny,50,2016-06-28 15:36:44.036,8.2,2016-06-28 15:38:00,
1.125340708,3506037,Horacio Zeballos,H Zeballos v Youzhny,60,2016-06-29 01:37:41.386,8.6,2016-06-29 10:30:00,
1.125340708,3506037,Horacio Zeballos,H Zeballos v Youzhny,70,2016-06-29 09:53:14.277,8.2,2016-06-29 10:30:00,
1.125340708,3506037,Horacio Zeballos,H Zeballos v Youzhny,80,2016-06-29 21:27:41.294,18.5,2016-06-30 10:00:00,2016-06-29 11:32:05.032
1.125340708,3506037,Horacio Zeballos,H Zeballos v Youzhny,90,2016-06-30 01:06:17.919,20.0,2016-06-30 10:00:00,2016-06-29 11:32:05.032
1.125340708,3506037,Horacio Zeballos,H Zeballos v Youzhny,100,2016-06-30 09:48:31.446,26.0,2016-06-30 10:00:00,2016-06-29 11:32:05.032
1.12534092,4822914,Tara Moore,T Moore v Van Uytvanck,0,2016-06-26 18:29:01.191,2.48,2016-06-28 12:00:00,
1.12534092,4822914,Tara Moore,T Moore v Van Uytvanck,10,2016-06-27 11:31:54.990,2.5,2016-06-28 12:00:00,
1.12534092,4822914,Tara Moore,T Moore v Van Uytvanck,20,2016-06-27 23:20:37.242,2.5,2016-06-28 14:30:00,
1.12534092,4822914,Tara Moore,T Moore v Van Uytvanck,30,2016-06-28 06:20:39.695,2.42,2016-06-28 14:30:00,
1.12534092,4822914,Tara Moore,T Moore v Van Uytvanck,40,2016-06-28 07:44:15.312,2.42,2016-06-28 14:30:00,
1.12534092,4822914,Tara Moore,T Moore v Van Uytvanck,50,2016-06-28 08:25:15.895,2.36,2016-06-28 14:30:00,
1.12534092,4822914,Tara Moore,T Moore v Van Uytvanck,60,2016-06-28 08:45:54.178,2.44,2016-06-28 14:30:00,
1.12534092,4822914,Tara Moore,T Moore v Van Uytvanck,70,2016-06-28 11:12:15.791,2.34,2016-06-28 14:33:00,
1.12534092,4822914,Tara Moore,T Moore v Van Uytvanck,80,2016-06-28 12:25:07.022,2.38,2016-06-28 14:33:00,
1.12534092,4822914,Tara Moore,T Moore v Van Uytvanck,90,2016-06-28 12:57:07.930,2.46,2016-06-28 14:39:00,
1.12534092,4822914,Tara Moore,T Moore v Van Uytvanck,100,2016-06-28 13:42:58.106,2.44,2016-06-28 14:39:00,
1.12534092,5548385,Alison Van Uytvanck,T Moore v Van Uytvanck,0,2016-06-25 11:51:36.987,1.58,2016-06-26 12:00:00,
1.12534092,5548385,Alison Van Uytvanck,T Moore v Van Uytvanck,10,2016-06-27 11:31:54.990,1.66,2016-06-28 12:00:00,
1.12534092,5548385,Alison Van Uytvanck,T Moore v Van Uytvanck,20,2016-06-28 03:29:55.455,1.7,2016-06-28 14:30:00,
1.12534092,5548385,Alison Van Uytvanck,T Moore v Van Uytvanck,30,2016-06-28 07:25:57.623,1.69,2016-06-28 14:30:00,
1.12534092,5548385,Alison Van Uytvanck,T Moore v Van Uytvanck,40,2016-06-28 08:08:44.855,1.7,2016-06-28 14:30:00,
1.12534092,5548385,Alison Van Uytvanck,T Moore v Van Uytvanck,50,2016-06-28 09:03:48.231,1.75,2016-06-28 14:30:00,
1.12534092,5548385,Alison Van Uytvanck,T Moore v Van Uytvanck,60,2016-06-28 09:49:36.904,1.69,2016-06-28 14:30:00,
1.12534092,5548385,Alison Van Uytvanck,T Moore v Van Uytvanck,70,2016-06-28 11:03:15.290,1.73,2016-06-28 14:33:00,
1.12534092,5548385,Alison Van Uytvanck,T Moore v Van Uytvanck,80,2016-06-28 12:37:57.313,1.73,2016-06-28 14:49:00,
1.12534092,5548385,Alison Van Uytvanck,T Moore v Van Uytvanck,90,2016-06-28 13:32:12.018,1.73,2016-06-28 14:39:00,
1.12534092,5548385,Alison Van Uytvanck,T Moore v Van Uytvanck,100,2016-06-28 14:00:14.322,1.7,2016-06-28 14:39:00,
1.125340939,2257317,Nicolas Mahut,B Klein v Mahut,0,2016-06-24 12:53:52.556,1.13,2016-06-25 12:00:00,
1.125340939,2257317,Nicolas Mahut,B Klein v Mahut,10,2016-06-25 16:00:45.865,1.1,2016-06-26 12:00:00,
1.125340939,2257317,Nicolas Mahut,B Klein v Mahut,20,2016-06-26 13:51:52.291,1.09,2016-06-27 12:30:00,
1.125340939,2257317,Nicolas Mahut,B Klein v Mahut,30,2016-06-26 22:18:47.854,1.11,2016-06-27 12:30:00,
1.125340939,2257317,Nicolas Mahut,B Klein v Mahut,40,2016-06-27 05:17:06.393,1.1,2016-06-27 12:30:00,
1.125340939,2257317,Nicolas Mahut,B Klein v Mahut,50,2016-06-27 07:27:07.680,1.1,2016-06-27 12:30:00,
1.125340939,2257317,Nicolas Mahut,B Klein v Mahut,60,2016-06-27 08:43:32.414,1.1,2016-06-27 12:30:00,
1.125340939,2257317,Nicolas Mahut,B Klein v Mahut,70,2016-06-27 10:17:08.509,1.09,2016-06-27 12:30:00,
1.125340939,2257317,Nicolas Mahut,B Klein v Mahut,80,2016-06-27 11:35:00.218,1.09,2016-06-27 12:33:00,
1.125340939,2257317,Nicolas Mahut,B Klein v Mahut,90,2016-06-27 12:20:33.407,1.1,2016-06-27 12:33:00,
1.125340939,2257317,Nicolas Mahut,B Klein v Mahut,100,2016-06-27 13:14:02.759,1.09,2016-06-27 13:22:00,
1.125340939,2759763,Brydan Klein,B Klein v Mahut,0,2016-06-26 08:22:09.485,11.0,2016-06-27 10:00:00,
1.125340939,2759763,Brydan Klein,B Klein v Mahut,10,2016-06-26 10:23:55.310,10.0,2016-06-27 10:00:00,
1.125340939,2759763,Brydan Klein,B Klein v Mahut,20,2016-06-26 17:49:03.426,10.0,2016-06-27 12:30:00,
1.125340939,2759763,Brydan Klein,B Klein v Mahut,30,2016-06-26 21:53:03.750,10.5,2016-06-27 12:30:00,
1.125340939,2759763,Brydan Klein,B Klein v Mahut,40,2016-06-27 08:15:51.051,10.5,2016-06-27 12:30:00,
1.125340939,2759763,Brydan Klein,B Klein v Mahut,50,2016-06-27 09:35:43.379,11.5,2016-06-27 12:30:00,
1.125340939,2759763,Brydan Klein,B Klein v Mahut,60,2016-06-27 10:13:48.031,12.0,2016-06-27 12:30:00,
1.125340939,2759763,Brydan Klein,B Klein v Mahut,70,2016-06-27 12:32:04.998,12.0,2016-06-27 12:33:00,
1.125340939,2759763,Brydan Klein,B Klein v Mahut,80,2016-06-27 12:51:47.747,13.0,2016-06-27 13:03:00,
1.125340939,2759763,Brydan Klein,B Klein v Mahut,90,2016-06-27 13:01:58.865,12.0,2016-06-27 13:03:00,
1.125340939,2759763,Brydan Klein,B Klein v Mahut,100,2016-06-27 13:13:12.451,13.5,2016-06-27 13:22:00,
1.125340956,2411840,Angelique Kerber,Robson v Kerber,0,2016-06-24 22:31:10.518,1.12,2016-06-25 12:00:00,
1.125340956,2411840,Angelique Kerber,Robson v Kerber,10,2016-06-26 20:38:57.903,1.1,2016-06-27 16:00:00,
1.125340956,2411840,Angelique Kerber,Robson v Kerber,20,2016-06-26 22:17:03.715,1.09,2016-06-27 16:00:00,
1.125340956,2411840,Angelique Kerber,Robson v Kerber,30,2016-06-27 01:10:15.352,1.08,2016-06-27 16:00:00,
1.125340956,2411840,Angelique Kerber,Robson v Kerber,40,2016-06-27 07:12:15.157,1.08,2016-06-27 16:00:00,
1.125340956,2411840,Angelique Kerber,Robson v Kerber,50,2016-06-27 09:23:46.598,1.07,2016-06-27 16:00:00,
1.125340956,2411840,Angelique Kerber,Robson v Kerber,60,2016-06-27 11:17:35.628,1.05,2016-06-27 16:00:00,
1.125340956,2411840,Angelique Kerber,Robson v Kerber,70,2016-06-27 13:24:06.473,1.09,2016-06-27 16:08:00,
1.125340956,2411840,Angelique Kerber,Robson v Kerber,80,2016-06-27 14:19:20.018,1.07,2016-06-27 16:29:00,
1.125340956,2411840,Angelique Kerber,Robson v Kerber,90,2016-06-27 14:58:00.554,1.06,2016-06-27 16:22:00,
1.125340956,2411840,Angelique Kerber,Robson v Kerber,100,2016-06-27 16:47:10.781,1.07,2016-06-27 17:00:00,
1.125340956,3166776,Laura Robson,Robson v Kerber,0,2016-06-24 22:31:10.518,9.6,2016-06-25 12:00:00,
1.125340956,3166776,Laura Robson,Robson v Kerber,10,2016-06-26 14:33:08.754,10.0,2016-06-27 16:00:00,
1.125340956,3166776,Laura Robson,Robson v Kerber,20,2016-06-26 21:46:07.737,12.0,2016-06-27 16:00:00,
1.125340956,3166776,Laura Robson,Robson v Kerber,30,2016-06-27 06:47:51.143,14.5,2016-06-27 16:00:00,
1.125340956,3166776,Laura Robson,Robson v Kerber,40,2016-06-27 09:45:46.952,17.5,2016-06-27 16:00:00,
1.125340956,3166776,Laura Robson,Robson v Kerber,50,2016-06-27 13:11:36.175,15.5,2016-06-27 16:08:00,
1.125340956,3166776,Laura Robson,Robson v Kerber,60,2016-06-27 14:23:14.079,15.0,2016-06-27 16:29:00,
1.125340956,3166776,Laura Robson,Robson v Kerber,70,2016-06-27 15:16:50.301,15.5,2016-06-27 16:22:00,
1.125340956,3166776,Laura Robson,Robson v Kerber,80,2016-06-27 15:53:00.377,16.5,2016-06-27 16:22:00,
1.125340956,3166776,Laura Robson,Robson v Kerber,90,2016-06-27 16:15:10.995,16.5,2016-06-27 16:22:00,
1.125340956,3166776,Laura Robson,Robson v Kerber,100,2016-06-27 16:47:10.781,15.5,2016-06-27 17:00:00,
1.125341119,2319544,Fabio Fognini,Delbonis v Fognini,0,2016-06-24 16:48:07.389,1.32,2016-06-25 12:00:00,
1.125341119,2319544,Fabio Fognini,Delbonis v Fognini,10,2016-06-28 01:28:25.325,1.38,2016-06-28 14:30:00,
1.125341119,2319544,Fabio Fognini,Delbonis v Fognini,20,2016-06-28 09:35:58.985,1.4,2016-06-28 14:30:00,
1.125341119,2319544,Fabio Fognini,Delbonis v Fognini,30,2016-06-28 13:00:00.130,1.4,2016-06-28 15:04:00,
1.125341119,2319544,Fabio Fognini,Delbonis v Fognini,40,2016-06-28 14:44:24.395,1.38,2016-06-28 16:55:00,
1.125341119,2319544,Fabio Fognini,Delbonis v Fognini,50,2016-06-28 19:33:18.014,1.44,2016-06-29 10:30:00,
1.125341119,2319544,Fabio Fognini,Delbonis v Fognini,60,2016-06-29 08:12:26.303,1.41,2016-06-29 10:30:00,
1.125341119,2319544,Fabio Fognini,Delbonis v Fognini,70,2016-06-29 20:49:15.193,1.31,2016-06-30 10:00:00,2016-06-29 11:37:28.210
1.125341119,2319544,Fabio Fognini,Delbonis v Fognini,80,2016-06-30 03:08:08.230,1.35,2016-06-30 10:00:00,2016-06-29 11:37:28.210
1.125341119,2319544,Fabio Fognini,Delbonis v Fognini,90,2016-06-30 07:12:45.771,1.37,2016-06-30 10:00:00,2016-06-29 11:37:28.210
1.125341119,2319544,Fabio Fognini,Delbonis v Fognini,100,2016-06-30 09:56:05.892,1.36,2016-06-30 10:00:00,2016-06-29 11:37:28.210
1.125341119,6181532,Federico Delbonis,Delbonis v Fognini,0,2016-06-24 18:02:04.448,3.75,2016-06-25 12:00:00,
1.125341119,6181532,Federico Delbonis,Delbonis v Fognini,10,2016-06-28 05:05:50.273,3.75,2016-06-28 14:30:00,
1.125341119,6181532,Federico Delbonis,Delbonis v Fognini,20,2016-06-28 09:33:42.412,3.5,2016-06-28 14:30:00,
1.125341119,6181532,Federico Delbonis,Delbonis v Fognini,30,2016-06-28 12:30:24.487,3.5,2016-06-28 14:34:00,
1.125341119,6181532,Federico Delbonis,Delbonis v Fognini,40,2016-06-28 14:11:47.673,3.45,2016-06-28 16:19:00,
1.125341119,6181532,Federico Delbonis,Delbonis v Fognini,50,2016-06-28 15:44:42.149,3.35,2016-06-28 15:52:00,
1.125341119,6181532,Federico Delbonis,Delbonis v Fognini,60,2016-06-28 20:37:41.455,3.35,2016-06-29 10:30:00,
1.125341119,6181532,Federico Delbonis,Delbonis v Fognini,70,2016-06-29 04:23:14.865,3.6,2016-06-29 10:30:00,
1.125341119,6181532,Federico Delbonis,Delbonis v Fognini,80,2016-06-29 08:30:45.745,3.4,2016-06-29 10:30:00,
1.125341119,6181532,Federico Delbonis,Delbonis v Fognini,90,2016-06-29 10:51:25.696,3.4,2016-06-29 11:00:00,
1.125341119,6181532,Federico Delbonis,Delbonis v Fognini,100,2016-06-30 09:56:05.892,3.9,2016-06-30 10:00:00,2016-06-29 11:37:28.210
1.12534114,585761,Julien Benneteau,J Benneteau v Marchenko,0,2016-06-25 09:22:13.066,2.08,2016-06-26 12:00:00,
1.12534114,585761,Julien Benneteau,J Benneteau v Marchenko,10,2016-06-26 12:47:25.060,2.02,2016-06-27 14:30:00,
1.12534114,585761,Julien Benneteau,J Benneteau v Marchenko,20,2016-06-27 05:17:19.991,2.12,2016-06-27 14:30:00,
1.12534114,585761,Julien Benneteau,J Benneteau v Marchenko,30,2016-06-27 10:04:16.138,2.12,2016-06-27 14:30:00,
1.12534114,585761,Julien Benneteau,J Benneteau v Marchenko,40,2016-06-27 10:32:23.192,1.99,2016-06-27 14:45:00,
1.12534114,585761,Julien Benneteau,J Benneteau v Marchenko,50,2016-06-27 11:19:13.138,2.0,2016-06-27 14:36:00,
1.12534114,585761,Julien Benneteau,J Benneteau v Marchenko,60,2016-06-27 12:15:40.271,2.08,2016-06-27 14:13:00,
1.12534114,585761,Julien Benneteau,J Benneteau v Marchenko,70,2016-06-27 12:30:23.930,2.1,2016-06-27 14:13:00,
1.12534114,585761,Julien Benneteau,J Benneteau v Marchenko,80,2016-06-27 12:59:20.872,2.02,2016-06-27 14:13:00,
1.12534114,585761,Julien Benneteau,J Benneteau v Marchenko,90,2016-06-27 13:27:27.081,1.99,2016-06-27 14:13:00,
1.12534114,585761,Julien Benneteau,J Benneteau v Marchenko,100,2016-06-27 13:44:28.028,1.87,2016-06-27 13:54:00,
1.12534114,3691700,Illya Marchenko,J Benneteau v Marchenko,0,2016-06-25 13:46:25.498,1.85,2016-06-26 12:00:00,
1.12534114,3691700,Illya Marchenko,J Benneteau v Marchenko,10,2016-06-26 17:27:10.037,1.98,2016-06-27 14:30:00,
1.12534114,3691700,Illya Marchenko,J Benneteau v Marchenko,20,2016-06-27 05:02:12.641,1.9,2016-06-27 14:30:00,
1.12534114,3691700,Illya Marchenko,J Benneteau v Marchenko,30,2016-06-27 07:55:41.866,1.9,2016-06-27 14:30:00,
1.12534114,3691700,Illya Marchenko,J Benneteau v Marchenko,40,2016-06-27 10:05:25.862,1.87,2016-06-27 14:30:00,
1.12534114,3691700,Illya Marchenko,J Benneteau v Marchenko,50,2016-06-27 10:30:23.536,1.97,2016-06-27 14:45:00,
1.12534114,3691700,Illya Marchenko,J Benneteau v Marchenko,60,2016-06-27 11:19:13.138,2.0,2016-06-27 14:36:00,
1.12534114,3691700,Illya Marchenko,J Benneteau v Marchenko,70,2016-06-27 12:06:27.941,2.0,2016-06-27 14:36:00,
1.12534114,3691700,Illya Marchenko,J Benneteau v Marchenko,80,2016-06-27 12:24:27.216,2.02,2016-06-27 14:13:00,
1.12534114,3691700,Illya Marchenko,J Benneteau v Marchenko,90,2016-06-27 12:59:20.872,1.99,2016-06-27 14:13:00,
1.12534114,3691700,Illya Marchenko,J Benneteau v Marchenko,100,2016-06-27 13:42:24.747,2.16,2016-06-27 13:54:00,
1.125341157,4259580,Yulia Putintseva,Putintseva v Melnikova,0,2016-06-26 17:57:21.759,1.23,2016-06-28 12:00:00,
1.125341157,4259580,Yulia Putintseva,Putintseva v Melnikova,10,2016-06-27 22:05:17.020,1.18,2016-06-28 12:30:00,
1.125341157,4259580,Yulia Putintseva,Putintseva v Melnikova,20,2016-06-28 05:51:11.426,1.19,2016-06-28 12:30:00,
1.125341157,4259580,Yulia Putintseva,Putintseva v Melnikova,30,2016-06-28 08:23:53.125,1.21,2016-06-28 12:30:00,
1.125341157,4259580,Yulia Putintseva,Putintseva v Melnikova,40,2016-06-28 08:39:14.676,1.21,2016-06-28 12:30:00,
1.125341157,4259580,Yulia Putintseva,Putintseva v Melnikova,50,2016-06-28 10:02:24.587,1.2,2016-06-28 12:30:00,
1.125341157,4259580,Yulia Putintseva,Putintseva v Melnikova,60,2016-06-28 10:45:42.224,1.2,2016-06-28 12:37:00,
1.125341157,4259580,Yulia Putintseva,Putintseva v Melnikova,70,2016-06-28 11:03:44.077,1.2,2016-06-28 12:37:00,
1.125341157,4259580,Yulia Putintseva,Putintseva v Melnikova,80,2016-06-28 11:13:28.135,1.2,2016-06-28 12:37:00,
1.125341157,4259580,Yulia Putintseva,Putintseva v Melnikova,90,2016-06-28 12:13:36.578,1.2,2016-06-28 12:37:00,
1.125341157,4259580,Yulia Putintseva,Putintseva v Melnikova,100,2016-06-28 12:23:23.961,1.21,2016-06-28 12:33:00,
1.125341157,6390238,Marina Melnikova,Putintseva v Melnikova,0,2016-06-26 17:57:21.759,5.4,2016-06-28 12:00:00,
1.125341157,6390238,Marina Melnikova,Putintseva v Melnikova,10,2016-06-27 21:25:28.206,5.6,2016-06-28 12:30:00,
1.125341157,6390238,Marina Melnikova,Putintseva v Melnikova,20,2016-06-27 22:04:08.594,5.9,2016-06-28 12:30:00,
1.125341157,6390238,Marina Melnikova,Putintseva v Melnikova,30,2016-06-28 00:03:52.546,5.9,2016-06-28 12:30:00,
1.125341157,6390238,Marina Melnikova,Putintseva v Melnikova,40,2016-06-28 06:45:41.102,5.6,2016-06-28 12:30:00,
1.125341157,6390238,Marina Melnikova,Putintseva v Melnikova,50,2016-06-28 08:09:25.183,5.6,2016-06-28 12:30:00,
1.125341157,6390238,Marina Melnikova,Putintseva v Melnikova,60,2016-06-28 09:32:12.368,5.7,2016-06-28 12:30:00,
1.125341157,6390238,Marina Melnikova,Putintseva v Melnikova,70,2016-06-28 09:59:27.674,5.9,2016-06-28 12:30:00,
1.125341157,6390238,Marina Melnikova,Putintseva v Melnikova,80,2016-06-28 10:51:31.490,5.8,2016-06-28 12:37:00,
1.125341157,6390238,Marina Melnikova,Putintseva v Melnikova,90,2016-06-28 11:41:15.781,5.9,2016-06-28 12:37:00,
1.125341157,6390238,Marina Melnikova,Putintseva v Melnikova,100,2016-06-28 12:22:26.606,6.0,2016-06-28 12:33:00,
1.125341345,2248579,Gilles Muller,Giraldo v G Muller,0,2016-06-24 13:49:00.540,1.12,2016-06-25 12:00:00,
1.125341345,2248579,Gilles Muller,Giraldo v G Muller,10,2016-06-27 15:29:30.116,1.11,2016-06-27 15:41:00,
1.125341345,2248579,Gilles Muller,Giraldo v G Muller,20,2016-06-27 21:39:29.950,1.59,2016-06-28 12:30:00,2016-06-27 16:26:29.044
1.125341345,2248579,Gilles Muller,Giraldo v G Muller,30,2016-06-28 00:07:38.119,1.59,2016-06-28 12:30:00,2016-06-27 16:26:29.044
1.125341345,2248579,Gilles Muller,Giraldo v G Muller,40,2016-06-28 05:12:14.968,1.6,2016-06-28 12:30:00,2016-06-27 16:26:29.044
1.125341345,2248579,Gilles Muller,Giraldo v G Muller,50,2016-06-28 08:09:30.163,1.33,2016-06-28 12:30:00,2016-06-27 16:26:29.044
1.125341345,2248579,Gilles Muller,Giraldo v G Muller,60,2016-06-28 09:15:47.768,1.58,2016-06-28 12:30:00,2016-06-27 16:26:29.044
1.125341345,2248579,Gilles Muller,Giraldo v G Muller,70,2016-06-28 10:35:27.971,1.58,2016-06-28 12:34:00,2016-06-27 16:26:29.044
1.125341345,2248579,Gilles Muller,Giraldo v G Muller,80,2016-06-28 11:47:26.353,1.58,2016-06-28 12:34:00,2016-06-27 16:26:29.044
1.125341345,2248579,Gilles Muller,Giraldo v G Muller,90,2016-06-28 13:14:27.041,1.6,2016-06-28 13:19:00,2016-06-27 16:26:29.044
1.125341345,2248579,Gilles Muller,Giraldo v G Muller,100,2016-06-28 14:41:08.879,1.54,2016-06-28 14:55:00,2016-06-27 16:26:29.044
1.125341345,2415499,Santiago Giraldo,Giraldo v G Muller,0,2016-06-26 15:08:09.652,10.0,2016-06-27 16:30:00,
1.125341345,2415499,Santiago Giraldo,Giraldo v G Muller,10,2016-06-27 15:29:44.141,9.6,2016-06-27 15:41:00,
1.125341345,2415499,Santiago Giraldo,Giraldo v G Muller,20,2016-06-27 20:58:29.474,2.7,2016-06-28 12:30:00,2016-06-27 16:26:29.044
1.125341345,2415499,Santiago Giraldo,Giraldo v G Muller,30,2016-06-27 21:44:00.268,2.68,2016-06-28 12:00:00,2016-06-27 16:26:29.044
1.125341345,2415499,Santiago Giraldo,Giraldo v G Muller,40,2016-06-28 01:15:21.824,2.68,2016-06-28 12:30:00,2016-06-27 16:26:29.044
1.125341345,2415499,Santiago Giraldo,Giraldo v G Muller,50,2016-06-28 07:59:50.208,2.66,2016-06-28 12:30:00,2016-06-27 16:26:29.044
1.125341345,2415499,Santiago Giraldo,Giraldo v G Muller,60,2016-06-28 09:35:26.881,2.68,2016-06-28 12:30:00,2016-06-27 16:26:29.044
1.125341345,2415499,Santiago Giraldo,Giraldo v G Muller,70,2016-06-28 10:54:19.997,2.74,2016-06-28 12:34:00,2016-06-27 16:26:29.044
1.125341345,2415499,Santiago Giraldo,Giraldo v G Muller,80,2016-06-28 12:21:28.713,2.72,2016-06-28 12:34:00,2016-06-27 16:26:29.044
1.125341345,2415499,Santiago Giraldo,Giraldo v G Muller,90,2016-06-28 14:00:42.404,2.62,2016-06-28 14:04:00,2016-06-27 16:26:29.044
1.125341345,2415499,Santiago Giraldo,Giraldo v G Muller,100,2016-06-28 14:41:08.879,2.84,2016-06-28 14:55:00,2016-06-27 16:26:29.044
1.125341366,2496035,Martin Klizan,Kukushkin v Klizan,0,2016-06-25 09:34:24.062,3.15,2016-06-26 12:00:00,
1.125341366,2496035,Martin Klizan,Kukushkin v Klizan,10,2016-06-27 05:27:01.306,3.05,2016-06-28 12:00:00,
1.125341366,2496035,Martin Klizan,Kukushkin v Klizan,20,2016-06-27 20:55:03.524,3.1,2016-06-28 12:30:00,
1.125341366,2496035,Martin Klizan,Kukushkin v Klizan,30,2016-06-27 23:18:54.631,3.25,2016-06-28 12:30:00,
1.125341366,2496035,Martin Klizan,Kukushkin v Klizan,40,2016-06-28 03:37:47.697,3.35,2016-06-28 12:30:00,
1.125341366,2496035,Martin Klizan,Kukushkin v Klizan,50,2016-06-28 07:48:26.631,3.15,2016-06-28 12:30:00,
1.125341366,2496035,Martin Klizan,Kukushkin v Klizan,60,2016-06-28 09:33:26.990,3.1,2016-06-28 12:30:00,
1.125341366,2496035,Martin Klizan,Kukushkin v Klizan,70,2016-06-28 09:53:16.608,3.05,2016-06-28 12:30:00,
1.125341366,2496035,Martin Klizan,Kukushkin v Klizan,80,2016-06-28 10:22:30.680,2.96,2016-06-28 12:30:00,
1.125341366,2496035,Martin Klizan,Kukushkin v Klizan,90,2016-06-28 12:17:31.768,2.98,2016-06-28 12:32:00,
1.125341366,2496035,Martin Klizan,Kukushkin v Klizan,100,2016-06-28 12:39:33.285,2.96,2016-06-28 12:47:00,
1.125341366,2609424,Mikhail Kukushkin,Kukushkin v Klizan,0,2016-06-24 15:51:44.406,1.6,2016-06-25 12:00:00,
1.125341366,2609424,Mikhail Kukushkin,Kukushkin v Klizan,10,2016-06-26 08:24:25.756,1.46,2016-06-27 10:00:00,
1.125341366,2609424,Mikhail Kukushkin,Kukushkin v Klizan,20,2016-06-27 14:54:29.693,1.5,2016-06-28 12:00:00,
1.125341366,2609424,Mikhail Kukushkin,Kukushkin v Klizan,30,2016-06-27 23:26:12.391,1.44,2016-06-28 12:30:00,
1.125341366,2609424,Mikhail Kukushkin,Kukushkin v Klizan,40,2016-06-28 06:05:55.578,1.44,2016-06-28 12:30:00,
1.125341366,2609424,Mikhail Kukushkin,Kukushkin v Klizan,50,2016-06-28 08:21:41.506,1.49,2016-06-28 12:30:00,
1.125341366,2609424,Mikhail Kukushkin,Kukushkin v Klizan,60,2016-06-28 09:34:41.790,1.49,2016-06-28 12:30:00,
1.125341366,2609424,Mikhail Kukushkin,Kukushkin v Klizan,70,2016-06-28 10:19:33.225,1.5,2016-06-28 12:30:00,
1.125341366,2609424,Mikhail Kukushkin,Kukushkin v Klizan,80,2016-06-28 11:06:01.796,1.5,2016-06-28 12:32:00,
1.125341366,2609424,Mikhail Kukushkin,Kukushkin v Klizan,90,2016-06-28 11:47:22.431,1.5,2016-06-28 12:32:00,
1.125341366,2609424,Mikhail Kukushkin,Kukushkin v Klizan,100,2016-06-28 12:35:11.114,1.51,2016-06-28 12:47:00,
1.125341517,5224084,David Goffin,Goffin v A Ward,0,2016-06-24 18:15:46.882,1.07,2016-06-25 12:00:00,
1.125341517,5224084,David Goffin,Goffin v A Ward,10,2016-06-25 18:26:32.669,1.04,2016-06-26 12:00:00,
1.125341517,5224084,David Goffin,Goffin v A Ward,20,2016-06-26 04:31:26.329,1.04,2016-06-27 10:00:00,
1.125341517,5224084,David Goffin,Goffin v A Ward,30,2016-06-26 16:04:00.650,1.05,2016-06-27 14:30:00,
1.125341517,5224084,David Goffin,Goffin v A Ward,40,2016-06-26 20:41:56.463,1.04,2016-06-27 14:30:00,
1.125341517,5224084,David Goffin,Goffin v A Ward,50,2016-06-27 00:56:36.556,1.05,2016-06-27 14:30:00,
1.125341517,5224084,David Goffin,Goffin v A Ward,60,2016-06-27 07:01:35.103,1.05,2016-06-27 14:30:00,
1.125341517,5224084,David Goffin,Goffin v A Ward,70,2016-06-27 08:47:40.271,1.05,2016-06-27 14:30:00,
1.125341517,5224084,David Goffin,Goffin v A Ward,80,2016-06-27 09:28:00.965,1.04,2016-06-27 14:30:00,
1.125341517,5224084,David Goffin,Goffin v A Ward,90,2016-06-27 11:15:50.650,1.04,2016-06-27 14:36:00,
1.125341517,5224084,David Goffin,Goffin v A Ward,100,2016-06-27 13:28:39.412,1.05,2016-06-27 14:09:00,
1.125341517,7234124,Alexander Ward,Goffin v A Ward,0,2016-06-24 22:16:04.038,17.5,2016-06-25 12:00:00,
1.125341517,7234124,Alexander Ward,Goffin v A Ward,10,2016-06-26 04:31:26.329,26.0,2016-06-27 10:00:00,
1.125341517,7234124,Alexander Ward,Goffin v A Ward,20,2016-06-26 14:59:54.329,22.0,2016-06-27 14:30:00,
1.125341517,7234124,Alexander Ward,Goffin v A Ward,30,2016-06-26 20:13:50.388,21.0,2016-06-27 14:30:00,
1.125341517,7234124,Alexander Ward,Goffin v A Ward,40,2016-06-26 23:40:03.052,21.0,2016-06-27 14:30:00,
1.125341517,7234124,Alexander Ward,Goffin v A Ward,50,2016-06-27 08:29:30.620,21.0,2016-06-27 14:30:00,
1.125341517,7234124,Alexander Ward,Goffin v A Ward,60,2016-06-27 09:18:55.176,22.0,2016-06-27 14:30:00,
1.125341517,7234124,Alexander Ward,Goffin v A Ward,70,2016-06-27 10:48:42.232,22.0,2016-06-27 14:36:00,
1.125341517,7234124,Alexander Ward,Goffin v A Ward,80,2016-06-27 13:08:12.561,23.0,2016-06-27 14:09:00,
1.125341517,7234124,Alexander Ward,Goffin v A Ward,90,2016-06-27 13:14:24.976,23.0,2016-06-27 14:09:00,
1.125341517,7234124,Alexander Ward,Goffin v A Ward,100,2016-06-27 13:25:39.045,24.0,2016-06-27 14:09:00,
1.125341534,4729711,Misaki Doi,Doi v Chirico,0,2016-06-26 05:15:56.582,1.4,2016-06-27 11:00:00,
1.125341534,4729711,Misaki Doi,Doi v Chirico,10,2016-06-26 20:08:28.178,1.41,2016-06-27 16:30:00,
1.125341534,4729711,Misaki Doi,Doi v Chirico,20,2016-06-27 07:16:50.686,1.41,2016-06-27 16:30:00,
1.125341534,4729711,Misaki Doi,Doi v Chirico,30,2016-06-27 08:35:24.965,1.38,2016-06-27 16:30:00,
1.125341534,4729711,Misaki Doi,Doi v Chirico,40,2016-06-27 10:03:18.639,1.4,2016-06-27 16:30:00,
1.125341534,4729711,Misaki Doi,Doi v Chirico,50,2016-06-27 12:42:55.142,1.4,2016-06-27 16:50:00,
1.125341534,4729711,Misaki Doi,Doi v Chirico,60,2016-06-27 13:48:43.961,1.39,2016-06-27 17:07:00,
1.125341534,4729711,Misaki Doi,Doi v Chirico,70,2016-06-27 14:07:41.958,1.42,2016-06-27 17:07:00,
1.125341534,4729711,Misaki Doi,Doi v Chirico,80,2016-06-27 14:58:18.476,1.41,2016-06-27 17:07:00,
1.125341534,4729711,Misaki Doi,Doi v Chirico,90,2016-06-27 15:35:41.400,1.38,2016-06-27 17:37:00,
1.125341534,4729711,Misaki Doi,Doi v Chirico,100,2016-06-27 16:01:34.798,1.42,2016-06-27 18:07:00,
1.125341534,7168233,Louisa Chirico,Doi v Chirico,0,2016-06-26 05:15:56.582,3.5,2016-06-27 11:00:00,
1.125341534,7168233,Louisa Chirico,Doi v Chirico,10,2016-06-26 19:22:42.011,3.55,2016-06-27 16:30:00,
1.125341534,7168233,Louisa Chirico,Doi v Chirico,20,2016-06-26 20:08:28.178,3.45,2016-06-27 16:30:00,
1.125341534,7168233,Louisa Chirico,Doi v Chirico,30,2016-06-27 07:44:15.025,3.4,2016-06-27 16:30:00,
1.125341534,7168233,Louisa Chirico,Doi v Chirico,40,2016-06-27 08:29:08.387,3.55,2016-06-27 16:30:00,
1.125341534,7168233,Louisa Chirico,Doi v Chirico,50,2016-06-27 09:15:37.861,3.55,2016-06-27 16:30:00,
1.125341534,7168233,Louisa Chirico,Doi v Chirico,60,2016-06-27 10:43:39.743,3.65,2016-06-27 16:35:00,
1.125341534,7168233,Louisa Chirico,Doi v Chirico,70,2016-06-27 11:11:10.749,3.6,2016-06-27 16:35:00,
1.125341534,7168233,Louisa Chirico,Doi v Chirico,80,2016-06-27 14:06:03.872,3.45,2016-06-27 17:07:00,
1.125341534,7168233,Louisa Chirico,Doi v Chirico,90,2016-06-27 15:11:11.682,3.6,2016-06-27 17:22:00,
1.125341534,7168233,Louisa Chirico,Doi v Chirico,100,2016-06-27 15:57:34.703,3.35,2016-06-27 18:07:00,
1.125341559,2263576,Varvara Lepchenko,T Pereira v Lepchenko,0,2016-06-26 10:21:00.722,1.26,2016-06-27 11:00:00,
1.125341559,2263576,Varvara Lepchenko,T Pereira v Lepchenko,10,2016-06-26 18:01:31.453,1.25,2016-06-27 14:30:00,
1.125341559,2263576,Varvara Lepchenko,T Pereira v Lepchenko,20,2016-06-27 07:38:38.488,1.25,2016-06-27 14:30:00,
1.125341559,2263576,Varvara Lepchenko,T Pereira v Lepchenko,30,2016-06-27 09:12:10.001,1.26,2016-06-27 14:30:00,
1.125341559,2263576,Varvara Lepchenko,T Pereira v Lepchenko,40,2016-06-27 10:21:30.736,1.23,2016-06-27 14:30:00,
1.125341559,2263576,Varvara Lepchenko,T Pereira v Lepchenko,50,2016-06-27 12:04:27.064,1.22,2016-06-27 14:30:00,
1.125341559,2263576,Varvara Lepchenko,T Pereira v Lepchenko,60,2016-06-27 13:15:39.886,1.29,2016-06-27 15:30:00,
1.125341559,2263576,Varvara Lepchenko,T Pereira v Lepchenko,70,2016-06-27 14:04:32.319,1.27,2016-06-27 15:54:00,
1.125341559,2263576,Varvara Lepchenko,T Pereira v Lepchenko,80,2016-06-27 14:23:48.422,1.24,2016-06-27 15:54:00,
1.125341559,2263576,Varvara Lepchenko,T Pereira v Lepchenko,90,2016-06-27 14:52:30.509,1.27,2016-06-27 14:54:00,
1.125341559,2263576,Varvara Lepchenko,T Pereira v Lepchenko,100,2016-06-27 15:13:37.928,1.24,2016-06-27 15:25:00,
1.125341559,6390242,Teliana Pereira,T Pereira v Lepchenko,0,2016-06-26 10:21:00.722,4.9,2016-06-27 11:00:00,
1.125341559,6390242,Teliana Pereira,T Pereira v Lepchenko,10,2016-06-26 20:44:04.794,4.8,2016-06-27 14:30:00,
1.125341559,6390242,Teliana Pereira,T Pereira v Lepchenko,20,2016-06-27 09:07:46.546,4.9,2016-06-27 14:30:00,
1.125341559,6390242,Teliana Pereira,T Pereira v Lepchenko,30,2016-06-27 10:08:17.228,5.1,2016-06-27 14:30:00,
1.125341559,6390242,Teliana Pereira,T Pereira v Lepchenko,40,2016-06-27 11:43:56.021,5.5,2016-06-27 14:30:00,
1.125341559,6390242,Teliana Pereira,T Pereira v Lepchenko,50,2016-06-27 13:15:39.886,4.6,2016-06-27 15:30:00,
1.125341559,6390242,Teliana Pereira,T Pereira v Lepchenko,60,2016-06-27 13:21:39.429,5.0,2016-06-27 15:30:00,
1.125341559,6390242,Teliana Pereira,T Pereira v Lepchenko,70,2016-06-27 14:05:25.842,4.7,2016-06-27 15:54:00,
1.125341559,6390242,Teliana Pereira,T Pereira v Lepchenko,80,2016-06-27 14:09:39.856,5.0,2016-06-27 15:54:00,
1.125341559,6390242,Teliana Pereira,T Pereira v Lepchenko,90,2016-06-27 14:54:50.355,4.7,2016-06-27 15:09:00,
1.125341559,6390242,Teliana Pereira,T Pereira v Lepchenko,100,2016-06-27 15:10:41.809,5.0,2016-06-27 15:25:00,
1.125341633,2519549,Kevin Anderson,Istomin v K Anderson,0,2016-06-24 13:27:08.166,1.41,2016-06-25 12:00:00,
1.125341633,2519549,Kevin Anderson,Istomin v K Anderson,10,2016-06-25 07:19:26.209,1.31,2016-06-26 12:00:00,
1.125341633,2519549,Kevin Anderson,Istomin v K Anderson,20,2016-06-26 13:21:24.284,1.32,2016-06-27 12:30:00,
1.125341633,2519549,Kevin Anderson,Istomin v K Anderson,30,2016-06-26 20:55:58.011,1.29,2016-06-27 12:30:00,
1.125341633,2519549,Kevin Anderson,Istomin v K Anderson,40,2016-06-27 06:13:10.120,1.3,2016-06-27 12:30:00,
1.125341633,2519549,Kevin Anderson,Istomin v K Anderson,50,2016-06-27 07:59:29.415,1.31,2016-06-27 12:30:00,
1.125341633,2519549,Kevin Anderson,Istomin v K Anderson,60,2016-06-27 08:29:11.805,1.29,2016-06-27 12:30:00,
1.125341633,2519549,Kevin Anderson,Istomin v K Anderson,70,2016-06-27 10:03:18.319,1.28,2016-06-27 12:30:00,
1.125341633,2519549,Kevin Anderson,Istomin v K Anderson,80,2016-06-27 11:01:39.316,1.29,2016-06-27 12:30:00,
1.125341633,2519549,Kevin Anderson,Istomin v K Anderson,90,2016-06-27 11:17:28.618,1.27,2016-06-27 12:30:00,
1.125341633,2519549,Kevin Anderson,Istomin v K Anderson,100,2016-06-27 11:39:38.134,1.29,2016-06-27 11:51:00,
1.125341633,2765780,Denis Istomin,Istomin v K Anderson,0,2016-06-25 07:20:55.985,4.2,2016-06-26 12:00:00,
1.125341633,2765780,Denis Istomin,Istomin v K Anderson,10,2016-06-26 20:43:10.525,4.4,2016-06-27 12:30:00,
1.125341633,2765780,Denis Istomin,Istomin v K Anderson,20,2016-06-27 07:37:19.699,4.3,2016-06-27 12:30:00,
1.125341633,2765780,Denis Istomin,Istomin v K Anderson,30,2016-06-27 07:50:17.364,4.4,2016-06-27 12:30:00,
1.125341633,2765780,Denis Istomin,Istomin v K Anderson,40,2016-06-27 08:25:32.871,4.5,2016-06-27 12:30:00,
1.125341633,2765780,Denis Istomin,Istomin v K Anderson,50,2016-06-27 08:59:36.396,4.3,2016-06-27 12:30:00,
1.125341633,2765780,Denis Istomin,Istomin v K Anderson,60,2016-06-27 09:26:24.299,4.6,2016-06-27 12:30:00,
1.125341633,2765780,Denis Istomin,Istomin v K Anderson,70,2016-06-27 10:27:21.153,4.4,2016-06-27 12:30:00,
1.125341633,2765780,Denis Istomin,Istomin v K Anderson,80,2016-06-27 11:09:41.011,4.5,2016-06-27 12:30:00,
1.125341633,2765780,Denis Istomin,Istomin v K Anderson,90,2016-06-27 11:15:33.330,4.4,2016-06-27 12:30:00,
1.125341633,2765780,Denis Istomin,Istomin v K Anderson,100,2016-06-27 11:32:21.957,4.4,2016-06-27 12:30:00,
1.125341797,2257314,David Ferrer,D Sela v D Ferrer,0,2016-06-24 18:17:26.909,1.27,2016-06-25 12:00:00,
1.125341797,2257314,David Ferrer,D Sela v D Ferrer,10,2016-06-26 08:22:35.580,1.22,2016-06-27 10:00:00,
1.125341797,2257314,David Ferrer,D Sela v D Ferrer,20,2016-06-26 17:18:43.326,1.25,2016-06-27 12:30:00,
1.125341797,2257314,David Ferrer,D Sela v D Ferrer,30,2016-06-26 22:40:45.623,1.22,2016-06-27 12:30:00,
1.125341797,2257314,David Ferrer,D Sela v D Ferrer,40,2016-06-27 06:31:54.016,1.23,2016-06-27 12:30:00,
1.125341797,2257314,David Ferrer,D Sela v D Ferrer,50,2016-06-27 07:37:19.859,1.23,2016-06-27 12:30:00,
1.125341797,2257314,David Ferrer,D Sela v D Ferrer,60,2016-06-27 09:06:53.752,1.23,2016-06-27 12:30:00,
1.125341797,2257314,David Ferrer,D Sela v D Ferrer,70,2016-06-27 10:14:11.240,1.23,2016-06-27 12:30:00,
1.125341797,2257314,David Ferrer,D Sela v D Ferrer,80,2016-06-27 11:10:25.181,1.23,2016-06-27 12:36:00,
1.125341797,2257314,David Ferrer,D Sela v D Ferrer,90,2016-06-27 11:53:54.353,1.21,2016-06-27 12:36:00,
1.125341797,2257314,David Ferrer,D Sela v D Ferrer,100,2016-06-27 12:13:51.559,1.22,2016-06-27 12:21:00,
1.125341797,2263685,Dudi Sela,D Sela v D Ferrer,0,2016-06-24 18:17:26.909,4.7,2016-06-25 12:00:00,
1.125341797,2263685,Dudi Sela,D Sela v D Ferrer,10,2016-06-26 11:41:43.414,5.0,2016-06-27 12:30:00,
1.125341797,2263685,Dudi Sela,D Sela v D Ferrer,20,2016-06-26 22:17:20.191,5.0,2016-06-27 12:30:00,
1.125341797,2263685,Dudi Sela,D Sela v D Ferrer,30,2016-06-27 06:30:07.787,5.4,2016-06-27 12:30:00,
1.125341797,2263685,Dudi Sela,D Sela v D Ferrer,40,2016-06-27 08:43:32.420,5.2,2016-06-27 12:30:00,
1.125341797,2263685,Dudi Sela,D Sela v D Ferrer,50,2016-06-27 09:03:51.544,5.4,2016-06-27 12:30:00,
1.125341797,2263685,Dudi Sela,D Sela v D Ferrer,60,2016-06-27 10:24:41.417,5.2,2016-06-27 12:30:00,
1.125341797,2263685,Dudi Sela,D Sela v D Ferrer,70,2016-06-27 10:32:29.718,5.3,2016-06-27 12:45:00,
1.125341797,2263685,Dudi Sela,D Sela v D Ferrer,80,2016-06-27 11:01:44.080,5.5,2016-06-27 12:36:00,
1.125341797,2263685,Dudi Sela,D Sela v D Ferrer,90,2016-06-27 11:20:41.144,5.4,2016-06-27 12:36:00,
1.125341797,2263685,Dudi Sela,D Sela v D Ferrer,100,2016-06-27 12:11:50.394,5.6,2016-06-27 12:21:00,
1.125341818,2263570,Ivo Karlovic,Coric v Karlovic,0,2016-06-24 20:30:01.871,1.42,2016-06-25 12:00:00,
1.125341818,2263570,Ivo Karlovic,Coric v Karlovic,10,2016-06-26 12:54:35.805,1.45,2016-06-27 10:30:00,
1.125341818,2263570,Ivo Karlovic,Coric v Karlovic,20,2016-06-26 20:55:07.326,1.41,2016-06-27 10:30:00,
1.125341818,2263570,Ivo Karlovic,Coric v Karlovic,30,2016-06-27 03:38:42.430,1.41,2016-06-27 10:30:00,
1.125341818,2263570,Ivo Karlovic,Coric v Karlovic,40,2016-06-27 06:57:36.480,1.4,2016-06-27 10:30:00,
1.125341818,2263570,Ivo Karlovic,Coric v Karlovic,50,2016-06-27 07:47:28.616,1.39,2016-06-27 10:30:00,
1.125341818,2263570,Ivo Karlovic,Coric v Karlovic,60,2016-06-27 08:23:03.968,1.4,2016-06-27 10:30:00,
1.125341818,2263570,Ivo Karlovic,Coric v Karlovic,70,2016-06-27 09:06:54.953,1.39,2016-06-27 10:30:00,
1.125341818,2263570,Ivo Karlovic,Coric v Karlovic,80,2016-06-27 10:00:28.266,1.41,2016-06-27 10:30:00,
1.125341818,2263570,Ivo Karlovic,Coric v Karlovic,90,2016-06-27 10:23:42.883,1.41,2016-06-27 10:30:00,
1.125341818,2263570,Ivo Karlovic,Coric v Karlovic,100,2016-06-27 10:39:55.045,1.41,2016-06-27 10:45:00,
1.125341818,7446579,Borna Coric,Coric v Karlovic,0,2016-06-26 16:55:26.886,3.2,2016-06-27 10:30:00,
1.125341818,7446579,Borna Coric,Coric v Karlovic,10,2016-06-26 22:58:25.628,3.4,2016-06-27 10:30:00,
1.125341818,7446579,Borna Coric,Coric v Karlovic,20,2016-06-27 02:37:44.127,3.45,2016-06-27 10:30:00,
1.125341818,7446579,Borna Coric,Coric v Karlovic,30,2016-06-27 05:32:55.390,3.4,2016-06-27 10:30:00,
1.125341818,7446579,Borna Coric,Coric v Karlovic,40,2016-06-27 07:10:03.083,3.45,2016-06-27 10:30:00,
1.125341818,7446579,Borna Coric,Coric v Karlovic,50,2016-06-27 07:59:00.933,3.65,2016-06-27 10:30:00,
1.125341818,7446579,Borna Coric,Coric v Karlovic,60,2016-06-27 08:51:16.238,3.6,2016-06-27 10:30:00,
1.125341818,7446579,Borna Coric,Coric v Karlovic,70,2016-06-27 09:40:45.479,3.5,2016-06-27 10:30:00,
1.125341818,7446579,Borna Coric,Coric v Karlovic,80,2016-06-27 10:00:28.266,3.45,2016-06-27 10:30:00,
1.125341818,7446579,Borna Coric,Coric v Karlovic,90,2016-06-27 10:26:52.368,3.55,2016-06-27 10:30:00,
1.125341818,7446579,Borna Coric,Coric v Karlovic,100,2016-06-27 10:38:51.354,3.35,2016-06-27 10:45:00,
1.125341835,4045175,Zarina Diyas,Diyas v Friedsam,0,2016-06-26 20:18:04.832,2.32,2016-06-27 12:30:00,
1.125341835,4045175,Zarina Diyas,Diyas v Friedsam,10,2016-06-26 21:14:54.357,2.4,2016-06-27 12:30:00,
1.125341835,4045175,Zarina Diyas,Diyas v Friedsam,20,2016-06-27 02:58:43.793,2.38,2016-06-27 12:30:00,
1.125341835,4045175,Zarina Diyas,Diyas v Friedsam,30,2016-06-27 03:06:49.961,2.36,2016-06-27 12:30:00,
1.125341835,4045175,Zarina Diyas,Diyas v Friedsam,40,2016-06-27 08:43:32.420,2.44,2016-06-27 12:30:00,
1.125341835,4045175,Zarina Diyas,Diyas v Friedsam,50,2016-06-27 09:45:50.604,2.44,2016-06-27 12:30:00,
1.125341835,4045175,Zarina Diyas,Diyas v Friedsam,60,2016-06-27 09:59:44.956,2.58,2016-06-27 12:30:00,
1.125341835,4045175,Zarina Diyas,Diyas v Friedsam,70,2016-06-27 10:59:50.930,2.5,2016-06-27 12:34:00,
1.125341835,4045175,Zarina Diyas,Diyas v Friedsam,80,2016-06-27 11:25:32.492,2.52,2016-06-27 12:34:00,
1.125341835,4045175,Zarina Diyas,Diyas v Friedsam,90,2016-06-27 11:43:41.192,2.58,2016-06-27 12:34:00,
1.125341835,4045175,Zarina Diyas,Diyas v Friedsam,100,2016-06-27 12:03:48.726,2.52,2016-06-27 12:34:00,
1.125341835,7593369,Anna-Lena Friedsam,Diyas v Friedsam,0,2016-06-26 18:08:11.509,1.76,2016-06-27 12:30:00,
1.125341835,7593369,Anna-Lena Friedsam,Diyas v Friedsam,10,2016-06-27 03:06:49.961,1.76,2016-06-27 12:30:00,
1.125341835,7593369,Anna-Lena Friedsam,Diyas v Friedsam,20,2016-06-27 07:26:29.755,1.7,2016-06-27 12:30:00,
1.125341835,7593369,Anna-Lena Friedsam,Diyas v Friedsam,30,2016-06-27 08:23:17.669,1.7,2016-06-27 12:30:00,
1.125341835,7593369,Anna-Lena Friedsam,Diyas v Friedsam,40,2016-06-27 09:45:50.604,1.69,2016-06-27 12:30:00,
1.125341835,7593369,Anna-Lena Friedsam,Diyas v Friedsam,50,2016-06-27 10:01:14.564,1.65,2016-06-27 12:30:00,
1.125341835,7593369,Anna-Lena Friedsam,Diyas v Friedsam,60,2016-06-27 10:51:40.023,1.66,2016-06-27 12:34:00,
1.125341835,7593369,Anna-Lena Friedsam,Diyas v Friedsam,70,2016-06-27 11:36:47.005,1.64,2016-06-27 12:34:00,
1.125341835,7593369,Anna-Lena Friedsam,Diyas v Friedsam,80,2016-06-27 11:45:28.997,1.65,2016-06-27 12:34:00,
1.125341835,7593369,Anna-Lena Friedsam,Diyas v Friedsam,90,2016-06-27 11:55:45.390,1.64,2016-06-27 12:34:00,
1.125341835,7593369,Anna-Lena Friedsam,Diyas v Friedsam,100,2016-06-27 12:06:28.679,1.65,2016-06-27 12:34:00,
1.125342023,3035263,Marcel Granollers,M Granollers v Estrella Burgos,0,2016-06-25 20:27:16.730,1.4,2016-06-26 12:00:00,
1.125342023,3035263,Marcel Granollers,M Granollers v Estrella Burgos,10,2016-06-27 12:31:05.440,1.38,2016-06-28 12:00:00,
1.125342023,3035263,Marcel Granollers,M Granollers v Estrella Burgos,20,2016-06-27 21:19:07.367,1.33,2016-06-28 10:30:00,
1.125342023,3035263,Marcel Granollers,M Granollers v Estrella Burgos,30,2016-06-28 02:40:25.928,1.32,2016-06-28 10:30:00,
1.125342023,3035263,Marcel Granollers,M Granollers v Estrella Burgos,40,2016-06-28 06:45:39.390,1.35,2016-06-28 10:30:00,
1.125342023,3035263,Marcel Granollers,M Granollers v Estrella Burgos,50,2016-06-28 07:30:01.551,1.35,2016-06-28 10:30:00,
1.125342023,3035263,Marcel Granollers,M Granollers v Estrella Burgos,60,2016-06-28 08:20:27.971,1.34,2016-06-28 10:30:00,
1.125342023,3035263,Marcel Granollers,M Granollers v Estrella Burgos,70,2016-06-28 08:54:40.672,1.36,2016-06-28 10:30:00,
1.125342023,3035263,Marcel Granollers,M Granollers v Estrella Burgos,80,2016-06-28 09:43:22.192,1.33,2016-06-28 10:30:00,
1.125342023,3035263,Marcel Granollers,M Granollers v Estrella Burgos,90,2016-06-28 09:58:14.330,1.35,2016-06-28 10:30:00,
1.125342023,3035263,Marcel Granollers,M Granollers v Estrella Burgos,100,2016-06-28 10:33:56.227,1.32,2016-06-28 10:45:00,
1.125342023,7430580,Victor Estrella Burgos,M Granollers v Estrella Burgos,0,2016-06-25 15:11:48.415,3.35,2016-06-26 12:00:00,
1.125342023,7430580,Victor Estrella Burgos,M Granollers v Estrella Burgos,10,2016-06-27 12:31:05.440,3.65,2016-06-28 12:00:00,
1.125342023,7430580,Victor Estrella Burgos,M Granollers v Estrella Burgos,20,2016-06-27 21:11:34.652,3.6,2016-06-28 10:30:00,
1.125342023,7430580,Victor Estrella Burgos,M Granollers v Estrella Burgos,30,2016-06-28 05:05:48.255,3.95,2016-06-28 10:30:00,
1.125342023,7430580,Victor Estrella Burgos,M Granollers v Estrella Burgos,40,2016-06-28 06:44:25.153,3.85,2016-06-28 10:30:00,
1.125342023,7430580,Victor Estrella Burgos,M Granollers v Estrella Burgos,50,2016-06-28 06:53:58.610,3.75,2016-06-28 10:30:00,
1.125342023,7430580,Victor Estrella Burgos,M Granollers v Estrella Burgos,60,2016-06-28 07:43:48.725,3.95,2016-06-28 10:30:00,
1.125342023,7430580,Victor Estrella Burgos,M Granollers v Estrella Burgos,70,2016-06-28 08:22:57.445,3.9,2016-06-28 10:30:00,
1.125342023,7430580,Victor Estrella Burgos,M Granollers v Estrella Burgos,80,2016-06-28 09:43:22.192,3.9,2016-06-28 10:30:00,
1.125342023,7430580,Victor Estrella Burgos,M Granollers v Estrella Burgos,90,2016-06-28 10:10:57.066,4.1,2016-06-28 10:30:00,
1.125342023,7430580,Victor Estrella Burgos,M Granollers v Estrella Burgos,100,2016-06-28 10:33:56.227,4.1,2016-06-28 10:45:00,
1.12534204,5374368,Monica Puig,Puig v Konta,0,2016-06-26 11:55:55.235,2.34,2016-06-28 12:00:00,
1.12534204,5374368,Monica Puig,Puig v Konta,10,2016-06-28 05:36:00.254,2.42,2016-06-28 14:00:00,
1.12534204,5374368,Monica Puig,Puig v Konta,20,2016-06-28 09:17:20.518,2.42,2016-06-28 14:00:00,
1.12534204,5374368,Monica Puig,Puig v Konta,30,2016-06-28 11:38:21.916,2.4,2016-06-28 14:00:00,
1.12534204,5374368,Monica Puig,Puig v Konta,40,2016-06-28 12:51:56.647,2.4,2016-06-28 14:03:00,
1.12534204,5374368,Monica Puig,Puig v Konta,50,2016-06-28 14:20:45.833,2.5,2016-06-28 14:33:00,
1.12534204,5374368,Monica Puig,Puig v Konta,60,2016-06-28 20:10:01.843,6.6,2016-06-29 12:00:00,2016-06-28 15:01:00.138
1.12534204,5374368,Monica Puig,Puig v Konta,70,2016-06-29 07:57:19.786,6.8,2016-06-29 12:00:00,2016-06-28 15:01:00.138
1.12534204,5374368,Monica Puig,Puig v Konta,80,2016-06-29 11:22:16.953,6.8,2016-06-29 12:00:00,2016-06-28 15:01:00.138
1.12534204,5374368,Monica Puig,Puig v Konta,90,2016-06-29 12:27:48.304,6.8,2016-06-29 12:30:00,2016-06-28 15:01:00.138
1.12534204,5374368,Monica Puig,Puig v Konta,100,2016-06-29 15:48:24.504,6.8,2016-06-29 16:00:00,2016-06-28 15:01:00.138
1.12534204,5596561,Johanna Konta,Puig v Konta,0,2016-06-24 13:05:45.132,1.71,2016-06-25 12:00:00,
1.12534204,5596561,Johanna Konta,Puig v Konta,10,2016-06-27 12:03:08.885,1.69,2016-06-28 12:00:00,
1.12534204,5596561,Johanna Konta,Puig v Konta,20,2016-06-28 08:20:17.392,1.67,2016-06-28 14:00:00,
1.12534204,5596561,Johanna Konta,Puig v Konta,30,2016-06-28 12:10:34.790,1.72,2016-06-28 14:03:00,
1.12534204,5596561,Johanna Konta,Puig v Konta,40,2016-06-28 13:57:55.848,1.67,2016-06-28 14:03:00,
1.12534204,5596561,Johanna Konta,Puig v Konta,50,2016-06-28 19:28:36.460,1.18,2016-06-29 12:00:00,2016-06-28 15:01:00.138
1.12534204,5596561,Johanna Konta,Puig v Konta,60,2016-06-28 22:50:32.735,1.18,2016-06-29 12:00:00,2016-06-28 15:01:00.138
1.12534204,5596561,Johanna Konta,Puig v Konta,70,2016-06-29 07:46:55.824,1.16,2016-06-29 12:00:00,2016-06-28 15:01:00.138
1.12534204,5596561,Johanna Konta,Puig v Konta,80,2016-06-29 11:07:31.429,1.18,2016-06-29 12:00:00,2016-06-28 15:01:00.138
1.12534204,5596561,Johanna Konta,Puig v Konta,90,2016-06-29 12:23:51.736,1.17,2016-06-29 12:30:00,2016-06-28 15:01:00.138
1.12534204,5596561,Johanna Konta,Puig v Konta,100,2016-06-29 15:52:26.247,1.17,2016-06-29 16:00:00,2016-06-28 15:01:00.138
1.125342059,2256480,Fernando Verdasco,Verdasco v B Tomic,0,2016-06-24 11:37:56.991,2.68,2016-06-25 12:00:00,
1.125342059,2256480,Fernando Verdasco,Verdasco v B Tomic,10,2016-06-27 16:01:31.680,3.0,2016-06-28 12:00:00,
1.125342059,2256480,Fernando Verdasco,Verdasco v B Tomic,20,2016-06-28 07:50:33.321,3.0,2016-06-28 12:30:00,
1.125342059,2256480,Fernando Verdasco,Verdasco v B Tomic,30,2016-06-28 10:30:36.473,2.94,2016-06-28 12:45:00,
1.125342059,2256480,Fernando Verdasco,Verdasco v B Tomic,40,2016-06-28 12:23:58.040,2.9,2016-06-28 12:33:00,
1.125342059,2256480,Fernando Verdasco,Verdasco v B Tomic,50,2016-06-28 19:15:59.573,2.2,2016-06-29 10:30:00,2016-06-28 13:31:00.243
1.125342059,2256480,Fernando Verdasco,Verdasco v B Tomic,60,2016-06-28 22:04:56.402,2.18,2016-06-29 10:30:00,2016-06-28 13:31:00.243
1.125342059,2256480,Fernando Verdasco,Verdasco v B Tomic,70,2016-06-29 04:47:58.352,2.16,2016-06-29 10:30:00,2016-06-28 13:31:00.243
1.125342059,2256480,Fernando Verdasco,Verdasco v B Tomic,80,2016-06-29 07:52:26.308,2.12,2016-06-29 10:30:00,2016-06-28 13:31:00.243
1.125342059,2256480,Fernando Verdasco,Verdasco v B Tomic,90,2016-06-29 09:51:31.345,2.16,2016-06-29 10:30:00,2016-06-28 13:31:00.243
1.125342059,2256480,Fernando Verdasco,Verdasco v B Tomic,100,2016-06-29 11:24:54.787,2.16,2016-06-29 11:30:00,2016-06-28 13:31:00.243
1.125342059,3588868,Bernard Tomic,Verdasco v B Tomic,0,2016-06-24 11:37:56.991,1.6,2016-06-25 12:00:00,
1.125342059,3588868,Bernard Tomic,Verdasco v B Tomic,10,2016-06-27 17:32:33.374,1.5,2016-06-28 12:00:00,
1.125342059,3588868,Bernard Tomic,Verdasco v B Tomic,20,2016-06-28 05:43:45.379,1.49,2016-06-28 12:30:00,
1.125342059,3588868,Bernard Tomic,Verdasco v B Tomic,30,2016-06-28 09:49:13.283,1.52,2016-06-28 12:30:00,
1.125342059,3588868,Bernard Tomic,Verdasco v B Tomic,40,2016-06-28 12:31:00.219,1.54,2016-06-28 12:33:00,
1.125342059,3588868,Bernard Tomic,Verdasco v B Tomic,50,2016-06-28 19:56:21.336,1.84,2016-06-29 10:30:00,2016-06-28 13:31:00.243
1.125342059,3588868,Bernard Tomic,Verdasco v B Tomic,60,2016-06-28 22:28:57.150,1.83,2016-06-29 12:00:00,2016-06-28 13:31:00.243
1.125342059,3588868,Bernard Tomic,Verdasco v B Tomic,70,2016-06-29 04:54:49.291,1.86,2016-06-29 10:30:00,2016-06-28 13:31:00.243
1.125342059,3588868,Bernard Tomic,Verdasco v B Tomic,80,2016-06-29 07:21:43.367,1.93,2016-06-29 10:30:00,2016-06-28 13:31:00.243
1.125342059,3588868,Bernard Tomic,Verdasco v B Tomic,90,2016-06-29 09:30:44.353,1.89,2016-06-29 10:30:00,2016-06-28 13:31:00.243
1.125342059,3588868,Bernard Tomic,Verdasco v B Tomic,100,2016-06-29 11:26:48.992,1.84,2016-06-29 11:30:00,2016-06-28 13:31:00.243
1.125342245,5408907,Carina Witthoeft,Begu v C Witthoeft,0,2016-06-26 18:01:25.401,3.25,2016-06-27 10:30:00,
1.125342245,5408907,Carina Witthoeft,Begu v C Witthoeft,10,2016-06-26 21:16:57.090,3.25,2016-06-27 10:30:00,
1.125342245,5408907,Carina Witthoeft,Begu v C Witthoeft,20,2016-06-26 23:07:15.960,3.25,2016-06-27 10:30:00,
1.125342245,5408907,Carina Witthoeft,Begu v C Witthoeft,30,2016-06-27 03:00:01.946,3.25,2016-06-27 10:30:00,
1.125342245,5408907,Carina Witthoeft,Begu v C Witthoeft,40,2016-06-27 07:25:00.920,3.2,2016-06-27 10:30:00,
1.125342245,5408907,Carina Witthoeft,Begu v C Witthoeft,50,2016-06-27 07:27:39.909,3.25,2016-06-27 10:30:00,
1.125342245,5408907,Carina Witthoeft,Begu v C Witthoeft,60,2016-06-27 08:14:45.083,3.3,2016-06-27 10:30:00,
1.125342245,5408907,Carina Witthoeft,Begu v C Witthoeft,70,2016-06-27 09:28:30.806,3.25,2016-06-27 10:30:00,
1.125342245,5408907,Carina Witthoeft,Begu v C Witthoeft,80,2016-06-27 09:51:23.903,3.25,2016-06-27 10:30:00,
1.125342245,5408907,Carina Witthoeft,Begu v C Witthoeft,90,2016-06-27 10:05:47.331,3.25,2016-06-27 10:30:00,
1.125342245,5408907,Carina Witthoeft,Begu v C Witthoeft,100,2016-06-27 10:38:04.789,3.25,2016-06-27 10:45:00,
1.125342245,7642289,Irina-Camelia Begu,Begu v C Witthoeft,0,2016-06-24 22:05:06.716,1.47,2016-06-25 12:00:00,
1.125342245,7642289,Irina-Camelia Begu,Begu v C Witthoeft,10,2016-06-26 16:55:17.568,1.47,2016-06-27 10:30:00,
1.125342245,7642289,Irina-Camelia Begu,Begu v C Witthoeft,20,2016-06-27 00:53:50.077,1.48,2016-06-27 10:30:00,
1.125342245,7642289,Irina-Camelia Begu,Begu v C Witthoeft,30,2016-06-27 02:24:43.190,1.45,2016-06-27 10:30:00,
1.125342245,7642289,Irina-Camelia Begu,Begu v C Witthoeft,40,2016-06-27 06:35:35.496,1.45,2016-06-27 10:30:00,
1.125342245,7642289,Irina-Camelia Begu,Begu v C Witthoeft,50,2016-06-27 07:25:00.920,1.43,2016-06-27 10:30:00,
1.125342245,7642289,Irina-Camelia Begu,Begu v C Witthoeft,60,2016-06-27 07:58:56.615,1.43,2016-06-27 10:30:00,
1.125342245,7642289,Irina-Camelia Begu,Begu v C Witthoeft,70,2016-06-27 09:16:47.769,1.43,2016-06-27 10:30:00,
1.125342245,7642289,Irina-Camelia Begu,Begu v C Witthoeft,80,2016-06-27 09:52:50.524,1.43,2016-06-27 10:30:00,
1.125342245,7642289,Irina-Camelia Begu,Begu v C Witthoeft,90,2016-06-27 10:14:52.874,1.43,2016-06-27 10:30:00,
1.125342245,7642289,Irina-Camelia Begu,Begu v C Witthoeft,100,2016-06-27 10:40:04.832,1.44,2016-06-27 10:45:00,
1.12534226,8244521,Su-Wei Hsieh,Su Hsieh v Pavlyuchenkova,0,2016-06-26 18:26:57.149,2.34,2016-06-28 12:00:00,
1.12534226,8244521,Su-Wei Hsieh,Su Hsieh v Pavlyuchenkova,10,2016-06-28 07:04:04.091,2.26,2016-06-28 12:30:00,
1.12534226,8244521,Su-Wei Hsieh,Su Hsieh v Pavlyuchenkova,20,2016-06-28 11:01:21.674,2.24,2016-06-28 12:37:00,
1.12534226,8244521,Su-Wei Hsieh,Su Hsieh v Pavlyuchenkova,30,2016-06-28 12:34:07.053,2.14,2016-06-28 12:37:00,
1.12534226,8244521,Su-Wei Hsieh,Su Hsieh v Pavlyuchenkova,40,2016-06-28 13:43:57.344,2.26,2016-06-28 13:52:00,
1.12534226,8244521,Su-Wei Hsieh,Su Hsieh v Pavlyuchenkova,50,2016-06-28 21:05:59.492,1.77,2016-06-29 10:30:00,2016-06-28 14:19:08.136
1.12534226,8244521,Su-Wei Hsieh,Su Hsieh v Pavlyuchenkova,60,2016-06-29 04:23:00.037,1.83,2016-06-29 10:30:00,2016-06-28 14:19:08.136
1.12534226,8244521,Su-Wei Hsieh,Su Hsieh v Pavlyuchenkova,70,2016-06-29 06:55:51.500,1.77,2016-06-29 10:30:00,2016-06-28 14:19:08.136
1.12534226,8244521,Su-Wei Hsieh,Su Hsieh v Pavlyuchenkova,80,2016-06-29 08:36:08.052,1.75,2016-06-29 10:30:00,2016-06-28 14:19:08.136
1.12534226,8244521,Su-Wei Hsieh,Su Hsieh v Pavlyuchenkova,90,2016-06-29 09:36:46.364,1.78,2016-06-29 10:30:00,2016-06-28 14:19:08.136
1.12534226,8244521,Su-Wei Hsieh,Su Hsieh v Pavlyuchenkova,100,2016-06-29 11:09:07.587,1.8,2016-06-29 11:15:00,2016-06-28 14:19:08.136
1.12534226,11057836,Anastasia Pavlyuchenkov,Su Hsieh v Pavlyuchenkova,0,2016-06-26 18:26:57.149,1.75,2016-06-28 12:00:00,
1.12534226,11057836,Anastasia Pavlyuchenkov,Su Hsieh v Pavlyuchenkova,10,2016-06-28 07:11:31.755,1.8,2016-06-28 12:30:00,
1.12534226,11057836,Anastasia Pavlyuchenkov,Su Hsieh v Pavlyuchenkova,20,2016-06-28 09:37:01.080,1.86,2016-06-28 12:30:00,
1.12534226,11057836,Anastasia Pavlyuchenkov,Su Hsieh v Pavlyuchenkova,30,2016-06-28 11:07:55.546,1.8,2016-06-28 12:37:00,
1.12534226,11057836,Anastasia Pavlyuchenkov,Su Hsieh v Pavlyuchenkova,40,2016-06-28 12:26:04.211,1.81,2016-06-28 12:37:00,
1.12534226,11057836,Anastasia Pavlyuchenkov,Su Hsieh v Pavlyuchenkova,50,2016-06-28 12:54:58.271,1.77,2016-06-28 13:07:00,
1.12534226,11057836,Anastasia Pavlyuchenkov,Su Hsieh v Pavlyuchenkova,60,2016-06-28 13:43:57.344,1.79,2016-06-28 13:52:00,
1.12534226,11057836,Anastasia Pavlyuchenkov,Su Hsieh v Pavlyuchenkova,70,2016-06-28 19:30:01.685,2.08,2016-06-29 12:00:00,2016-06-28 14:19:08.136
1.12534226,11057836,Anastasia Pavlyuchenkov,Su Hsieh v Pavlyuchenkova,80,2016-06-28 23:03:42.481,2.2,2016-06-29 10:30:00,2016-06-28 14:19:08.136
1.12534226,11057836,Anastasia Pavlyuchenkov,Su Hsieh v Pavlyuchenkova,90,2016-06-29 05:36:13.096,2.14,2016-06-29 10:30:00,2016-06-28 14:19:08.136
1.12534226,11057836,Anastasia Pavlyuchenkov,Su Hsieh v Pavlyuchenkova,100,2016-06-29 11:08:06.175,2.32,2016-06-29 11:15:00,2016-06-28 14:19:08.136
1.125342281,2258417,Juan Monaco,T Daniel v J Monaco,0,2016-06-25 13:33:38.232,1.29,2016-06-26 12:00:00,
1.125342281,2258417,Juan Monaco,T Daniel v J Monaco,10,2016-06-27 17:16:54.737,1.25,2016-06-28 12:00:00,
1.125342281,2258417,Juan Monaco,T Daniel v J Monaco,20,2016-06-27 20:54:48.057,1.25,2016-06-28 10:30:00,
1.125342281,2258417,Juan Monaco,T Daniel v J Monaco,30,2016-06-27 23:01:49.545,1.24,2016-06-28 10:30:00,
1.125342281,2258417,Juan Monaco,T Daniel v J Monaco,40,2016-06-28 05:25:48.439,1.28,2016-06-28 10:30:00,
1.125342281,2258417,Juan Monaco,T Daniel v J Monaco,50,2016-06-28 07:09:58.409,1.28,2016-06-28 10:30:00,
1.125342281,2258417,Juan Monaco,T Daniel v J Monaco,60,2016-06-28 08:21:23.256,1.27,2016-06-28 10:30:00,
1.125342281,2258417,Juan Monaco,T Daniel v J Monaco,70,2016-06-28 08:59:11.253,1.25,2016-06-28 10:30:00,
1.125342281,2258417,Juan Monaco,T Daniel v J Monaco,80,2016-06-28 10:04:02.161,1.27,2016-06-28 10:30:00,
1.125342281,2258417,Juan Monaco,T Daniel v J Monaco,90,2016-06-28 10:14:51.660,1.27,2016-06-28 10:30:00,
1.125342281,2258417,Juan Monaco,T Daniel v J Monaco,100,2016-06-28 10:33:56.228,1.28,2016-06-28 10:45:00,
1.125342281,8173434,Taro Daniel,T Daniel v J Monaco,0,2016-06-25 16:56:39.925,4.5,2016-06-26 12:00:00,
1.125342281,8173434,Taro Daniel,T Daniel v J Monaco,10,2016-06-27 20:38:43.226,4.9,2016-06-28 10:30:00,
1.125342281,8173434,Taro Daniel,T Daniel v J Monaco,20,2016-06-27 22:21:07.134,4.9,2016-06-28 10:30:00,
1.125342281,8173434,Taro Daniel,T Daniel v J Monaco,30,2016-06-27 23:51:54.234,5.3,2016-06-28 10:30:00,
1.125342281,8173434,Taro Daniel,T Daniel v J Monaco,40,2016-06-28 05:53:41.991,5.0,2016-06-28 10:30:00,
1.125342281,8173434,Taro Daniel,T Daniel v J Monaco,50,2016-06-28 06:53:58.558,4.7,2016-06-28 10:30:00,
1.125342281,8173434,Taro Daniel,T Daniel v J Monaco,60,2016-06-28 08:15:02.986,4.6,2016-06-28 10:30:00,
1.125342281,8173434,Taro Daniel,T Daniel v J Monaco,70,2016-06-28 09:26:04.605,4.8,2016-06-28 10:30:00,
1.125342281,8173434,Taro Daniel,T Daniel v J Monaco,80,2016-06-28 09:46:34.703,5.0,2016-06-28 10:30:00,
1.125342281,8173434,Taro Daniel,T Daniel v J Monaco,90,2016-06-28 10:04:02.161,4.7,2016-06-28 10:30:00,
1.125342281,8173434,Taro Daniel,T Daniel v J Monaco,100,2016-06-28 10:31:42.259,4.6,2016-06-28 10:45:00,
1.125342441,2291864,Kateryna Bondarenko,Vandeweghe v K Bondarenko,0,2016-06-26 20:46:05.741,3.5,2016-06-28 10:30:00,
1.125342441,2291864,Kateryna Bondarenko,Vandeweghe v K Bondarenko,10,2016-06-27 21:26:54.342,3.4,2016-06-28 14:30:00,
1.125342441,2291864,Kateryna Bondarenko,Vandeweghe v K Bondarenko,20,2016-06-28 06:27:00.822,4.3,2016-06-28 14:30:00,
1.125342441,2291864,Kateryna Bondarenko,Vandeweghe v K Bondarenko,30,2016-06-28 11:07:35.886,4.1,2016-06-28 14:29:00,
1.125342441,2291864,Kateryna Bondarenko,Vandeweghe v K Bondarenko,40,2016-06-28 12:58:33.626,3.9,2016-06-28 14:59:00,
1.125342441,2291864,Kateryna Bondarenko,Vandeweghe v K Bondarenko,50,2016-06-28 14:28:47.970,3.8,2016-06-28 15:34:00,
1.125342441,2291864,Kateryna Bondarenko,Vandeweghe v K Bondarenko,60,2016-06-28 15:19:13.438,3.85,2016-06-28 15:34:00,
1.125342441,2291864,Kateryna Bondarenko,Vandeweghe v K Bondarenko,70,2016-06-28 16:26:12.508,3.95,2016-06-28 16:34:00,
1.125342441,2291864,Kateryna Bondarenko,Vandeweghe v K Bondarenko,80,2016-06-28 17:26:11.276,3.75,2016-06-28 17:46:00,
1.125342441,2291864,Kateryna Bondarenko,Vandeweghe v K Bondarenko,90,2016-06-28 17:38:14.105,4.0,2016-06-28 17:46:00,
1.125342441,2291864,Kateryna Bondarenko,Vandeweghe v K Bondarenko,100,2016-06-28 17:43:14.476,4.5,2016-06-28 17:46:00,2016-06-28 17:42:14.079
1.125342441,2328051,Coco Vandeweghe,Vandeweghe v K Bondarenko,0,2016-06-25 09:23:42.193,1.38,2016-06-26 12:00:00,
1.125342441,2328051,Coco Vandeweghe,Vandeweghe v K Bondarenko,10,2016-06-27 18:34:35.247,1.41,2016-06-28 14:30:00,
1.125342441,2328051,Coco Vandeweghe,Vandeweghe v K Bondarenko,20,2016-06-28 06:21:07.343,1.33,2016-06-28 14:30:00,
1.125342441,2328051,Coco Vandeweghe,Vandeweghe v K Bondarenko,30,2016-06-28 08:42:40.613,1.31,2016-06-28 14:30:00,
1.125342441,2328051,Coco Vandeweghe,Vandeweghe v K Bondarenko,40,2016-06-28 10:32:33.616,1.34,2016-06-28 14:45:00,
1.125342441,2328051,Coco Vandeweghe,Vandeweghe v K Bondarenko,50,2016-06-28 14:29:38.663,1.36,2016-06-28 15:34:00,
1.125342441,2328051,Coco Vandeweghe,Vandeweghe v K Bondarenko,60,2016-06-28 14:53:28.384,1.35,2016-06-28 15:34:00,
1.125342441,2328051,Coco Vandeweghe,Vandeweghe v K Bondarenko,70,2016-06-28 15:30:50.629,1.35,2016-06-28 15:34:00,
1.125342441,2328051,Coco Vandeweghe,Vandeweghe v K Bondarenko,80,2016-06-28 16:23:01.369,1.33,2016-06-28 16:34:00,
1.125342441,2328051,Coco Vandeweghe,Vandeweghe v K Bondarenko,90,2016-06-28 17:37:13.902,1.34,2016-06-28 17:46:00,
1.125342441,2328051,Coco Vandeweghe,Vandeweghe v K Bondarenko,100,2016-06-28 17:45:14.575,1.29,2016-06-28 17:46:00,2016-06-28 17:42:14.079
1.125342456,2386498,Shuai Zhang,S Zhang v SuÁrez Navarro,0,2016-06-25 00:32:20.011,5.6,2016-06-26 12:00:00,
1.125342456,2386498,Shuai Zhang,S Zhang v SuÁrez Navarro,10,2016-06-26 12:06:15.828,5.5,2016-06-27 14:30:00,
1.125342456,2386498,Shuai Zhang,S Zhang v SuÁrez Navarro,20,2016-06-26 17:58:29.942,5.5,2016-06-27 14:30:00,
1.125342456,2386498,Shuai Zhang,S Zhang v SuÁrez Navarro,30,2016-06-26 21:21:48.445,6.2,2016-06-27 14:30:00,
1.125342456,2386498,Shuai Zhang,S Zhang v SuÁrez Navarro,40,2016-06-27 08:51:47.574,5.9,2016-06-27 14:30:00,
1.125342456,2386498,Shuai Zhang,S Zhang v SuÁrez Navarro,50,2016-06-27 10:33:27.175,6.0,2016-06-27 14:45:00,
1.125342456,2386498,Shuai Zhang,S Zhang v SuÁrez Navarro,60,2016-06-27 13:12:08.404,5.6,2016-06-27 14:38:00,
1.125342456,2386498,Shuai Zhang,S Zhang v SuÁrez Navarro,70,2016-06-27 13:19:11.087,5.4,2016-06-27 14:38:00,
1.125342456,2386498,Shuai Zhang,S Zhang v SuÁrez Navarro,80,2016-06-27 13:21:04.985,5.4,2016-06-27 14:38:00,
1.125342456,2386498,Shuai Zhang,S Zhang v SuÁrez Navarro,90,2016-06-27 13:59:12.451,5.2,2016-06-27 14:38:00,
1.125342456,2386498,Shuai Zhang,S Zhang v SuÁrez Navarro,100,2016-06-27 14:07:16.018,5.5,2016-06-27 14:18:00,
1.125342456,8735953,Carla Suárez Navarro,S Zhang v SuÁrez Navarro,0,2016-06-25 00:32:20.011,1.22,2016-06-26 12:00:00,
1.125342456,8735953,Carla Suárez Navarro,S Zhang v SuÁrez Navarro,10,2016-06-26 21:21:48.445,1.19,2016-06-27 14:30:00,
1.125342456,8735953,Carla Suárez Navarro,S Zhang v SuÁrez Navarro,20,2016-06-27 06:40:20.335,1.22,2016-06-27 14:30:00,
1.125342456,8735953,Carla Suárez Navarro,S Zhang v SuÁrez Navarro,30,2016-06-27 08:03:07.994,1.2,2016-06-27 14:30:00,
1.125342456,8735953,Carla Suárez Navarro,S Zhang v SuÁrez Navarro,40,2016-06-27 09:26:56.951,1.19,2016-06-27 14:30:00,
1.125342456,8735953,Carla Suárez Navarro,S Zhang v SuÁrez Navarro,50,2016-06-27 10:21:46.449,1.22,2016-06-27 14:30:00,
1.125342456,8735953,Carla Suárez Navarro,S Zhang v SuÁrez Navarro,60,2016-06-27 10:53:14.688,1.2,2016-06-27 14:38:00,
1.125342456,8735953,Carla Suárez Navarro,S Zhang v SuÁrez Navarro,70,2016-06-27 12:45:59.977,1.21,2016-06-27 14:38:00,
1.125342456,8735953,Carla Suárez Navarro,S Zhang v SuÁrez Navarro,80,2016-06-27 13:19:11.087,1.23,2016-06-27 14:38:00,
1.125342456,8735953,Carla Suárez Navarro,S Zhang v SuÁrez Navarro,90,2016-06-27 13:47:57.074,1.24,2016-06-27 14:38:00,
1.125342456,8735953,Carla Suárez Navarro,S Zhang v SuÁrez Navarro,100,2016-06-27 14:07:16.018,1.22,2016-06-27 14:18:00,
1.125342471,2251579,Daniela Hantuchova,Mchale v Hantuchova,0,2016-06-26 20:26:44.824,2.88,2016-06-28 12:00:00,
1.125342471,2251579,Daniela Hantuchova,Mchale v Hantuchova,10,2016-06-27 22:43:00.916,3.3,2016-06-28 10:30:00,
1.125342471,2251579,Daniela Hantuchova,Mchale v Hantuchova,20,2016-06-28 06:28:15.359,3.35,2016-06-28 10:30:00,
1.125342471,2251579,Daniela Hantuchova,Mchale v Hantuchova,30,2016-06-28 07:04:43.600,3.35,2016-06-28 10:30:00,
1.125342471,2251579,Daniela Hantuchova,Mchale v Hantuchova,40,2016-06-28 08:06:27.563,3.35,2016-06-28 10:30:00,
1.125342471,2251579,Daniela Hantuchova,Mchale v Hantuchova,50,2016-06-28 08:51:56.455,3.35,2016-06-28 10:30:00,
1.125342471,2251579,Daniela Hantuchova,Mchale v Hantuchova,60,2016-06-28 08:57:41.216,3.25,2016-06-28 10:30:00,
1.125342471,2251579,Daniela Hantuchova,Mchale v Hantuchova,70,2016-06-28 09:31:07.631,3.2,2016-06-28 10:30:00,
1.125342471,2251579,Daniela Hantuchova,Mchale v Hantuchova,80,2016-06-28 09:58:17.317,3.35,2016-06-28 10:30:00,
1.125342471,2251579,Daniela Hantuchova,Mchale v Hantuchova,90,2016-06-28 10:22:48.921,3.4,2016-06-28 10:30:00,
1.125342471,2251579,Daniela Hantuchova,Mchale v Hantuchova,100,2016-06-28 10:28:09.381,3.5,2016-06-28 10:30:00,
1.125342471,10904456,Christina McHale,Mchale v Hantuchova,0,2016-06-25 20:35:30.881,1.45,2016-06-26 12:00:00,
1.125342471,10904456,Christina McHale,Mchale v Hantuchova,10,2016-06-27 21:47:37.315,1.44,2016-06-28 10:30:00,
1.125342471,10904456,Christina McHale,Mchale v Hantuchova,20,2016-06-27 23:36:45.547,1.47,2016-06-28 10:30:00,
1.125342471,10904456,Christina McHale,Mchale v Hantuchova,30,2016-06-28 03:33:27.290,1.44,2016-06-28 10:30:00,
1.125342471,10904456,Christina McHale,Mchale v Hantuchova,40,2016-06-28 07:51:58.059,1.43,2016-06-28 10:30:00,
1.125342471,10904456,Christina McHale,Mchale v Hantuchova,50,2016-06-28 08:53:36.264,1.45,2016-06-28 10:30:00,
1.125342471,10904456,Christina McHale,Mchale v Hantuchova,60,2016-06-28 09:16:02.871,1.43,2016-06-28 10:30:00,
1.125342471,10904456,Christina McHale,Mchale v Hantuchova,70,2016-06-28 09:58:17.317,1.41,2016-06-28 10:30:00,
1.125342471,10904456,Christina McHale,Mchale v Hantuchova,80,2016-06-28 10:11:01.144,1.42,2016-06-28 10:30:00,
1.125342471,10904456,Christina McHale,Mchale v Hantuchova,90,2016-06-28 10:25:11.752,1.4,2016-06-28 10:30:00,
1.125342471,10904456,Christina McHale,Mchale v Hantuchova,100,2016-06-28 10:31:40.631,1.4,2016-06-28 10:45:00,
1.125342603,2263577,Agnieszka Radwanska,A Radwanska v Kozlova,0,2016-06-24 22:17:10.856,1.06,2016-06-25 12:00:00,
1.125342603,2263577,Agnieszka Radwanska,A Radwanska v Kozlova,10,2016-06-26 19:32:49.920,1.06,2016-06-28 12:00:00,
1.125342603,2263577,Agnieszka Radwanska,A Radwanska v Kozlova,20,2016-06-28 05:39:20.390,1.06,2016-06-28 14:30:00,
1.125342603,2263577,Agnieszka Radwanska,A Radwanska v Kozlova,30,2016-06-28 10:08:48.656,1.08,2016-06-28 14:30:00,
1.125342603,2263577,Agnieszka Radwanska,A Radwanska v Kozlova,40,2016-06-28 12:13:05.557,1.09,2016-06-28 14:33:00,
1.125342603,2263577,Agnieszka Radwanska,A Radwanska v Kozlova,50,2016-06-28 13:49:45.997,1.07,2016-06-28 15:21:00,
1.125342603,2263577,Agnieszka Radwanska,A Radwanska v Kozlova,60,2016-06-28 15:21:08.836,1.05,2016-06-28 15:36:00,
1.125342603,2263577,Agnieszka Radwanska,A Radwanska v Kozlova,70,2016-06-28 18:48:28.234,1.05,2016-06-28 18:51:00,
1.125342603,2263577,Agnieszka Radwanska,A Radwanska v Kozlova,80,2016-06-29 07:05:08.829,1.05,2016-06-29 12:00:00,
1.125342603,2263577,Agnieszka Radwanska,A Radwanska v Kozlova,90,2016-06-29 10:27:09.235,1.07,2016-06-29 12:00:00,
1.125342603,2263577,Agnieszka Radwanska,A Radwanska v Kozlova,100,2016-06-29 11:59:13.609,1.06,2016-06-29 12:00:00,
1.125342603,7051154,Kateryna Kozlova,A Radwanska v Kozlova,0,2016-06-25 04:53:13.641,12.5,2016-06-26 12:00:00,
1.125342603,7051154,Kateryna Kozlova,A Radwanska v Kozlova,10,2016-06-27 15:48:31.921,16.0,2016-06-28 12:00:00,
1.125342603,7051154,Kateryna Kozlova,A Radwanska v Kozlova,20,2016-06-28 01:59:01.639,16.0,2016-06-28 14:30:00,
1.125342603,7051154,Kateryna Kozlova,A Radwanska v Kozlova,30,2016-06-28 10:10:29.797,14.5,2016-06-28 14:30:00,
1.125342603,7051154,Kateryna Kozlova,A Radwanska v Kozlova,40,2016-06-28 13:43:21.536,15.5,2016-06-28 15:21:00,
1.125342603,7051154,Kateryna Kozlova,A Radwanska v Kozlova,50,2016-06-28 14:59:18.869,17.5,2016-06-28 15:21:00,
1.125342603,7051154,Kateryna Kozlova,A Radwanska v Kozlova,60,2016-06-28 15:21:50.486,17.5,2016-06-28 15:36:00,
1.125342603,7051154,Kateryna Kozlova,A Radwanska v Kozlova,70,2016-06-28 16:44:20.804,17.5,2016-06-28 16:51:00,
1.125342603,7051154,Kateryna Kozlova,A Radwanska v Kozlova,80,2016-06-28 21:12:48.991,18.5,2016-06-29 12:00:00,
1.125342603,7051154,Kateryna Kozlova,A Radwanska v Kozlova,90,2016-06-29 10:09:05.624,17.0,2016-06-29 12:00:00,
1.125342603,7051154,Kateryna Kozlova,A Radwanska v Kozlova,100,2016-06-29 11:59:13.609,17.5,2016-06-29 12:00:00,
1.125342622,2265109,Feliciano Lopez,R Ram v Fel Lopez,0,2016-06-25 05:35:17.200,1.23,2016-06-26 12:00:00,
1.125342622,2265109,Feliciano Lopez,R Ram v Fel Lopez,10,2016-06-27 11:45:27.144,1.24,2016-06-28 12:00:00,
1.125342622,2265109,Feliciano Lopez,R Ram v Fel Lopez,20,2016-06-28 02:20:02.182,1.26,2016-06-28 12:30:00,
1.125342622,2265109,Feliciano Lopez,R Ram v Fel Lopez,30,2016-06-28 05:36:25.095,1.24,2016-06-28 12:30:00,
1.125342622,2265109,Feliciano Lopez,R Ram v Fel Lopez,40,2016-06-28 07:34:39.370,1.25,2016-06-28 12:30:00,
1.125342622,2265109,Feliciano Lopez,R Ram v Fel Lopez,50,2016-06-28 08:56:01.565,1.26,2016-06-28 12:30:00,
1.125342622,2265109,Feliciano Lopez,R Ram v Fel Lopez,60,2016-06-28 09:38:18.267,1.26,2016-06-28 12:30:00,
1.125342622,2265109,Feliciano Lopez,R Ram v Fel Lopez,70,2016-06-28 10:18:11.640,1.26,2016-06-28 12:30:00,
1.125342622,2265109,Feliciano Lopez,R Ram v Fel Lopez,80,2016-06-28 11:14:48.381,1.26,2016-06-28 12:32:00,
1.125342622,2265109,Feliciano Lopez,R Ram v Fel Lopez,90,2016-06-28 12:14:50.754,1.24,2016-06-28 12:32:00,
1.125342622,2265109,Feliciano Lopez,R Ram v Fel Lopez,100,2016-06-28 12:29:00.618,1.23,2016-06-28 12:36:00,
1.125342622,2488011,Rajeev Ram,R Ram v Fel Lopez,0,2016-06-25 20:52:26.146,5.3,2016-06-26 12:00:00,
1.125342622,2488011,Rajeev Ram,R Ram v Fel Lopez,10,2016-06-26 15:19:25.522,5.0,2016-06-28 12:00:00,
1.125342622,2488011,Rajeev Ram,R Ram v Fel Lopez,20,2016-06-27 12:09:13.652,4.8,2016-06-28 12:00:00,
1.125342622,2488011,Rajeev Ram,R Ram v Fel Lopez,30,2016-06-27 22:10:05.469,5.0,2016-06-28 12:30:00,
1.125342622,2488011,Rajeev Ram,R Ram v Fel Lopez,40,2016-06-27 23:28:58.542,4.8,2016-06-28 12:30:00,
1.125342622,2488011,Rajeev Ram,R Ram v Fel Lopez,50,2016-06-28 05:57:41.010,5.2,2016-06-28 12:30:00,
1.125342622,2488011,Rajeev Ram,R Ram v Fel Lopez,60,2016-06-28 07:17:43.522,5.2,2016-06-28 12:30:00,
1.125342622,2488011,Rajeev Ram,R Ram v Fel Lopez,70,2016-06-28 07:50:43.093,5.1,2016-06-28 12:30:00,
1.125342622,2488011,Rajeev Ram,R Ram v Fel Lopez,80,2016-06-28 09:19:13.702,5.0,2016-06-28 12:30:00,
1.125342622,2488011,Rajeev Ram,R Ram v Fel Lopez,90,2016-06-28 09:54:58.844,4.9,2016-06-28 12:30:00,
1.125342622,2488011,Rajeev Ram,R Ram v Fel Lopez,100,2016-06-28 12:22:20.816,5.1,2016-06-28 12:36:00,
1.125342639,4828174,Timea Babos,Swan v Babos,0,2016-06-26 18:01:06.985,1.12,2016-06-28 12:00:00,
1.125342639,4828174,Timea Babos,Swan v Babos,10,2016-06-27 21:08:25.863,1.12,2016-06-28 12:30:00,
1.125342639,4828174,Timea Babos,Swan v Babos,20,2016-06-28 04:12:53.025,1.11,2016-06-28 12:30:00,
1.125342639,4828174,Timea Babos,Swan v Babos,30,2016-06-28 06:47:21.825,1.12,2016-06-28 12:30:00,
1.125342639,4828174,Timea Babos,Swan v Babos,40,2016-06-28 08:14:57.415,1.12,2016-06-28 12:30:00,
1.125342639,4828174,Timea Babos,Swan v Babos,50,2016-06-28 09:01:23.317,1.14,2016-06-28 12:30:00,
1.125342639,4828174,Timea Babos,Swan v Babos,60,2016-06-28 10:01:41.604,1.13,2016-06-28 12:30:00,
1.125342639,4828174,Timea Babos,Swan v Babos,70,2016-06-28 10:47:19.291,1.12,2016-06-28 12:28:00,
1.125342639,4828174,Timea Babos,Swan v Babos,80,2016-06-28 11:44:15.616,1.13,2016-06-28 12:28:00,
1.125342639,4828174,Timea Babos,Swan v Babos,90,2016-06-28 12:15:01.277,1.12,2016-06-28 12:28:00,
1.125342639,4828174,Timea Babos,Swan v Babos,100,2016-06-28 12:52:20.813,1.11,2016-06-28 13:06:00,
1.125342639,9607742,Katie Swan,Swan v Babos,0,2016-06-26 16:44:35.207,9.8,2016-06-28 12:00:00,
1.125342639,9607742,Katie Swan,Swan v Babos,10,2016-06-26 18:27:27.628,9.4,2016-06-28 12:00:00,
1.125342639,9607742,Katie Swan,Swan v Babos,20,2016-06-26 22:19:41.984,9.0,2016-06-28 12:00:00,
1.125342639,9607742,Katie Swan,Swan v Babos,30,2016-06-28 00:00:29.025,10.0,2016-06-28 12:30:00,
1.125342639,9607742,Katie Swan,Swan v Babos,40,2016-06-28 07:02:27.316,9.2,2016-06-28 12:30:00,
1.125342639,9607742,Katie Swan,Swan v Babos,50,2016-06-28 08:40:25.798,9.0,2016-06-28 12:30:00,
1.125342639,9607742,Katie Swan,Swan v Babos,60,2016-06-28 08:52:51.919,8.4,2016-06-28 12:30:00,
1.125342639,9607742,Katie Swan,Swan v Babos,70,2016-06-28 10:01:41.604,8.6,2016-06-28 12:30:00,
1.125342639,9607742,Katie Swan,Swan v Babos,80,2016-06-28 12:08:03.876,8.6,2016-06-28 12:28:00,
1.125342639,9607742,Katie Swan,Swan v Babos,90,2016-06-28 12:32:38.170,10.5,2016-06-28 12:43:00,
1.125342639,9607742,Katie Swan,Swan v Babos,100,2016-06-28 12:51:26.975,10.5,2016-06-28 13:06:00,
1.125342801,2257310,Nicolas Almagro,Almagro v Dutra Silva,0,2016-06-24 18:25:33.940,1.17,2016-06-25 12:00:00,
1.125342801,2257310,Nicolas Almagro,Almagro v Dutra Silva,10,2016-06-25 11:53:01.225,1.18,2016-06-26 12:00:00,
1.125342801,2257310,Nicolas Almagro,Almagro v Dutra Silva,20,2016-06-26 17:14:04.937,1.17,2016-06-27 10:30:00,
1.125342801,2257310,Nicolas Almagro,Almagro v Dutra Silva,30,2016-06-26 22:26:14.827,1.15,2016-06-27 10:30:00,
1.125342801,2257310,Nicolas Almagro,Almagro v Dutra Silva,40,2016-06-27 03:38:05.791,1.14,2016-06-27 10:30:00,
1.125342801,2257310,Nicolas Almagro,Almagro v Dutra Silva,50,2016-06-27 06:43:12.884,1.14,2016-06-27 10:30:00,
1.125342801,2257310,Nicolas Almagro,Almagro v Dutra Silva,60,2016-06-27 08:04:35.874,1.13,2016-06-27 10:30:00,
1.125342801,2257310,Nicolas Almagro,Almagro v Dutra Silva,70,2016-06-27 09:14:19.368,1.14,2016-06-27 10:30:00,
1.125342801,2257310,Nicolas Almagro,Almagro v Dutra Silva,80,2016-06-27 09:53:05.408,1.12,2016-06-27 10:30:00,
1.125342801,2257310,Nicolas Almagro,Almagro v Dutra Silva,90,2016-06-27 10:17:39.751,1.12,2016-06-27 10:30:00,
1.125342801,2257310,Nicolas Almagro,Almagro v Dutra Silva,100,2016-06-27 10:34:15.566,1.13,2016-06-27 10:45:00,
1.125342801,2301068,Rogerio Dutra Silva,Almagro v Dutra Silva,0,2016-06-26 18:44:20.391,6.6,2016-06-27 10:30:00,
1.125342801,2301068,Rogerio Dutra Silva,Almagro v Dutra Silva,10,2016-06-26 20:28:30.756,7.4,2016-06-27 10:30:00,
1.125342801,2301068,Rogerio Dutra Silva,Almagro v Dutra Silva,20,2016-06-27 01:52:14.698,7.6,2016-06-27 10:30:00,
1.125342801,2301068,Rogerio Dutra Silva,Almagro v Dutra Silva,30,2016-06-27 03:38:05.791,8.0,2016-06-27 10:30:00,
1.125342801,2301068,Rogerio Dutra Silva,Almagro v Dutra Silva,40,2016-06-27 04:39:06.435,8.8,2016-06-27 10:30:00,
1.125342801,2301068,Rogerio Dutra Silva,Almagro v Dutra Silva,50,2016-06-27 06:37:39.192,8.4,2016-06-27 10:30:00,
1.125342801,2301068,Rogerio Dutra Silva,Almagro v Dutra Silva,60,2016-06-27 09:04:38.129,8.8,2016-06-27 10:30:00,
1.125342801,2301068,Rogerio Dutra Silva,Almagro v Dutra Silva,70,2016-06-27 09:39:35.406,8.8,2016-06-27 10:30:00,
1.125342801,2301068,Rogerio Dutra Silva,Almagro v Dutra Silva,80,2016-06-27 10:01:31.961,9.0,2016-06-27 10:30:00,
1.125342801,2301068,Rogerio Dutra Silva,Almagro v Dutra Silva,90,2016-06-27 10:22:35.048,9.0,2016-06-27 10:30:00,
1.125342801,2301068,Rogerio Dutra Silva,Almagro v Dutra Silva,100,2016-06-27 10:34:15.566,8.6,2016-06-27 10:45:00,
1.12534282,2263713,Yaroslava Shvedova,Shvedova v Goerges,0,2016-06-26 01:43:27.419,2.58,2016-06-27 12:00:00,
1.12534282,2263713,Yaroslava Shvedova,Shvedova v Goerges,10,2016-06-27 05:17:06.445,2.5,2016-06-27 14:30:00,
1.12534282,2263713,Yaroslava Shvedova,Shvedova v Goerges,20,2016-06-27 09:09:53.838,2.66,2016-06-27 14:30:00,
1.12534282,2263713,Yaroslava Shvedova,Shvedova v Goerges,30,2016-06-27 09:47:07.576,2.58,2016-06-27 14:30:00,
1.12534282,2263713,Yaroslava Shvedova,Shvedova v Goerges,40,2016-06-27 10:26:41.749,2.52,2016-06-27 14:30:00,
1.12534282,2263713,Yaroslava Shvedova,Shvedova v Goerges,50,2016-06-27 11:39:55.517,2.58,2016-06-27 14:39:00,
1.12534282,2263713,Yaroslava Shvedova,Shvedova v Goerges,60,2016-06-27 12:36:40.040,2.5,2016-06-27 14:39:00,
1.12534282,2263713,Yaroslava Shvedova,Shvedova v Goerges,70,2016-06-27 13:36:41.147,2.52,2016-06-27 14:48:00,
1.12534282,2263713,Yaroslava Shvedova,Shvedova v Goerges,80,2016-06-27 14:01:35.399,2.4,2016-06-27 14:48:00,
1.12534282,2263713,Yaroslava Shvedova,Shvedova v Goerges,90,2016-06-27 14:23:40.767,2.5,2016-06-27 14:48:00,
1.12534282,2263713,Yaroslava Shvedova,Shvedova v Goerges,100,2016-06-27 14:39:41.025,2.6,2016-06-27 14:47:00,
1.12534282,2320751,Julia Goerges,Shvedova v Goerges,0,2016-06-25 10:40:00.873,1.64,2016-06-26 12:00:00,
1.12534282,2320751,Julia Goerges,Shvedova v Goerges,10,2016-06-26 22:18:40.751,1.69,2016-06-27 14:30:00,
1.12534282,2320751,Julia Goerges,Shvedova v Goerges,20,2016-06-27 08:27:39.313,1.66,2016-06-27 14:30:00,
1.12534282,2320751,Julia Goerges,Shvedova v Goerges,30,2016-06-27 09:18:34.369,1.63,2016-06-27 14:30:00,
1.12534282,2320751,Julia Goerges,Shvedova v Goerges,40,2016-06-27 09:47:07.576,1.63,2016-06-27 14:30:00,
1.12534282,2320751,Julia Goerges,Shvedova v Goerges,50,2016-06-27 10:19:40.065,1.65,2016-06-27 14:30:00,
1.12534282,2320751,Julia Goerges,Shvedova v Goerges,60,2016-06-27 11:17:46.247,1.66,2016-06-27 14:39:00,
1.12534282,2320751,Julia Goerges,Shvedova v Goerges,70,2016-06-27 12:36:40.040,1.65,2016-06-27 14:39:00,
1.12534282,2320751,Julia Goerges,Shvedova v Goerges,80,2016-06-27 13:54:02.382,1.64,2016-06-27 14:48:00,
1.12534282,2320751,Julia Goerges,Shvedova v Goerges,90,2016-06-27 14:29:41.106,1.66,2016-06-27 14:32:00,
1.12534282,2320751,Julia Goerges,Shvedova v Goerges,100,2016-06-27 14:39:41.025,1.62,2016-06-27 14:47:00,
1.125342835,2415575,Olga Govortsova,Arruabarrena v Govortsova,0,2016-06-25 11:50:10.029,1.52,2016-06-26 12:00:00,
1.125342835,2415575,Olga Govortsova,Arruabarrena v Govortsova,10,2016-06-26 23:45:46.658,1.53,2016-06-27 10:30:00,
1.125342835,2415575,Olga Govortsova,Arruabarrena v Govortsova,20,2016-06-27 05:02:29.217,1.52,2016-06-27 10:30:00,
1.125342835,2415575,Olga Govortsova,Arruabarrena v Govortsova,30,2016-06-27 06:11:27.212,1.51,2016-06-27 10:30:00,
1.125342835,2415575,Olga Govortsova,Arruabarrena v Govortsova,40,2016-06-27 07:59:40.818,1.49,2016-06-27 10:30:00,
1.125342835,2415575,Olga Govortsova,Arruabarrena v Govortsova,50,2016-06-27 08:58:19.506,1.48,2016-06-27 10:30:00,
1.125342835,2415575,Olga Govortsova,Arruabarrena v Govortsova,60,2016-06-27 09:34:32.041,1.46,2016-06-27 10:30:00,
1.125342835,2415575,Olga Govortsova,Arruabarrena v Govortsova,70,2016-06-27 10:00:34.563,1.5,2016-06-27 10:30:00,
1.125342835,2415575,Olga Govortsova,Arruabarrena v Govortsova,80,2016-06-27 10:16:37.209,1.48,2016-06-27 10:30:00,
1.125342835,2415575,Olga Govortsova,Arruabarrena v Govortsova,90,2016-06-27 10:30:28.195,1.52,2016-06-27 10:45:00,
1.125342835,2415575,Olga Govortsova,Arruabarrena v Govortsova,100,2016-06-27 10:38:36.100,1.59,2016-06-27 10:45:00,
1.125342835,7137471,Lara Arruabarrena,Arruabarrena v Govortsova,0,2016-06-25 11:50:10.029,2.94,2016-06-26 12:00:00,
1.125342835,7137471,Lara Arruabarrena,Arruabarrena v Govortsova,10,2016-06-26 20:12:44.267,2.6,2016-06-27 10:30:00,
1.125342835,7137471,Lara Arruabarrena,Arruabarrena v Govortsova,20,2016-06-26 23:48:53.476,2.72,2016-06-27 10:30:00,
1.125342835,7137471,Lara Arruabarrena,Arruabarrena v Govortsova,30,2016-06-27 04:21:57.934,2.98,2016-06-27 10:30:00,
1.125342835,7137471,Lara Arruabarrena,Arruabarrena v Govortsova,40,2016-06-27 07:02:07.363,2.98,2016-06-27 10:30:00,
1.125342835,7137471,Lara Arruabarrena,Arruabarrena v Govortsova,50,2016-06-27 08:14:18.501,3.1,2016-06-27 10:30:00,
1.125342835,7137471,Lara Arruabarrena,Arruabarrena v Govortsova,60,2016-06-27 09:48:12.677,3.0,2016-06-27 10:30:00,
1.125342835,7137471,Lara Arruabarrena,Arruabarrena v Govortsova,70,2016-06-27 10:09:23.033,3.05,2016-06-27 10:30:00,
1.125342835,7137471,Lara Arruabarrena,Arruabarrena v Govortsova,80,2016-06-27 10:28:39.981,2.94,2016-06-27 10:30:00,
1.125342835,7137471,Lara Arruabarrena,Arruabarrena v Govortsova,90,2016-06-27 10:34:29.175,2.92,2016-06-27 10:45:00,
1.125342835,7137471,Lara Arruabarrena,Arruabarrena v Govortsova,100,2016-06-27 10:38:36.100,2.68,2016-06-27 10:45:00,
1.125342993,5619012,Camila Giorgi,Giorgi v Muguruza,0,2016-06-25 15:00:52.361,4.4,2016-06-26 12:00:00,
1.125342993,5619012,Camila Giorgi,Giorgi v Muguruza,10,2016-06-26 20:21:22.566,4.1,2016-06-27 14:00:00,
1.125342993,5619012,Camila Giorgi,Giorgi v Muguruza,20,2016-06-27 05:17:06.602,4.3,2016-06-27 14:00:00,
1.125342993,5619012,Camila Giorgi,Giorgi v Muguruza,30,2016-06-27 07:25:18.883,4.3,2016-06-27 14:00:00,
1.125342993,5619012,Camila Giorgi,Giorgi v Muguruza,40,2016-06-27 10:30:41.069,3.9,2016-06-27 14:00:00,
1.125342993,5619012,Camila Giorgi,Giorgi v Muguruza,50,2016-06-27 11:03:28.134,3.95,2016-06-27 14:00:00,
1.125342993,5619012,Camila Giorgi,Giorgi v Muguruza,60,2016-06-27 11:50:31.536,3.9,2016-06-27 14:00:00,
1.125342993,5619012,Camila Giorgi,Giorgi v Muguruza,70,2016-06-27 12:24:36.379,3.85,2016-06-27 14:03:00,
1.125342993,5619012,Camila Giorgi,Giorgi v Muguruza,80,2016-06-27 12:55:28.871,4.1,2016-06-27 14:03:00,
1.125342993,5619012,Camila Giorgi,Giorgi v Muguruza,90,2016-06-27 13:48:38.229,4.2,2016-06-27 14:03:00,
1.125342993,5619012,Camila Giorgi,Giorgi v Muguruza,100,2016-06-27 14:25:30.980,4.3,2016-06-27 14:33:00,
1.125342993,8735952,Garbiñe Muguruza,Giorgi v Muguruza,0,2016-06-25 09:24:25.726,1.29,2016-06-26 12:00:00,
1.125342993,8735952,Garbiñe Muguruza,Giorgi v Muguruza,10,2016-06-26 19:35:13.335,1.29,2016-06-27 14:00:00,
1.125342993,8735952,Garbiñe Muguruza,Giorgi v Muguruza,20,2016-06-27 03:27:16.718,1.31,2016-06-27 14:00:00,
1.125342993,8735952,Garbiñe Muguruza,Giorgi v Muguruza,30,2016-06-27 08:06:58.536,1.29,2016-06-27 14:00:00,
1.125342993,8735952,Garbiñe Muguruza,Giorgi v Muguruza,40,2016-06-27 09:35:25.454,1.32,2016-06-27 14:00:00,
1.125342993,8735952,Garbiñe Muguruza,Giorgi v Muguruza,50,2016-06-27 10:46:54.959,1.31,2016-06-27 14:00:00,
1.125342993,8735952,Garbiñe Muguruza,Giorgi v Muguruza,60,2016-06-27 11:37:32.660,1.37,2016-06-27 14:00:00,
1.125342993,8735952,Garbiñe Muguruza,Giorgi v Muguruza,70,2016-06-27 12:04:57.782,1.34,2016-06-27 14:03:00,
1.125342993,8735952,Garbiñe Muguruza,Giorgi v Muguruza,80,2016-06-27 13:09:33.672,1.32,2016-06-27 14:03:00,
1.125342993,8735952,Garbiñe Muguruza,Giorgi v Muguruza,90,2016-06-27 13:57:29.064,1.31,2016-06-27 14:03:00,
1.125342993,8735952,Garbiñe Muguruza,Giorgi v Muguruza,100,2016-06-27 14:28:41.073,1.3,2016-06-27 14:33:00,
1.125343012,2249398,Benjamin Becker,B Becker v Bagnis,0,2016-06-24 18:31:21.391,1.11,2016-06-25 12:00:00,
1.125343012,2249398,Benjamin Becker,B Becker v Bagnis,10,2016-06-26 08:56:42.957,1.08,2016-06-27 10:00:00,
1.125343012,2249398,Benjamin Becker,B Becker v Bagnis,20,2016-06-26 17:14:13.568,1.09,2016-06-28 12:00:00,
1.125343012,2249398,Benjamin Becker,B Becker v Bagnis,30,2016-06-27 21:16:56.605,1.09,2016-06-28 12:30:00,
1.125343012,2249398,Benjamin Becker,B Becker v Bagnis,40,2016-06-27 22:54:34.877,1.1,2016-06-28 12:30:00,
1.125343012,2249398,Benjamin Becker,B Becker v Bagnis,50,2016-06-28 06:10:17.300,1.09,2016-06-28 12:30:00,
1.125343012,2249398,Benjamin Becker,B Becker v Bagnis,60,2016-06-28 08:31:10.085,1.1,2016-06-28 12:30:00,
1.125343012,2249398,Benjamin Becker,B Becker v Bagnis,70,2016-06-28 09:22:41.953,1.09,2016-06-28 12:30:00,
1.125343012,2249398,Benjamin Becker,B Becker v Bagnis,80,2016-06-28 09:54:42.825,1.1,2016-06-28 12:30:00,
1.125343012,2249398,Benjamin Becker,B Becker v Bagnis,90,2016-06-28 10:58:38.957,1.1,2016-06-28 12:33:00,
1.125343012,2249398,Benjamin Becker,B Becker v Bagnis,100,2016-06-28 12:40:40.989,1.09,2016-06-28 12:49:00,
1.125343012,4520808,Facundo Bagnis,B Becker v Bagnis,0,2016-06-24 18:31:21.391,10.5,2016-06-25 12:00:00,
1.125343012,4520808,Facundo Bagnis,B Becker v Bagnis,10,2016-06-25 11:54:20.702,10.5,2016-06-26 12:00:00,
1.125343012,4520808,Facundo Bagnis,B Becker v Bagnis,20,2016-06-27 19:46:44.324,11.0,2016-06-28 12:30:00,
1.125343012,4520808,Facundo Bagnis,B Becker v Bagnis,30,2016-06-27 23:16:31.343,11.0,2016-06-28 12:30:00,
1.125343012,4520808,Facundo Bagnis,B Becker v Bagnis,40,2016-06-28 07:04:05.699,12.0,2016-06-28 12:30:00,
1.125343012,4520808,Facundo Bagnis,B Becker v Bagnis,50,2016-06-28 09:36:14.306,11.0,2016-06-28 12:30:00,
1.125343012,4520808,Facundo Bagnis,B Becker v Bagnis,60,2016-06-28 09:58:40.007,13.0,2016-06-28 12:30:00,
1.125343012,4520808,Facundo Bagnis,B Becker v Bagnis,70,2016-06-28 10:58:38.957,10.5,2016-06-28 12:33:00,
1.125343012,4520808,Facundo Bagnis,B Becker v Bagnis,80,2016-06-28 11:50:04.050,12.0,2016-06-28 12:33:00,
1.125343012,4520808,Facundo Bagnis,B Becker v Bagnis,90,2016-06-28 12:09:31.878,12.0,2016-06-28 12:33:00,
1.125343012,4520808,Facundo Bagnis,B Becker v Bagnis,100,2016-06-28 12:41:03.602,11.5,2016-06-28 12:49:00,
1.125343033,2251402,Roger Federer,Federer v G Pella,0,2016-06-24 11:09:30.475,1.03,2016-06-25 12:00:00,
1.125343033,2251402,Roger Federer,Federer v G Pella,10,2016-06-25 14:16:40.906,1.03,2016-06-26 12:00:00,
1.125343033,2251402,Roger Federer,Federer v G Pella,20,2016-06-26 20:02:44.350,1.02,2016-06-27 16:00:00,
1.125343033,2251402,Roger Federer,Federer v G Pella,30,2016-06-26 23:53:12.984,1.03,2016-06-27 16:00:00,
1.125343033,2251402,Roger Federer,Federer v G Pella,40,2016-06-27 07:44:58.978,1.02,2016-06-27 16:00:00,
1.125343033,2251402,Roger Federer,Federer v G Pella,50,2016-06-27 10:46:36.936,1.03,2016-06-27 16:00:00,
1.125343033,2251402,Roger Federer,Federer v G Pella,60,2016-06-27 12:27:45.393,1.03,2016-06-27 16:03:00,
1.125343033,2251402,Roger Federer,Federer v G Pella,70,2016-06-27 14:05:18.574,1.04,2016-06-27 16:18:00,
1.125343033,2251402,Roger Federer,Federer v G Pella,80,2016-06-27 15:31:34.300,1.03,2016-06-27 16:26:00,
1.125343033,2251402,Roger Federer,Federer v G Pella,90,2016-06-27 16:32:42.553,1.02,2016-06-27 16:41:00,
1.125343033,2251402,Roger Federer,Federer v G Pella,100,2016-06-27 17:21:45.672,1.02,2016-06-27 17:26:00,
1.125343033,6162610,Guido Pella,Federer v G Pella,0,2016-06-24 20:46:43.624,40.0,2016-06-25 12:00:00,
1.125343033,6162610,Guido Pella,Federer v G Pella,10,2016-06-26 18:51:45.885,36.0,2016-06-27 16:00:00,
1.125343033,6162610,Guido Pella,Federer v G Pella,20,2016-06-27 08:03:40.639,36.0,2016-06-27 16:00:00,
1.125343033,6162610,Guido Pella,Federer v G Pella,30,2016-06-27 10:03:32.509,38.0,2016-06-27 16:00:00,
1.125343033,6162610,Guido Pella,Federer v G Pella,40,2016-06-27 11:54:32.046,46.0,2016-06-27 16:00:00,
1.125343033,6162610,Guido Pella,Federer v G Pella,50,2016-06-27 13:55:59.196,32.0,2016-06-27 16:03:00,
1.125343033,6162610,Guido Pella,Federer v G Pella,60,2016-06-27 14:55:43.455,44.0,2016-06-27 16:26:00,
1.125343033,6162610,Guido Pella,Federer v G Pella,70,2016-06-27 15:40:38.211,42.0,2016-06-27 16:26:00,
1.125343033,6162610,Guido Pella,Federer v G Pella,80,2016-06-27 16:38:38.419,48.0,2016-06-27 16:41:00,
1.125343033,6162610,Guido Pella,Federer v G Pella,90,2016-06-27 16:59:44.601,48.0,2016-06-27 17:11:00,
1.125343033,6162610,Guido Pella,Federer v G Pella,100,2016-06-27 17:23:45.750,46.0,2016-06-27 17:26:00,
1.125343219,2403862,Sabine Lisicki,Lisicki v S Rogers,0,2016-06-24 21:12:49.389,1.42,2016-06-25 12:00:00,
1.125343219,2403862,Sabine Lisicki,Lisicki v S Rogers,10,2016-06-26 18:36:59.656,1.39,2016-06-27 10:30:00,
1.125343219,2403862,Sabine Lisicki,Lisicki v S Rogers,20,2016-06-26 20:56:12.680,1.36,2016-06-27 10:30:00,
1.125343219,2403862,Sabine Lisicki,Lisicki v S Rogers,30,2016-06-26 23:35:19.394,1.39,2016-06-27 10:30:00,
1.125343219,2403862,Sabine Lisicki,Lisicki v S Rogers,40,2016-06-27 04:25:07.627,1.39,2016-06-27 10:30:00,
1.125343219,2403862,Sabine Lisicki,Lisicki v S Rogers,50,2016-06-27 07:27:43.952,1.37,2016-06-27 10:30:00,
1.125343219,2403862,Sabine Lisicki,Lisicki v S Rogers,60,2016-06-27 08:30:00.662,1.37,2016-06-27 10:30:00,
1.125343219,2403862,Sabine Lisicki,Lisicki v S Rogers,70,2016-06-27 09:07:50.829,1.37,2016-06-27 10:30:00,
1.125343219,2403862,Sabine Lisicki,Lisicki v S Rogers,80,2016-06-27 10:02:46.184,1.38,2016-06-27 10:30:00,
1.125343219,2403862,Sabine Lisicki,Lisicki v S Rogers,90,2016-06-27 10:22:47.896,1.39,2016-06-27 10:30:00,
1.125343219,2403862,Sabine Lisicki,Lisicki v S Rogers,100,2016-06-27 10:35:34.595,1.4,2016-06-27 10:45:00,
1.125343219,4943786,Shelby Rogers,Lisicki v S Rogers,0,2016-06-26 12:37:48.874,3.35,2016-06-27 10:30:00,
1.125343219,4943786,Shelby Rogers,Lisicki v S Rogers,10,2016-06-26 18:05:04.694,3.85,2016-06-27 10:30:00,
1.125343219,4943786,Shelby Rogers,Lisicki v S Rogers,20,2016-06-26 21:01:39.272,3.6,2016-06-27 10:30:00,
1.125343219,4943786,Shelby Rogers,Lisicki v S Rogers,30,2016-06-26 23:09:21.928,3.85,2016-06-27 10:30:00,
1.125343219,4943786,Shelby Rogers,Lisicki v S Rogers,40,2016-06-27 05:24:15.047,3.55,2016-06-27 10:30:00,
1.125343219,4943786,Shelby Rogers,Lisicki v S Rogers,50,2016-06-27 08:07:16.572,3.6,2016-06-27 10:30:00,
1.125343219,4943786,Shelby Rogers,Lisicki v S Rogers,60,2016-06-27 09:13:48.171,3.6,2016-06-27 10:30:00,
1.125343219,4943786,Shelby Rogers,Lisicki v S Rogers,70,2016-06-27 10:09:41.068,3.4,2016-06-27 10:30:00,
1.125343219,4943786,Shelby Rogers,Lisicki v S Rogers,80,2016-06-27 10:18:34.551,3.55,2016-06-27 10:30:00,
1.125343219,4943786,Shelby Rogers,Lisicki v S Rogers,90,2016-06-27 10:26:38.535,3.45,2016-06-27 10:30:00,
1.125343219,4943786,Shelby Rogers,Lisicki v S Rogers,100,2016-06-27 10:36:44.686,3.55,2016-06-27 10:45:00,
1.125343234,2548781,Polona Hercog,Cornet v Hercog,0,2016-06-26 05:58:51.898,2.2,2016-06-27 11:00:00,
1.125343234,2548781,Polona Hercog,Cornet v Hercog,10,2016-06-26 20:17:41.832,2.2,2016-06-27 12:30:00,
1.125343234,2548781,Polona Hercog,Cornet v Hercog,20,2016-06-27 07:44:51.961,2.32,2016-06-27 12:30:00,
1.125343234,2548781,Polona Hercog,Cornet v Hercog,30,2016-06-27 08:41:48.543,2.26,2016-06-27 12:30:00,
1.125343234,2548781,Polona Hercog,Cornet v Hercog,40,2016-06-27 09:02:03.837,2.3,2016-06-27 12:30:00,
1.125343234,2548781,Polona Hercog,Cornet v Hercog,50,2016-06-27 09:45:42.995,2.26,2016-06-27 12:30:00,
1.125343234,2548781,Polona Hercog,Cornet v Hercog,60,2016-06-27 10:25:29.025,2.3,2016-06-27 12:30:00,
1.125343234,2548781,Polona Hercog,Cornet v Hercog,70,2016-06-27 10:46:50.854,2.28,2016-06-27 12:34:00,
1.125343234,2548781,Polona Hercog,Cornet v Hercog,80,2016-06-27 11:16:25.507,2.34,2016-06-27 12:34:00,
1.125343234,2548781,Polona Hercog,Cornet v Hercog,90,2016-06-27 12:15:42.500,2.26,2016-06-27 12:34:00,
1.125343234,2548781,Polona Hercog,Cornet v Hercog,100,2016-06-27 13:57:42.356,2.24,2016-06-27 14:07:00,
1.125343234,8736064,Alizé Cornet,Cornet v Hercog,0,2016-06-25 11:22:05.735,1.75,2016-06-26 12:00:00,
1.125343234,8736064,Alizé Cornet,Cornet v Hercog,10,2016-06-26 20:39:31.026,1.75,2016-06-27 12:30:00,
1.125343234,8736064,Alizé Cornet,Cornet v Hercog,20,2016-06-27 05:04:10.866,1.76,2016-06-27 12:30:00,
1.125343234,8736064,Alizé Cornet,Cornet v Hercog,30,2016-06-27 08:02:22.947,1.75,2016-06-27 12:30:00,
1.125343234,8736064,Alizé Cornet,Cornet v Hercog,40,2016-06-27 09:15:51.748,1.75,2016-06-27 12:30:00,
1.125343234,8736064,Alizé Cornet,Cornet v Hercog,50,2016-06-27 10:25:29.025,1.8,2016-06-27 12:30:00,
1.125343234,8736064,Alizé Cornet,Cornet v Hercog,60,2016-06-27 10:42:36.053,1.76,2016-06-27 12:34:00,
1.125343234,8736064,Alizé Cornet,Cornet v Hercog,70,2016-06-27 11:44:47.338,1.79,2016-06-27 12:34:00,
1.125343234,8736064,Alizé Cornet,Cornet v Hercog,80,2016-06-27 12:27:40.646,1.8,2016-06-27 12:34:00,
1.125343234,8736064,Alizé Cornet,Cornet v Hercog,90,2016-06-27 13:06:38.728,1.81,2016-06-27 13:19:00,
1.125343234,8736064,Alizé Cornet,Cornet v Hercog,100,2016-06-27 13:58:38.242,1.77,2016-06-27 14:07:00,
1.125343249,2256501,Svetlana Kuznetsova,Wozniacki v S Kuznetsova,0,2016-06-24 12:09:59.293,2.66,2016-06-25 12:00:00,
1.125343249,2256501,Svetlana Kuznetsova,Wozniacki v S Kuznetsova,10,2016-06-26 11:50:36.019,2.44,2016-06-28 12:00:00,
1.125343249,2256501,Svetlana Kuznetsova,Wozniacki v S Kuznetsova,20,2016-06-27 22:23:00.253,2.44,2016-06-28 16:00:00,
1.125343249,2256501,Svetlana Kuznetsova,Wozniacki v S Kuznetsova,30,2016-06-28 07:07:42.866,2.32,2016-06-28 16:00:00,
1.125343249,2256501,Svetlana Kuznetsova,Wozniacki v S Kuznetsova,40,2016-06-28 09:41:02.925,2.44,2016-06-28 16:00:00,
1.125343249,2256501,Svetlana Kuznetsova,Wozniacki v S Kuznetsova,50,2016-06-28 12:02:10.563,2.48,2016-06-28 16:15:00,
1.125343249,2256501,Svetlana Kuznetsova,Wozniacki v S Kuznetsova,60,2016-06-28 13:02:01.394,2.32,2016-06-28 16:04:00,
1.125343249,2256501,Svetlana Kuznetsova,Wozniacki v S Kuznetsova,70,2016-06-28 14:04:56.926,2.34,2016-06-28 15:37:00,
1.125343249,2256501,Svetlana Kuznetsova,Wozniacki v S Kuznetsova,80,2016-06-28 15:15:57.418,2.36,2016-06-28 15:37:00,
1.125343249,2256501,Svetlana Kuznetsova,Wozniacki v S Kuznetsova,90,2016-06-28 15:36:00.614,2.24,2016-06-28 15:47:00,
1.125343249,2256501,Svetlana Kuznetsova,Wozniacki v S Kuznetsova,100,2016-06-28 15:46:00.045,2.26,2016-06-28 15:47:00,
1.125343249,2309522,Caroline Wozniacki,Wozniacki v S Kuznetsova,0,2016-06-24 12:09:59.293,1.61,2016-06-25 12:00:00,
1.125343249,2309522,Caroline Wozniacki,Wozniacki v S Kuznetsova,10,2016-06-25 18:50:26.504,1.7,2016-06-26 12:00:00,
1.125343249,2309522,Caroline Wozniacki,Wozniacki v S Kuznetsova,20,2016-06-27 00:34:52.202,1.66,2016-06-28 12:00:00,
1.125343249,2309522,Caroline Wozniacki,Wozniacki v S Kuznetsova,30,2016-06-27 20:33:21.758,1.66,2016-06-28 16:00:00,
1.125343249,2309522,Caroline Wozniacki,Wozniacki v S Kuznetsova,40,2016-06-28 06:19:45.925,1.76,2016-06-28 16:00:00,
1.125343249,2309522,Caroline Wozniacki,Wozniacki v S Kuznetsova,50,2016-06-28 09:09:52.254,1.69,2016-06-28 16:00:00,
1.125343249,2309522,Caroline Wozniacki,Wozniacki v S Kuznetsova,60,2016-06-28 11:27:36.199,1.69,2016-06-28 16:00:00,
1.125343249,2309522,Caroline Wozniacki,Wozniacki v S Kuznetsova,70,2016-06-28 12:54:37.401,1.68,2016-06-28 16:04:00,
1.125343249,2309522,Caroline Wozniacki,Wozniacki v S Kuznetsova,80,2016-06-28 14:25:26.717,1.73,2016-06-28 15:37:00,
1.125343249,2309522,Caroline Wozniacki,Wozniacki v S Kuznetsova,90,2016-06-28 15:24:59.180,1.73,2016-06-28 15:37:00,
1.125343249,2309522,Caroline Wozniacki,Wozniacki v S Kuznetsova,100,2016-06-28 15:46:00.045,1.8,2016-06-28 15:47:00,
1.125343393,2257300,Gael Monfils,Monfils v Chardy,0,2016-06-24 18:33:20.609,1.62,2016-06-25 12:00:00,
1.125343393,2257300,Gael Monfils,Monfils v Chardy,10,2016-06-26 16:05:38.333,1.62,2016-06-27 16:30:00,
1.125343393,2257300,Gael Monfils,Monfils v Chardy,20,2016-06-26 22:40:33.349,1.69,2016-06-27 16:30:00,
1.125343393,2257300,Gael Monfils,Monfils v Chardy,30,2016-06-27 06:47:12.526,1.66,2016-06-27 16:30:00,
1.125343393,2257300,Gael Monfils,Monfils v Chardy,40,2016-06-27 08:49:55.938,1.66,2016-06-27 16:30:00,
1.125343393,2257300,Gael Monfils,Monfils v Chardy,50,2016-06-27 11:00:46.255,1.66,2016-06-27 16:38:00,
1.125343393,2257300,Gael Monfils,Monfils v Chardy,60,2016-06-27 13:13:21.014,1.66,2016-06-27 16:38:00,
1.125343393,2257300,Gael Monfils,Monfils v Chardy,70,2016-06-27 14:25:15.654,1.68,2016-06-27 16:04:00,
1.125343393,2257300,Gael Monfils,Monfils v Chardy,80,2016-06-27 15:13:46.608,1.67,2016-06-27 16:04:00,
1.125343393,2257300,Gael Monfils,Monfils v Chardy,90,2016-06-27 15:42:00.278,1.63,2016-06-27 16:04:00,
1.125343393,2257300,Gael Monfils,Monfils v Chardy,100,2016-06-27 16:22:00.508,1.66,2016-06-27 16:23:00,
1.125343393,2304933,Jeremy Chardy,Monfils v Chardy,0,2016-06-24 19:08:31.478,2.62,2016-06-25 12:00:00,
1.125343393,2304933,Jeremy Chardy,Monfils v Chardy,10,2016-06-26 19:56:22.314,2.5,2016-06-27 16:30:00,
1.125343393,2304933,Jeremy Chardy,Monfils v Chardy,20,2016-06-27 00:07:49.952,2.48,2016-06-27 16:30:00,
1.125343393,2304933,Jeremy Chardy,Monfils v Chardy,30,2016-06-27 08:51:16.082,2.58,2016-06-27 16:30:00,
1.125343393,2304933,Jeremy Chardy,Monfils v Chardy,40,2016-06-27 09:34:57.659,2.5,2016-06-27 16:30:00,
1.125343393,2304933,Jeremy Chardy,Monfils v Chardy,50,2016-06-27 10:51:00.424,2.46,2016-06-27 16:38:00,
1.125343393,2304933,Jeremy Chardy,Monfils v Chardy,60,2016-06-27 12:54:56.308,2.52,2016-06-27 16:38:00,
1.125343393,2304933,Jeremy Chardy,Monfils v Chardy,70,2016-06-27 14:53:58.560,2.5,2016-06-27 16:04:00,
1.125343393,2304933,Jeremy Chardy,Monfils v Chardy,80,2016-06-27 15:13:46.608,2.56,2016-06-27 16:04:00,
1.125343393,2304933,Jeremy Chardy,Monfils v Chardy,90,2016-06-27 15:58:00.725,2.6,2016-06-27 16:04:00,
1.125343393,2304933,Jeremy Chardy,Monfils v Chardy,100,2016-06-27 16:22:47.919,2.52,2016-06-27 16:23:00,
1.12534341,2415530,Evgeniya Rodina,Rodina v Tsurenko,0,2016-06-26 09:12:02.170,2.34,2016-06-27 11:00:00,
1.12534341,2415530,Evgeniya Rodina,Rodina v Tsurenko,10,2016-06-28 06:04:18.823,2.48,2016-06-28 14:30:00,
1.12534341,2415530,Evgeniya Rodina,Rodina v Tsurenko,20,2016-06-28 11:15:28.090,2.4,2016-06-28 14:32:00,
1.12534341,2415530,Evgeniya Rodina,Rodina v Tsurenko,30,2016-06-28 19:34:59.727,1.09,2016-06-29 10:30:00,2016-06-28 14:33:03.056
1.12534341,2415530,Evgeniya Rodina,Rodina v Tsurenko,40,2016-06-28 20:52:05.044,1.09,2016-06-29 10:30:00,2016-06-28 14:33:03.056
1.12534341,2415530,Evgeniya Rodina,Rodina v Tsurenko,50,2016-06-29 03:12:01.639,1.08,2016-06-29 10:30:00,2016-06-28 14:33:03.056
1.12534341,2415530,Evgeniya Rodina,Rodina v Tsurenko,60,2016-06-29 06:15:01.157,1.09,2016-06-29 10:30:00,2016-06-28 14:33:03.056
1.12534341,2415530,Evgeniya Rodina,Rodina v Tsurenko,70,2016-06-29 08:12:19.583,1.09,2016-06-29 10:30:00,2016-06-28 14:33:03.056
1.12534341,2415530,Evgeniya Rodina,Rodina v Tsurenko,80,2016-06-29 08:45:38.890,1.1,2016-06-29 10:30:00,2016-06-28 14:33:03.056
1.12534341,2415530,Evgeniya Rodina,Rodina v Tsurenko,90,2016-06-29 09:35:43.687,1.09,2016-06-29 10:30:00,2016-06-28 14:33:03.056
1.12534341,2415530,Evgeniya Rodina,Rodina v Tsurenko,100,2016-06-29 11:24:41.577,1.1,2016-06-29 11:30:00,2016-06-28 14:33:03.056
1.12534341,5300861,Lesia Tsurenko,Rodina v Tsurenko,0,2016-06-25 14:32:42.545,1.79,2016-06-26 12:00:00,
1.12534341,5300861,Lesia Tsurenko,Rodina v Tsurenko,10,2016-06-26 23:13:29.674,1.7,2016-06-27 11:00:00,
1.12534341,5300861,Lesia Tsurenko,Rodina v Tsurenko,20,2016-06-28 07:45:01.727,1.67,2016-06-28 14:30:00,
1.12534341,5300861,Lesia Tsurenko,Rodina v Tsurenko,30,2016-06-28 12:11:54.657,1.71,2016-06-28 14:32:00,
1.12534341,5300861,Lesia Tsurenko,Rodina v Tsurenko,40,2016-06-28 13:18:24.674,1.68,2016-06-28 14:24:00,
1.12534341,5300861,Lesia Tsurenko,Rodina v Tsurenko,50,2016-06-28 14:18:59.011,1.71,2016-06-28 14:24:00,
1.12534341,5300861,Lesia Tsurenko,Rodina v Tsurenko,60,2016-06-28 20:23:47.588,11.0,2016-06-29 10:30:00,2016-06-28 14:33:03.056
1.12534341,5300861,Lesia Tsurenko,Rodina v Tsurenko,70,2016-06-29 03:59:58.802,13.0,2016-06-29 10:30:00,2016-06-28 14:33:03.056
1.12534341,5300861,Lesia Tsurenko,Rodina v Tsurenko,80,2016-06-29 07:31:07.393,12.0,2016-06-29 10:30:00,2016-06-28 14:33:03.056
1.12534341,5300861,Lesia Tsurenko,Rodina v Tsurenko,90,2016-06-29 09:41:57.670,12.5,2016-06-29 10:30:00,2016-06-28 14:33:03.056
1.12534341,5300861,Lesia Tsurenko,Rodina v Tsurenko,100,2016-06-29 11:25:17.426,10.5,2016-06-29 11:30:00,2016-06-28 14:33:03.056
1.125343425,3800907,Madison Keys,Siegemund v Keys,0,2016-06-24 15:39:16.891,1.16,2016-06-25 12:00:00,
1.125343425,3800907,Madison Keys,Siegemund v Keys,10,2016-06-26 18:00:02.274,1.19,2016-06-27 12:30:00,
1.125343425,3800907,Madison Keys,Siegemund v Keys,20,2016-06-27 03:12:37.032,1.15,2016-06-27 12:30:00,
1.125343425,3800907,Madison Keys,Siegemund v Keys,30,2016-06-27 07:35:30.478,1.16,2016-06-27 12:30:00,
1.125343425,3800907,Madison Keys,Siegemund v Keys,40,2016-06-27 08:48:27.012,1.15,2016-06-27 12:30:00,
1.125343425,3800907,Madison Keys,Siegemund v Keys,50,2016-06-27 10:19:52.438,1.17,2016-06-27 12:30:00,
1.125343425,3800907,Madison Keys,Siegemund v Keys,60,2016-06-27 10:53:47.787,1.18,2016-06-27 12:37:00,
1.125343425,3800907,Madison Keys,Siegemund v Keys,70,2016-06-27 11:48:48.732,1.15,2016-06-27 12:37:00,
1.125343425,3800907,Madison Keys,Siegemund v Keys,80,2016-06-27 12:40:37.222,1.15,2016-06-27 12:52:00,
1.125343425,3800907,Madison Keys,Siegemund v Keys,90,2016-06-27 12:48:56.536,1.16,2016-06-27 12:52:00,
1.125343425,3800907,Madison Keys,Siegemund v Keys,100,2016-06-27 12:59:01.609,1.14,2016-06-27 13:08:00,
1.125343425,4829328,Laura Siegemund,Siegemund v Keys,0,2016-06-24 22:30:46.597,6.0,2016-06-25 12:00:00,
1.125343425,4829328,Laura Siegemund,Siegemund v Keys,10,2016-06-26 12:25:27.163,7.0,2016-06-27 12:30:00,
1.125343425,4829328,Laura Siegemund,Siegemund v Keys,20,2016-06-26 21:20:31.409,7.0,2016-06-27 12:30:00,
1.125343425,4829328,Laura Siegemund,Siegemund v Keys,30,2016-06-27 08:46:25.217,7.2,2016-06-27 12:30:00,
1.125343425,4829328,Laura Siegemund,Siegemund v Keys,40,2016-06-27 10:37:57.051,6.0,2016-06-27 12:45:00,
1.125343425,4829328,Laura Siegemund,Siegemund v Keys,50,2016-06-27 11:22:48.890,7.4,2016-06-27 12:37:00,
1.125343425,4829328,Laura Siegemund,Siegemund v Keys,60,2016-06-27 12:31:43.219,7.8,2016-06-27 12:37:00,
1.125343425,4829328,Laura Siegemund,Siegemund v Keys,70,2016-06-27 12:36:50.049,7.6,2016-06-27 12:37:00,
1.125343425,4829328,Laura Siegemund,Siegemund v Keys,80,2016-06-27 12:43:02.012,7.6,2016-06-27 12:52:00,
1.125343425,4829328,Laura Siegemund,Siegemund v Keys,90,2016-06-27 12:50:44.442,7.2,2016-06-27 12:53:00,
1.125343425,4829328,Laura Siegemund,Siegemund v Keys,100,2016-06-27 12:59:01.609,7.6,2016-06-27 13:08:00,
1.125343599,6607576,Victoria Duval,Duval v Kasatkina,0,2016-06-25 09:53:07.528,6.0,2016-06-26 12:00:00,
1.125343599,6607576,Victoria Duval,Duval v Kasatkina,10,2016-06-26 11:39:50.736,6.2,2016-06-27 10:30:00,
1.125343599,6607576,Victoria Duval,Duval v Kasatkina,20,2016-06-26 20:18:50.264,6.2,2016-06-27 10:30:00,
1.125343599,6607576,Victoria Duval,Duval v Kasatkina,30,2016-06-26 23:37:58.139,6.0,2016-06-27 10:30:00,
1.125343599,6607576,Victoria Duval,Duval v Kasatkina,40,2016-06-27 01:06:44.965,6.8,2016-06-27 10:30:00,
1.125343599,6607576,Victoria Duval,Duval v Kasatkina,50,2016-06-27 05:17:06.656,6.2,2016-06-27 10:30:00,
1.125343599,6607576,Victoria Duval,Duval v Kasatkina,60,2016-06-27 09:12:20.526,6.8,2016-06-27 10:30:00,
1.125343599,6607576,Victoria Duval,Duval v Kasatkina,70,2016-06-27 10:02:00.148,7.0,2016-06-27 10:30:00,
1.125343599,6607576,Victoria Duval,Duval v Kasatkina,80,2016-06-27 10:23:11.057,7.0,2016-06-27 10:30:00,
1.125343599,6607576,Victoria Duval,Duval v Kasatkina,90,2016-06-27 10:28:03.278,6.2,2016-06-27 10:30:00,
1.125343599,6607576,Victoria Duval,Duval v Kasatkina,100,2016-06-27 10:33:11.926,6.2,2016-06-27 10:45:00,
1.125343599,7795290,Daria Kasatkina,Duval v Kasatkina,0,2016-06-25 07:24:12.284,1.2,2016-06-26 12:00:00,
1.125343599,7795290,Daria Kasatkina,Duval v Kasatkina,10,2016-06-26 18:08:42.737,1.19,2016-06-27 10:30:00,
1.125343599,7795290,Daria Kasatkina,Duval v Kasatkina,20,2016-06-27 01:06:44.965,1.14,2016-06-27 10:30:00,
1.125343599,7795290,Daria Kasatkina,Duval v Kasatkina,30,2016-06-27 04:24:39.467,1.19,2016-06-27 10:30:00,
1.125343599,7795290,Daria Kasatkina,Duval v Kasatkina,40,2016-06-27 06:23:02.744,1.15,2016-06-27 10:30:00,
1.125343599,7795290,Daria Kasatkina,Duval v Kasatkina,50,2016-06-27 07:17:44.927,1.2,2016-06-27 10:30:00,
1.125343599,7795290,Daria Kasatkina,Duval v Kasatkina,60,2016-06-27 08:32:07.153,1.16,2016-06-27 10:30:00,
1.125343599,7795290,Daria Kasatkina,Duval v Kasatkina,70,2016-06-27 09:02:14.667,1.16,2016-06-27 10:30:00,
1.125343599,7795290,Daria Kasatkina,Duval v Kasatkina,80,2016-06-27 09:48:20.585,1.16,2016-06-27 10:30:00,
1.125343599,7795290,Daria Kasatkina,Duval v Kasatkina,90,2016-06-27 10:14:03.306,1.16,2016-06-27 10:30:00,
1.125343599,7795290,Daria Kasatkina,Duval v Kasatkina,100,2016-06-27 10:33:11.926,1.18,2016-06-27 10:45:00,
1.125343614,5611697,Kiki Bertens,Ostapenko v Bertens,0,2016-06-24 18:18:58.775,2.72,2016-06-25 12:00:00,
1.125343614,5611697,Kiki Bertens,Ostapenko v Bertens,10,2016-06-26 01:40:54.996,2.48,2016-06-27 12:00:00,
1.125343614,5611697,Kiki Bertens,Ostapenko v Bertens,20,2016-06-26 20:28:55.803,2.46,2016-06-27 16:00:00,
1.125343614,5611697,Kiki Bertens,Ostapenko v Bertens,30,2016-06-27 07:40:54.516,2.52,2016-06-27 16:00:00,
1.125343614,5611697,Kiki Bertens,Ostapenko v Bertens,40,2016-06-27 08:53:31.807,2.52,2016-06-27 16:00:00,
1.125343614,5611697,Kiki Bertens,Ostapenko v Bertens,50,2016-06-27 10:17:05.179,2.6,2016-06-27 16:00:00,
1.125343614,5611697,Kiki Bertens,Ostapenko v Bertens,60,2016-06-27 10:55:00.044,2.58,2016-06-27 16:00:00,
1.125343614,5611697,Kiki Bertens,Ostapenko v Bertens,70,2016-06-27 13:35:46.458,2.62,2016-06-27 16:00:00,
1.125343614,5611697,Kiki Bertens,Ostapenko v Bertens,80,2016-06-27 14:08:31.582,2.5,2016-06-27 16:00:00,
1.125343614,5611697,Kiki Bertens,Ostapenko v Bertens,90,2016-06-27 15:52:38.226,2.5,2016-06-27 16:00:00,
1.125343614,5611697,Kiki Bertens,Ostapenko v Bertens,100,2016-06-27 16:43:03.428,2.58,2016-06-27 16:55:00,
1.125343614,8827537,Jelena Ostapenko,Ostapenko v Bertens,0,2016-06-24 18:18:58.775,1.58,2016-06-25 12:00:00,
1.125343614,8827537,Jelena Ostapenko,Ostapenko v Bertens,10,2016-06-26 18:20:51.885,1.69,2016-06-27 16:00:00,
1.125343614,8827537,Jelena Ostapenko,Ostapenko v Bertens,20,2016-06-27 05:21:59.372,1.67,2016-06-27 16:00:00,
1.125343614,8827537,Jelena Ostapenko,Ostapenko v Bertens,30,2016-06-27 08:53:31.807,1.66,2016-06-27 16:00:00,
1.125343614,8827537,Jelena Ostapenko,Ostapenko v Bertens,40,2016-06-27 10:46:54.745,1.63,2016-06-27 16:00:00,
1.125343614,8827537,Jelena Ostapenko,Ostapenko v Bertens,50,2016-06-27 12:15:37.248,1.63,2016-06-27 16:00:00,
1.125343614,8827537,Jelena Ostapenko,Ostapenko v Bertens,60,2016-06-27 12:31:06.241,1.62,2016-06-27 16:00:00,
1.125343614,8827537,Jelena Ostapenko,Ostapenko v Bertens,70,2016-06-27 14:47:00.086,1.66,2016-06-27 16:00:00,
1.125343614,8827537,Jelena Ostapenko,Ostapenko v Bertens,80,2016-06-27 15:15:16.492,1.65,2016-06-27 16:00:00,
1.125343614,8827537,Jelena Ostapenko,Ostapenko v Bertens,90,2016-06-27 15:50:08.181,1.65,2016-06-27 16:00:00,
1.125343614,8827537,Jelena Ostapenko,Ostapenko v Bertens,100,2016-06-27 16:43:03.428,1.66,2016-06-27 16:55:00,
1.125343632,2309567,Sara Errani,Errani v Tig,0,2016-06-26 10:13:16.368,1.23,2016-06-27 11:00:00,
1.125343632,2309567,Sara Errani,Errani v Tig,10,2016-06-26 18:56:37.040,1.27,2016-06-27 12:30:00,
1.125343632,2309567,Sara Errani,Errani v Tig,20,2016-06-27 00:10:26.199,1.27,2016-06-27 12:30:00,
1.125343632,2309567,Sara Errani,Errani v Tig,30,2016-06-27 05:52:24.060,1.28,2016-06-27 12:30:00,
1.125343632,2309567,Sara Errani,Errani v Tig,40,2016-06-27 08:02:38.953,1.25,2016-06-27 12:30:00,
1.125343632,2309567,Sara Errani,Errani v Tig,50,2016-06-27 09:12:09.477,1.24,2016-06-27 12:30:00,
1.125343632,2309567,Sara Errani,Errani v Tig,60,2016-06-27 09:50:07.980,1.26,2016-06-27 12:30:00,
1.125343632,2309567,Sara Errani,Errani v Tig,70,2016-06-27 10:26:36.065,1.25,2016-06-27 12:30:00,
1.125343632,2309567,Sara Errani,Errani v Tig,80,2016-06-27 11:24:10.780,1.25,2016-06-27 12:34:00,
1.125343632,2309567,Sara Errani,Errani v Tig,90,2016-06-27 11:49:57.863,1.26,2016-06-27 12:34:00,
1.125343632,2309567,Sara Errani,Errani v Tig,100,2016-06-27 12:18:09.732,1.25,2016-06-27 12:29:00,
1.125343632,8679189,Patricia Maria Tig,Errani v Tig,0,2016-06-26 10:13:16.368,5.4,2016-06-27 11:00:00,
1.125343632,8679189,Patricia Maria Tig,Errani v Tig,10,2016-06-26 18:09:12.269,4.8,2016-06-27 12:30:00,
1.125343632,8679189,Patricia Maria Tig,Errani v Tig,20,2016-06-26 18:56:37.040,4.8,2016-06-27 12:30:00,
1.125343632,8679189,Patricia Maria Tig,Errani v Tig,30,2016-06-26 20:19:45.175,4.7,2016-06-27 12:30:00,
1.125343632,8679189,Patricia Maria Tig,Errani v Tig,40,2016-06-27 01:47:09.258,4.7,2016-06-27 12:30:00,
1.125343632,8679189,Patricia Maria Tig,Errani v Tig,50,2016-06-27 08:02:38.953,5.0,2016-06-27 12:30:00,
1.125343632,8679189,Patricia Maria Tig,Errani v Tig,60,2016-06-27 09:13:47.441,4.8,2016-06-27 12:30:00,
1.125343632,8679189,Patricia Maria Tig,Errani v Tig,70,2016-06-27 10:04:05.918,5.1,2016-06-27 12:30:00,
1.125343632,8679189,Patricia Maria Tig,Errani v Tig,80,2016-06-27 10:25:06.218,4.7,2016-06-27 12:30:00,
1.125343632,8679189,Patricia Maria Tig,Errani v Tig,90,2016-06-27 11:31:00.885,4.9,2016-06-27 12:34:00,
1.125343632,8679189,Patricia Maria Tig,Errani v Tig,100,2016-06-27 11:57:32.647,5.0,2016-06-27 12:34:00,
1.125343781,2256471,Dmitry Tursunov,Tursunov v J Sousa,0,2016-06-27 11:01:25.473,3.05,2016-06-28 10:00:00,
1.125343781,2256471,Dmitry Tursunov,Tursunov v J Sousa,10,2016-06-27 20:30:52.667,3.15,2016-06-28 10:30:00,
1.125343781,2256471,Dmitry Tursunov,Tursunov v J Sousa,20,2016-06-28 02:26:03.892,3.15,2016-06-28 10:30:00,
1.125343781,2256471,Dmitry Tursunov,Tursunov v J Sousa,30,2016-06-28 06:53:58.610,3.05,2016-06-28 10:30:00,
1.125343781,2256471,Dmitry Tursunov,Tursunov v J Sousa,40,2016-06-28 08:08:06.643,3.15,2016-06-28 10:30:00,
1.125343781,2256471,Dmitry Tursunov,Tursunov v J Sousa,50,2016-06-28 08:26:07.622,2.96,2016-06-28 10:30:00,
1.125343781,2256471,Dmitry Tursunov,Tursunov v J Sousa,60,2016-06-28 08:47:29.023,3.0,2016-06-28 10:30:00,
1.125343781,2256471,Dmitry Tursunov,Tursunov v J Sousa,70,2016-06-28 09:13:42.704,3.1,2016-06-28 10:30:00,
1.125343781,2256471,Dmitry Tursunov,Tursunov v J Sousa,80,2016-06-28 09:34:29.280,3.15,2016-06-28 10:30:00,
1.125343781,2256471,Dmitry Tursunov,Tursunov v J Sousa,90,2016-06-28 10:20:57.439,3.15,2016-06-28 10:30:00,
1.125343781,2256471,Dmitry Tursunov,Tursunov v J Sousa,100,2016-06-28 10:39:09.160,3.4,2016-06-28 10:45:00,
1.125343781,7053035,Joao Sousa,Tursunov v J Sousa,0,2016-06-24 15:13:16.601,1.5,2016-06-25 12:00:00,
1.125343781,7053035,Joao Sousa,Tursunov v J Sousa,10,2016-06-27 10:54:28.278,1.48,2016-06-28 10:00:00,
1.125343781,7053035,Joao Sousa,Tursunov v J Sousa,20,2016-06-27 21:23:45.093,1.47,2016-06-28 10:30:00,
1.125343781,7053035,Joao Sousa,Tursunov v J Sousa,30,2016-06-27 22:48:21.147,1.46,2016-06-28 10:30:00,
1.125343781,7053035,Joao Sousa,Tursunov v J Sousa,40,2016-06-28 06:11:18.669,1.47,2016-06-28 10:30:00,
1.125343781,7053035,Joao Sousa,Tursunov v J Sousa,50,2016-06-28 07:55:03.365,1.46,2016-06-28 10:30:00,
1.125343781,7053035,Joao Sousa,Tursunov v J Sousa,60,2016-06-28 08:32:54.454,1.52,2016-06-28 10:30:00,
1.125343781,7053035,Joao Sousa,Tursunov v J Sousa,70,2016-06-28 09:10:06.196,1.48,2016-06-28 10:30:00,
1.125343781,7053035,Joao Sousa,Tursunov v J Sousa,80,2016-06-28 09:57:16.434,1.45,2016-06-28 10:30:00,
1.125343781,7053035,Joao Sousa,Tursunov v J Sousa,90,2016-06-28 10:17:59.332,1.43,2016-06-28 10:30:00,
1.125343781,7053035,Joao Sousa,Tursunov v J Sousa,100,2016-06-28 10:39:09.160,1.4,2016-06-28 10:45:00,
1.125343802,2257536,Ernests Gulbis,J Sock v Gulbis,0,2016-06-25 21:54:10.413,2.56,2016-06-26 12:00:00,
1.125343802,2257536,Ernests Gulbis,J Sock v Gulbis,10,2016-06-26 21:01:35.926,2.6,2016-06-27 14:30:00,
1.125343802,2257536,Ernests Gulbis,J Sock v Gulbis,20,2016-06-27 09:34:15.990,2.7,2016-06-27 14:30:00,
1.125343802,2257536,Ernests Gulbis,J Sock v Gulbis,30,2016-06-27 10:30:15.448,2.62,2016-06-27 14:45:00,
1.125343802,2257536,Ernests Gulbis,J Sock v Gulbis,40,2016-06-27 12:55:17.596,2.68,2016-06-27 15:05:00,
1.125343802,2257536,Ernests Gulbis,J Sock v Gulbis,50,2016-06-27 13:07:41.416,2.66,2016-06-27 15:18:00,
1.125343802,2257536,Ernests Gulbis,J Sock v Gulbis,60,2016-06-27 13:56:01.268,2.76,2016-06-27 15:07:00,
1.125343802,2257536,Ernests Gulbis,J Sock v Gulbis,70,2016-06-27 14:09:19.604,2.72,2016-06-27 15:07:00,
1.125343802,2257536,Ernests Gulbis,J Sock v Gulbis,80,2016-06-27 15:05:06.551,2.74,2016-06-27 15:07:00,
1.125343802,2257536,Ernests Gulbis,J Sock v Gulbis,90,2016-06-27 15:57:52.680,2.78,2016-06-27 16:07:00,
1.125343802,2257536,Ernests Gulbis,J Sock v Gulbis,100,2016-06-27 16:10:17.748,2.72,2016-06-27 16:24:00,
1.125343802,4596957,Jack Sock,J Sock v Gulbis,0,2016-06-25 02:41:18.934,1.63,2016-06-26 12:00:00,
1.125343802,4596957,Jack Sock,J Sock v Gulbis,10,2016-06-26 20:56:35.191,1.62,2016-06-27 14:30:00,
1.125343802,4596957,Jack Sock,J Sock v Gulbis,20,2016-06-26 23:08:02.023,1.61,2016-06-27 14:30:00,
1.125343802,4596957,Jack Sock,J Sock v Gulbis,30,2016-06-27 07:53:11.059,1.59,2016-06-27 14:30:00,
1.125343802,4596957,Jack Sock,J Sock v Gulbis,40,2016-06-27 09:50:19.120,1.62,2016-06-27 14:30:00,
1.125343802,4596957,Jack Sock,J Sock v Gulbis,50,2016-06-27 11:42:27.384,1.59,2016-06-27 14:35:00,
1.125343802,4596957,Jack Sock,J Sock v Gulbis,60,2016-06-27 13:16:38.657,1.58,2016-06-27 15:07:00,
1.125343802,4596957,Jack Sock,J Sock v Gulbis,70,2016-06-27 14:25:02.628,1.58,2016-06-27 15:07:00,
1.125343802,4596957,Jack Sock,J Sock v Gulbis,80,2016-06-27 15:01:14.572,1.57,2016-06-27 15:07:00,
1.125343802,4596957,Jack Sock,J Sock v Gulbis,90,2016-06-27 15:40:12.544,1.58,2016-06-27 15:52:00,
1.125343802,4596957,Jack Sock,J Sock v Gulbis,100,2016-06-27 16:14:11.371,1.57,2016-06-27 16:24:00,
1.125343823,2424953,Pablo Cuevas,P Cuevas v An Kuznetsov,0,2016-06-24 18:22:04.760,1.95,2016-06-25 12:00:00,
1.125343823,2424953,Pablo Cuevas,P Cuevas v An Kuznetsov,10,2016-06-25 19:58:57.428,1.92,2016-06-26 12:00:00,
1.125343823,2424953,Pablo Cuevas,P Cuevas v An Kuznetsov,20,2016-06-26 21:19:47.490,1.9,2016-06-27 16:30:00,
1.125343823,2424953,Pablo Cuevas,P Cuevas v An Kuznetsov,30,2016-06-27 05:42:50.634,2.0,2016-06-27 16:30:00,
1.125343823,2424953,Pablo Cuevas,P Cuevas v An Kuznetsov,40,2016-06-27 07:56:01.234,2.0,2016-06-27 16:30:00,
1.125343823,2424953,Pablo Cuevas,P Cuevas v An Kuznetsov,50,2016-06-27 10:27:58.775,1.91,2016-06-27 16:30:00,
1.125343823,2424953,Pablo Cuevas,P Cuevas v An Kuznetsov,60,2016-06-27 12:31:47.977,1.92,2016-06-27 16:45:00,
1.125343823,2424953,Pablo Cuevas,P Cuevas v An Kuznetsov,70,2016-06-27 14:04:50.269,1.95,2016-06-27 17:54:00,
1.125343823,2424953,Pablo Cuevas,P Cuevas v An Kuznetsov,80,2016-06-27 15:16:16.885,1.96,2016-06-27 17:12:00,
1.125343823,2424953,Pablo Cuevas,P Cuevas v An Kuznetsov,90,2016-06-27 16:04:12.104,1.94,2016-06-27 17:12:00,
1.125343823,2424953,Pablo Cuevas,P Cuevas v An Kuznetsov,100,2016-06-27 16:47:38.901,1.97,2016-06-27 17:00:00,
1.125343823,4257454,Andrey Kuznetsov,P Cuevas v An Kuznetsov,0,2016-06-25 06:44:35.190,2.08,2016-06-26 12:00:00,
1.125343823,4257454,Andrey Kuznetsov,P Cuevas v An Kuznetsov,10,2016-06-26 18:59:49.370,2.04,2016-06-27 16:30:00,
1.125343823,4257454,Andrey Kuznetsov,P Cuevas v An Kuznetsov,20,2016-06-27 06:00:06.164,2.0,2016-06-27 16:30:00,
1.125343823,4257454,Andrey Kuznetsov,P Cuevas v An Kuznetsov,30,2016-06-27 09:32:15.043,2.1,2016-06-27 16:30:00,
1.125343823,4257454,Andrey Kuznetsov,P Cuevas v An Kuznetsov,40,2016-06-27 10:40:06.005,2.1,2016-06-27 16:30:00,
1.125343823,4257454,Andrey Kuznetsov,P Cuevas v An Kuznetsov,50,2016-06-27 13:00:30.477,2.06,2016-06-27 17:15:00,
1.125343823,4257454,Andrey Kuznetsov,P Cuevas v An Kuznetsov,60,2016-06-27 14:47:41.675,2.08,2016-06-27 17:54:00,
1.125343823,4257454,Andrey Kuznetsov,P Cuevas v An Kuznetsov,70,2016-06-27 15:20:15.906,2.02,2016-06-27 17:12:00,
1.125343823,4257454,Andrey Kuznetsov,P Cuevas v An Kuznetsov,80,2016-06-27 16:09:53.402,2.06,2016-06-27 17:12:00,
1.125343823,4257454,Andrey Kuznetsov,P Cuevas v An Kuznetsov,90,2016-06-27 16:36:18.653,2.02,2016-06-27 16:45:00,
1.125343823,4257454,Andrey Kuznetsov,P Cuevas v An Kuznetsov,100,2016-06-27 16:54:16.433,2.04,2016-06-27 17:00:00,
1.125344051,2263606,Tsvetana Pironkova,Pironkova v Bencic,0,2016-06-25 10:01:02.302,2.08,2016-06-26 12:00:00,
1.125344051,2263606,Tsvetana Pironkova,Pironkova v Bencic,10,2016-06-28 07:52:29.721,1.97,2016-06-28 16:00:00,
1.125344051,2263606,Tsvetana Pironkova,Pironkova v Bencic,20,2016-06-28 09:41:27.125,1.91,2016-06-28 16:00:00,
1.125344051,2263606,Tsvetana Pironkova,Pironkova v Bencic,30,2016-06-28 11:54:15.863,1.78,2016-06-28 16:00:00,
1.125344051,2263606,Tsvetana Pironkova,Pironkova v Bencic,40,2016-06-28 15:04:05.855,1.8,2016-06-28 16:00:00,
1.125344051,2263606,Tsvetana Pironkova,Pironkova v Bencic,50,2016-06-28 16:17:21.030,1.83,2016-06-28 16:30:00,
1.125344051,2263606,Tsvetana Pironkova,Pironkova v Bencic,60,2016-06-28 20:26:21.914,1.83,2016-06-29 12:30:00,
1.125344051,2263606,Tsvetana Pironkova,Pironkova v Bencic,70,2016-06-29 08:20:17.838,1.81,2016-06-29 12:30:00,
1.125344051,2263606,Tsvetana Pironkova,Pironkova v Bencic,80,2016-06-29 12:50:22.615,1.81,2016-06-29 13:25:00,
1.125344051,2263606,Tsvetana Pironkova,Pironkova v Bencic,90,2016-06-29 16:49:05.364,1.82,2016-06-29 16:55:00,
1.125344051,2263606,Tsvetana Pironkova,Pironkova v Bencic,100,2016-06-29 17:42:25.280,1.88,2016-06-29 17:46:00,
1.125344051,6390244,Belinda Bencic,Pironkova v Bencic,0,2016-06-24 22:43:06.612,1.98,2016-06-25 12:00:00,
1.125344051,6390244,Belinda Bencic,Pironkova v Bencic,10,2016-06-26 19:25:12.562,1.96,2016-06-28 12:00:00,
1.125344051,6390244,Belinda Bencic,Pironkova v Bencic,20,2016-06-28 07:52:29.721,2.02,2016-06-28 16:00:00,
1.125344051,6390244,Belinda Bencic,Pironkova v Bencic,30,2016-06-28 10:45:57.385,2.18,2016-06-28 16:00:00,
1.125344051,6390244,Belinda Bencic,Pironkova v Bencic,40,2016-06-28 14:49:13.119,2.26,2016-06-28 16:00:00,
1.125344051,6390244,Belinda Bencic,Pironkova v Bencic,50,2016-06-28 16:46:20.022,2.2,2016-06-28 16:56:00,
1.125344051,6390244,Belinda Bencic,Pironkova v Bencic,60,2016-06-29 01:37:44.387,2.16,2016-06-29 12:30:00,
1.125344051,6390244,Belinda Bencic,Pironkova v Bencic,70,2016-06-29 09:59:08.778,2.26,2016-06-29 12:30:00,
1.125344051,6390244,Belinda Bencic,Pironkova v Bencic,80,2016-06-29 11:55:06.952,2.2,2016-06-29 13:25:00,
1.125344051,6390244,Belinda Bencic,Pironkova v Bencic,90,2016-06-29 16:19:32.624,2.24,2016-06-29 16:25:00,
1.125344051,6390244,Belinda Bencic,Pironkova v Bencic,100,2016-06-29 17:42:25.280,2.12,2016-06-29 17:46:00,
1.125344074,8597476,Stan Wawrinka,Fritz v S Wawrinka,0,2016-06-24 18:16:31.297,1.1,2016-06-25 12:00:00,
1.125344074,8597476,Stan Wawrinka,Fritz v S Wawrinka,10,2016-06-26 11:08:51.684,1.12,2016-06-27 10:00:00,
1.125344074,8597476,Stan Wawrinka,Fritz v S Wawrinka,20,2016-06-27 06:46:26.187,1.13,2016-06-28 12:00:00,
1.125344074,8597476,Stan Wawrinka,Fritz v S Wawrinka,30,2016-06-27 19:48:36.888,1.12,2016-06-28 12:00:00,
1.125344074,8597476,Stan Wawrinka,Fritz v S Wawrinka,40,2016-06-27 23:05:10.132,1.12,2016-06-28 12:00:00,
1.125344074,8597476,Stan Wawrinka,Fritz v S Wawrinka,50,2016-06-28 06:40:17.805,1.12,2016-06-28 12:00:00,
1.125344074,8597476,Stan Wawrinka,Fritz v S Wawrinka,60,2016-06-28 08:26:53.331,1.13,2016-06-28 12:00:00,
1.125344074,8597476,Stan Wawrinka,Fritz v S Wawrinka,70,2016-06-28 09:54:07.846,1.13,2016-06-28 12:00:00,
1.125344074,8597476,Stan Wawrinka,Fritz v S Wawrinka,80,2016-06-28 10:42:00.765,1.13,2016-06-28 12:00:00,
1.125344074,8597476,Stan Wawrinka,Fritz v S Wawrinka,90,2016-06-28 11:50:23.360,1.13,2016-06-28 12:00:00,
1.125344074,8597476,Stan Wawrinka,Fritz v S Wawrinka,100,2016-06-28 12:04:23.136,1.13,2016-06-28 12:15:00,
1.125344074,10279360,Taylor Fritz,Fritz v S Wawrinka,0,2016-06-24 20:52:00.588,8.2,2016-06-25 12:00:00,
1.125344074,10279360,Taylor Fritz,Fritz v S Wawrinka,10,2016-06-26 13:20:25.054,8.6,2016-06-28 12:00:00,
1.125344074,10279360,Taylor Fritz,Fritz v S Wawrinka,20,2016-06-27 06:05:52.562,7.0,2016-06-28 12:00:00,
1.125344074,10279360,Taylor Fritz,Fritz v S Wawrinka,30,2016-06-27 12:33:37.516,8.8,2016-06-28 12:00:00,
1.125344074,10279360,Taylor Fritz,Fritz v S Wawrinka,40,2016-06-27 22:37:20.161,8.8,2016-06-28 12:00:00,
1.125344074,10279360,Taylor Fritz,Fritz v S Wawrinka,50,2016-06-28 07:31:28.209,9.0,2016-06-28 12:00:00,
1.125344074,10279360,Taylor Fritz,Fritz v S Wawrinka,60,2016-06-28 08:59:55.418,8.6,2016-06-28 12:00:00,
1.125344074,10279360,Taylor Fritz,Fritz v S Wawrinka,70,2016-06-28 10:03:45.476,9.2,2016-06-28 12:00:00,
1.125344074,10279360,Taylor Fritz,Fritz v S Wawrinka,80,2016-06-28 11:07:41.667,9.4,2016-06-28 12:00:00,
1.125344074,10279360,Taylor Fritz,Fritz v S Wawrinka,90,2016-06-28 11:43:16.316,8.8,2016-06-28 12:00:00,
1.125344074,10279360,Taylor Fritz,Fritz v S Wawrinka,100,2016-06-28 12:03:27.273,9.0,2016-06-28 12:15:00,
1.125344095,2309569,Pauline Parmentier,Parmentier v Siniakova,0,2016-06-25 06:06:26.412,3.3,2016-06-26 12:00:00,
1.125344095,2309569,Pauline Parmentier,Parmentier v Siniakova,10,2016-06-28 04:03:43.149,3.5,2016-06-28 12:30:00,
1.125344095,2309569,Pauline Parmentier,Parmentier v Siniakova,20,2016-06-28 05:55:22.413,3.7,2016-06-28 12:30:00,
1.125344095,2309569,Pauline Parmentier,Parmentier v Siniakova,30,2016-06-28 07:25:16.861,3.95,2016-06-28 12:30:00,
1.125344095,2309569,Pauline Parmentier,Parmentier v Siniakova,40,2016-06-28 08:22:15.365,3.5,2016-06-28 12:30:00,
1.125344095,2309569,Pauline Parmentier,Parmentier v Siniakova,50,2016-06-28 08:58:02.388,3.5,2016-06-28 12:30:00,
1.125344095,2309569,Pauline Parmentier,Parmentier v Siniakova,60,2016-06-28 09:32:11.115,3.65,2016-06-28 12:30:00,
1.125344095,2309569,Pauline Parmentier,Parmentier v Siniakova,70,2016-06-28 10:56:17.632,3.7,2016-06-28 12:36:00,
1.125344095,2309569,Pauline Parmentier,Parmentier v Siniakova,80,2016-06-28 11:37:24.350,3.65,2016-06-28 12:36:00,
1.125344095,2309569,Pauline Parmentier,Parmentier v Siniakova,90,2016-06-28 12:51:07.793,3.8,2016-06-28 13:06:00,
1.125344095,2309569,Pauline Parmentier,Parmentier v Siniakova,100,2016-06-28 13:53:31.193,3.55,2016-06-28 14:03:00,
1.125344095,7137442,Katerina Siniakova,Parmentier v Siniakova,0,2016-06-25 06:06:26.412,1.44,2016-06-26 12:00:00,
1.125344095,7137442,Katerina Siniakova,Parmentier v Siniakova,10,2016-06-25 20:49:57.253,1.44,2016-06-26 12:00:00,
1.125344095,7137442,Katerina Siniakova,Parmentier v Siniakova,20,2016-06-26 15:22:43.113,1.42,2016-06-28 12:00:00,
1.125344095,7137442,Katerina Siniakova,Parmentier v Siniakova,30,2016-06-28 05:31:07.753,1.34,2016-06-28 12:30:00,
1.125344095,7137442,Katerina Siniakova,Parmentier v Siniakova,40,2016-06-28 07:25:16.861,1.34,2016-06-28 12:30:00,
1.125344095,7137442,Katerina Siniakova,Parmentier v Siniakova,50,2016-06-28 08:23:29.480,1.4,2016-06-28 12:30:00,
1.125344095,7137442,Katerina Siniakova,Parmentier v Siniakova,60,2016-06-28 10:41:03.905,1.37,2016-06-28 12:36:00,
1.125344095,7137442,Katerina Siniakova,Parmentier v Siniakova,70,2016-06-28 11:53:33.881,1.39,2016-06-28 12:36:00,
1.125344095,7137442,Katerina Siniakova,Parmentier v Siniakova,80,2016-06-28 12:33:30.502,1.38,2016-06-28 12:36:00,
1.125344095,7137442,Katerina Siniakova,Parmentier v Siniakova,90,2016-06-28 12:59:38.694,1.36,2016-06-28 13:06:00,
1.125344095,7137442,Katerina Siniakova,Parmentier v Siniakova,100,2016-06-28 13:47:09.751,1.38,2016-06-28 13:48:00,
1.125344261,2264530,Kirsten Flipkens,Gibbs v Flipkens,0,2016-06-26 10:15:20.421,1.31,2016-06-27 11:00:00,
1.125344261,2264530,Kirsten Flipkens,Gibbs v Flipkens,10,2016-06-26 21:19:25.125,1.25,2016-06-27 12:30:00,
1.125344261,2264530,Kirsten Flipkens,Gibbs v Flipkens,20,2016-06-27 08:12:33.596,1.28,2016-06-27 12:30:00,
1.125344261,2264530,Kirsten Flipkens,Gibbs v Flipkens,30,2016-06-27 08:42:35.639,1.27,2016-06-27 12:30:00,
1.125344261,2264530,Kirsten Flipkens,Gibbs v Flipkens,40,2016-06-27 09:20:32.601,1.31,2016-06-27 12:30:00,
1.125344261,2264530,Kirsten Flipkens,Gibbs v Flipkens,50,2016-06-27 10:28:34.473,1.31,2016-06-27 12:30:00,
1.125344261,2264530,Kirsten Flipkens,Gibbs v Flipkens,60,2016-06-27 10:53:33.387,1.29,2016-06-27 12:38:00,
1.125344261,2264530,Kirsten Flipkens,Gibbs v Flipkens,70,2016-06-27 11:13:32.489,1.32,2016-06-27 12:38:00,
1.125344261,2264530,Kirsten Flipkens,Gibbs v Flipkens,80,2016-06-27 11:49:29.759,1.31,2016-06-27 12:38:00,
1.125344261,2264530,Kirsten Flipkens,Gibbs v Flipkens,90,2016-06-27 12:35:34.996,1.33,2016-06-27 12:38:00,
1.125344261,2264530,Kirsten Flipkens,Gibbs v Flipkens,100,2016-06-27 12:51:33.369,1.33,2016-06-27 13:06:00,
1.125344261,4946628,Nicole Gibbs,Gibbs v Flipkens,0,2016-06-26 20:20:59.798,4.3,2016-06-27 12:30:00,
1.125344261,4946628,Nicole Gibbs,Gibbs v Flipkens,10,2016-06-26 22:13:02.214,4.4,2016-06-27 12:30:00,
1.125344261,4946628,Nicole Gibbs,Gibbs v Flipkens,20,2016-06-27 06:31:23.919,4.9,2016-06-27 12:30:00,
1.125344261,4946628,Nicole Gibbs,Gibbs v Flipkens,30,2016-06-27 07:38:51.641,4.8,2016-06-27 12:30:00,
1.125344261,4946628,Nicole Gibbs,Gibbs v Flipkens,40,2016-06-27 08:39:12.863,4.4,2016-06-27 12:30:00,
1.125344261,4946628,Nicole Gibbs,Gibbs v Flipkens,50,2016-06-27 09:06:03.414,4.4,2016-06-27 12:30:00,
1.125344261,4946628,Nicole Gibbs,Gibbs v Flipkens,60,2016-06-27 10:11:34.415,4.4,2016-06-27 12:30:00,
1.125344261,4946628,Nicole Gibbs,Gibbs v Flipkens,70,2016-06-27 10:28:34.473,4.3,2016-06-27 12:30:00,
1.125344261,4946628,Nicole Gibbs,Gibbs v Flipkens,80,2016-06-27 11:37:23.913,4.3,2016-06-27 12:38:00,
1.125344261,4946628,Nicole Gibbs,Gibbs v Flipkens,90,2016-06-27 11:46:34.628,4.3,2016-06-27 12:38:00,
1.125344261,4946628,Nicole Gibbs,Gibbs v Flipkens,100,2016-06-27 12:57:35.558,3.95,2016-06-27 13:06:00,
1.125344284,2328045,Karin Knapp,K Knapp v Ana Konjuh,0,2016-06-26 20:23:02.854,2.44,2016-06-28 12:00:00,
1.125344284,2328045,Karin Knapp,K Knapp v Ana Konjuh,10,2016-06-27 21:52:17.339,2.62,2016-06-28 14:30:00,
1.125344284,2328045,Karin Knapp,K Knapp v Ana Konjuh,20,2016-06-28 11:53:49.115,2.5,2016-06-28 14:32:00,
1.125344284,2328045,Karin Knapp,K Knapp v Ana Konjuh,30,2016-06-28 14:22:30.292,2.6,2016-06-28 14:37:00,
1.125344284,2328045,Karin Knapp,K Knapp v Ana Konjuh,40,2016-06-28 15:54:35.450,2.6,2016-06-28 16:10:00,
1.125344284,2328045,Karin Knapp,K Knapp v Ana Konjuh,50,2016-06-28 20:48:33.998,2.58,2016-06-29 10:30:00,
1.125344284,2328045,Karin Knapp,K Knapp v Ana Konjuh,60,2016-06-29 07:35:39.444,2.76,2016-06-29 10:30:00,
1.125344284,2328045,Karin Knapp,K Knapp v Ana Konjuh,70,2016-06-29 09:06:20.778,2.76,2016-06-29 10:30:00,
1.125344284,2328045,Karin Knapp,K Knapp v Ana Konjuh,80,2016-06-29 09:32:36.920,2.9,2016-06-29 10:30:00,
1.125344284,2328045,Karin Knapp,K Knapp v Ana Konjuh,90,2016-06-29 10:24:06.294,2.74,2016-06-29 10:30:00,
1.125344284,2328045,Karin Knapp,K Knapp v Ana Konjuh,100,2016-06-29 11:32:35.271,2.64,2016-06-29 11:45:00,
1.125344284,8173632,Ana Konjuh,K Knapp v Ana Konjuh,0,2016-06-26 18:11:59.165,1.69,2016-06-28 12:00:00,
1.125344284,8173632,Ana Konjuh,K Knapp v Ana Konjuh,10,2016-06-28 06:36:27.304,1.6,2016-06-28 14:30:00,
1.125344284,8173632,Ana Konjuh,K Knapp v Ana Konjuh,20,2016-06-28 10:06:56.411,1.66,2016-06-28 14:30:00,
1.125344284,8173632,Ana Konjuh,K Knapp v Ana Konjuh,30,2016-06-28 13:41:59.695,1.6,2016-06-28 14:37:00,
1.125344284,8173632,Ana Konjuh,K Knapp v Ana Konjuh,40,2016-06-28 15:01:29.286,1.66,2016-06-28 15:07:00,
1.125344284,8173632,Ana Konjuh,K Knapp v Ana Konjuh,50,2016-06-28 16:03:40.051,1.66,2016-06-28 16:10:00,
1.125344284,8173632,Ana Konjuh,K Knapp v Ana Konjuh,60,2016-06-28 20:48:33.998,1.64,2016-06-29 10:30:00,
1.125344284,8173632,Ana Konjuh,K Knapp v Ana Konjuh,70,2016-06-29 06:43:53.500,1.61,2016-06-29 10:30:00,
1.125344284,8173632,Ana Konjuh,K Knapp v Ana Konjuh,80,2016-06-29 09:32:36.920,1.53,2016-06-29 10:30:00,
1.125344284,8173632,Ana Konjuh,K Knapp v Ana Konjuh,90,2016-06-29 10:26:26.416,1.56,2016-06-29 10:30:00,
1.125344284,8173632,Ana Konjuh,K Knapp v Ana Konjuh,100,2016-06-29 11:32:35.271,1.61,2016-06-29 11:45:00,
1.125344299,5053424,Daria Gavrilova,Gavrilova v Q Wang,0,2016-06-26 18:09:41.344,1.34,2016-06-28 12:00:00,
1.125344299,5053424,Daria Gavrilova,Gavrilova v Q Wang,10,2016-06-27 23:17:41.140,1.28,2016-06-28 10:30:00,
1.125344299,5053424,Daria Gavrilova,Gavrilova v Q Wang,20,2016-06-28 04:16:40.207,1.31,2016-06-28 10:30:00,
1.125344299,5053424,Daria Gavrilova,Gavrilova v Q Wang,30,2016-06-28 06:12:02.010,1.32,2016-06-28 10:30:00,
1.125344299,5053424,Daria Gavrilova,Gavrilova v Q Wang,40,2016-06-28 07:33:18.386,1.31,2016-06-28 10:30:00,
1.125344299,5053424,Daria Gavrilova,Gavrilova v Q Wang,50,2016-06-28 08:02:38.333,1.32,2016-06-28 10:30:00,
1.125344299,5053424,Daria Gavrilova,Gavrilova v Q Wang,60,2016-06-28 08:51:53.840,1.35,2016-06-28 10:30:00,
1.125344299,5053424,Daria Gavrilova,Gavrilova v Q Wang,70,2016-06-28 09:34:06.992,1.35,2016-06-28 10:30:00,
1.125344299,5053424,Daria Gavrilova,Gavrilova v Q Wang,80,2016-06-28 10:05:34.613,1.34,2016-06-28 10:30:00,
1.125344299,5053424,Daria Gavrilova,Gavrilova v Q Wang,90,2016-06-28 10:17:35.095,1.34,2016-06-28 10:30:00,
1.125344299,5053424,Daria Gavrilova,Gavrilova v Q Wang,100,2016-06-28 10:29:36.539,1.32,2016-06-28 10:30:00,
1.125344299,6145777,Qiang Wang,Gavrilova v Q Wang,0,2016-06-26 18:09:41.344,3.95,2016-06-28 12:00:00,
1.125344299,6145777,Qiang Wang,Gavrilova v Q Wang,10,2016-06-27 23:17:41.140,4.5,2016-06-28 10:30:00,
1.125344299,6145777,Qiang Wang,Gavrilova v Q Wang,20,2016-06-28 03:53:24.273,4.3,2016-06-28 10:30:00,
1.125344299,6145777,Qiang Wang,Gavrilova v Q Wang,30,2016-06-28 06:12:02.010,4.1,2016-06-28 10:30:00,
1.125344299,6145777,Qiang Wang,Gavrilova v Q Wang,40,2016-06-28 07:04:08.034,4.3,2016-06-28 10:30:00,
1.125344299,6145777,Qiang Wang,Gavrilova v Q Wang,50,2016-06-28 07:50:05.595,3.85,2016-06-28 10:30:00,
1.125344299,6145777,Qiang Wang,Gavrilova v Q Wang,60,2016-06-28 08:20:38.148,4.0,2016-06-28 10:30:00,
1.125344299,6145777,Qiang Wang,Gavrilova v Q Wang,70,2016-06-28 09:42:05.712,3.95,2016-06-28 10:30:00,
1.125344299,6145777,Qiang Wang,Gavrilova v Q Wang,80,2016-06-28 10:02:17.829,3.8,2016-06-28 10:30:00,
1.125344299,6145777,Qiang Wang,Gavrilova v Q Wang,90,2016-06-28 10:24:36.380,3.9,2016-06-28 10:30:00,
1.125344299,6145777,Qiang Wang,Gavrilova v Q Wang,100,2016-06-28 10:29:36.539,4.1,2016-06-28 10:30:00,
1.125344451,2345091,Donald Young,D Young v L Mayer,0,2016-06-24 14:16:53.474,1.95,2016-06-25 12:00:00,
1.125344451,2345091,Donald Young,D Young v L Mayer,10,2016-06-27 21:32:32.806,2.0,2016-06-28 14:30:00,
1.125344451,2345091,Donald Young,D Young v L Mayer,20,2016-06-28 08:49:24.343,1.99,2016-06-28 14:30:00,
1.125344451,2345091,Donald Young,D Young v L Mayer,30,2016-06-28 12:25:50.046,1.96,2016-06-28 14:32:00,
1.125344451,2345091,Donald Young,D Young v L Mayer,40,2016-06-28 14:37:33.822,1.98,2016-06-28 14:48:00,
1.125344451,2345091,Donald Young,D Young v L Mayer,50,2016-06-29 04:25:43.072,1.87,2016-06-29 10:30:00,2016-06-28 14:46:49.537
1.125344451,2345091,Donald Young,D Young v L Mayer,60,2016-06-29 09:29:45.088,1.89,2016-06-29 10:30:00,2016-06-28 14:46:49.537
1.125344451,2345091,Donald Young,D Young v L Mayer,70,2016-06-29 21:38:41.951,1.25,2016-06-30 10:00:00,2016-06-28 14:46:49.537
1.125344451,2345091,Donald Young,D Young v L Mayer,80,2016-06-30 04:49:03.323,1.26,2016-06-30 10:00:00,2016-06-28 14:46:49.537
1.125344451,2345091,Donald Young,D Young v L Mayer,90,2016-06-30 08:07:58.007,1.24,2016-06-30 10:00:00,2016-06-28 14:46:49.537
1.125344451,2345091,Donald Young,D Young v L Mayer,100,2016-06-30 09:58:44.581,1.24,2016-06-30 10:00:00,2016-06-28 14:46:49.537
1.125344451,3186303,Leonardo Mayer,D Young v L Mayer,0,2016-06-24 18:07:47.942,1.97,2016-06-25 12:00:00,
1.125344451,3186303,Leonardo Mayer,D Young v L Mayer,10,2016-06-26 08:00:30.342,1.95,2016-06-27 10:00:00,
1.125344451,3186303,Leonardo Mayer,D Young v L Mayer,20,2016-06-27 18:41:11.513,2.02,2016-06-28 14:30:00,
1.125344451,3186303,Leonardo Mayer,D Young v L Mayer,30,2016-06-28 05:43:31.198,2.02,2016-06-28 14:30:00,
1.125344451,3186303,Leonardo Mayer,D Young v L Mayer,40,2016-06-28 10:34:46.820,2.02,2016-06-28 14:32:00,
1.125344451,3186303,Leonardo Mayer,D Young v L Mayer,50,2016-06-28 12:54:48.194,2.04,2016-06-28 15:02:00,
1.125344451,3186303,Leonardo Mayer,D Young v L Mayer,60,2016-06-28 14:09:46.844,2.06,2016-06-28 15:16:00,
1.125344451,3186303,Leonardo Mayer,D Young v L Mayer,70,2016-06-28 21:05:21.591,2.12,2016-06-29 10:30:00,2016-06-28 14:46:49.537
1.125344451,3186303,Leonardo Mayer,D Young v L Mayer,80,2016-06-29 10:27:50.209,2.1,2016-06-29 10:30:00,2016-06-28 14:46:49.537
1.125344451,3186303,Leonardo Mayer,D Young v L Mayer,90,2016-06-30 04:40:00.372,4.8,2016-06-30 10:00:00,2016-06-28 14:46:49.537
1.125344451,3186303,Leonardo Mayer,D Young v L Mayer,100,2016-06-30 09:55:36.450,5.2,2016-06-30 10:00:00,2016-06-28 14:46:49.537
1.125344472,2249229,Novak Djokovic,N Djokovic v J Ward,0,2016-06-24 10:22:28.336,1.02,2016-06-25 12:00:00,
1.125344472,2249229,Novak Djokovic,N Djokovic v J Ward,10,2016-06-24 18:19:30.491,1.01,2016-06-25 12:00:00,
1.125344472,2249229,Novak Djokovic,N Djokovic v J Ward,20,2016-06-25 05:05:01.629,1.01,2016-06-26 12:00:00,
1.125344472,2249229,Novak Djokovic,N Djokovic v J Ward,30,2016-06-25 10:39:47.010,1.02,2016-06-26 12:00:00,
1.125344472,2249229,Novak Djokovic,N Djokovic v J Ward,40,2016-06-25 23:45:35.829,1.02,2016-06-26 12:00:00,
1.125344472,2249229,Novak Djokovic,N Djokovic v J Ward,50,2016-06-26 08:40:24.922,1.01,2016-06-27 10:00:00,
1.125344472,2249229,Novak Djokovic,N Djokovic v J Ward,60,2016-06-26 10:57:36.207,1.01,2016-06-27 10:00:00,
1.125344472,2249229,Novak Djokovic,N Djokovic v J Ward,70,2016-06-26 12:28:07.717,1.02,2016-06-27 12:00:00,
1.125344472,2249229,Novak Djokovic,N Djokovic v J Ward,80,2016-06-26 14:01:12.599,1.02,2016-06-27 12:00:00,
1.125344472,2249229,Novak Djokovic,N Djokovic v J Ward,90,2016-06-26 15:28:15.179,1.01,2016-06-27 12:00:00,
1.125344472,2249229,Novak Djokovic,N Djokovic v J Ward,100,2016-06-26 17:36:51.415,1.01,2016-06-27 12:00:00,
1.125344472,2370329,James Ward,N Djokovic v J Ward,0,2016-06-24 14:46:23.080,55.0,2016-06-25 12:00:00,
1.125344472,2370329,James Ward,N Djokovic v J Ward,10,2016-06-26 17:40:48.625,100.0,2016-06-27 12:00:00,
1.125344472,2370329,James Ward,N Djokovic v J Ward,20,2016-06-26 21:51:29.839,110.0,2016-06-27 12:00:00,
1.125344472,2370329,James Ward,N Djokovic v J Ward,30,2016-06-27 02:43:32.105,140.0,2016-06-27 12:00:00,
1.125344472,2370329,James Ward,N Djokovic v J Ward,40,2016-06-27 06:38:51.518,120.0,2016-06-27 12:00:00,
1.125344472,2370329,James Ward,N Djokovic v J Ward,50,2016-06-27 07:57:43.897,110.0,2016-06-27 12:00:00,
1.125344472,2370329,James Ward,N Djokovic v J Ward,60,2016-06-27 09:32:48.040,120.0,2016-06-27 12:00:00,
1.125344472,2370329,James Ward,N Djokovic v J Ward,70,2016-06-27 09:58:48.573,130.0,2016-06-27 12:00:00,
1.125344472,2370329,James Ward,N Djokovic v J Ward,80,2016-06-27 11:18:24.455,130.0,2016-06-27 12:00:00,
1.125344472,2370329,James Ward,N Djokovic v J Ward,90,2016-06-27 11:43:50.984,120.0,2016-06-27 12:00:00,
1.125344472,2370329,James Ward,N Djokovic v J Ward,100,2016-06-27 12:03:51.379,110.0,2016-06-27 12:15:00,
1.125344489,2256500,Francesca Schiavone,Sevastova v Schiavone,0,2016-06-26 20:39:37.183,3.7,2016-06-27 16:30:00,
1.125344489,2256500,Francesca Schiavone,Sevastova v Schiavone,10,2016-06-26 21:22:45.495,4.3,2016-06-27 16:30:00,
1.125344489,2256500,Francesca Schiavone,Sevastova v Schiavone,20,2016-06-27 08:08:19.700,4.2,2016-06-27 16:30:00,
1.125344489,2256500,Francesca Schiavone,Sevastova v Schiavone,30,2016-06-27 08:52:41.133,4.1,2016-06-27 16:30:00,
1.125344489,2256500,Francesca Schiavone,Sevastova v Schiavone,40,2016-06-27 10:28:02.487,3.95,2016-06-27 16:30:00,
1.125344489,2256500,Francesca Schiavone,Sevastova v Schiavone,50,2016-06-27 11:04:43.566,4.1,2016-06-27 16:38:00,
1.125344489,2256500,Francesca Schiavone,Sevastova v Schiavone,60,2016-06-27 13:50:42.342,3.85,2016-06-27 16:56:00,
1.125344489,2256500,Francesca Schiavone,Sevastova v Schiavone,70,2016-06-27 14:09:45.084,3.65,2016-06-27 16:03:00,
1.125344489,2256500,Francesca Schiavone,Sevastova v Schiavone,80,2016-06-27 14:11:16.143,4.0,2016-06-27 16:03:00,
1.125344489,2256500,Francesca Schiavone,Sevastova v Schiavone,90,2016-06-27 14:28:50.870,3.9,2016-06-27 16:03:00,
1.125344489,2256500,Francesca Schiavone,Sevastova v Schiavone,100,2016-06-27 16:24:42.225,3.9,2016-06-27 16:33:00,
1.125344489,2422070,Anastasija Sevastova,Sevastova v Schiavone,0,2016-06-26 18:24:59.609,1.37,2016-06-27 16:30:00,
1.125344489,2422070,Anastasija Sevastova,Sevastova v Schiavone,10,2016-06-27 06:42:39.338,1.32,2016-06-27 16:30:00,
1.125344489,2422070,Anastasija Sevastova,Sevastova v Schiavone,20,2016-06-27 08:08:19.700,1.32,2016-06-27 16:30:00,
1.125344489,2422070,Anastasija Sevastova,Sevastova v Schiavone,30,2016-06-27 09:36:49.575,1.34,2016-06-27 16:30:00,
1.125344489,2422070,Anastasija Sevastova,Sevastova v Schiavone,40,2016-06-27 11:04:43.566,1.33,2016-06-27 16:38:00,
1.125344489,2422070,Anastasija Sevastova,Sevastova v Schiavone,50,2016-06-27 13:56:40.848,1.32,2016-06-27 16:56:00,
1.125344489,2422070,Anastasija Sevastova,Sevastova v Schiavone,60,2016-06-27 14:21:10.448,1.33,2016-06-27 16:03:00,
1.125344489,2422070,Anastasija Sevastova,Sevastova v Schiavone,70,2016-06-27 15:21:10.872,1.36,2016-06-27 16:03:00,
1.125344489,2422070,Anastasija Sevastova,Sevastova v Schiavone,80,2016-06-27 15:44:49.532,1.35,2016-06-27 16:03:00,
1.125344489,2422070,Anastasija Sevastova,Sevastova v Schiavone,90,2016-06-27 15:54:13.245,1.35,2016-06-27 16:03:00,
1.125344489,2422070,Anastasija Sevastova,Sevastova v Schiavone,100,2016-06-27 16:30:49.998,1.34,2016-06-27 16:33:00,
1.125344693,2257535,Andreas Seppi,Seppi v Garcia-Lopez,0,2016-06-24 21:10:53.203,1.46,2016-06-25 12:00:00,
1.125344693,2257535,Andreas Seppi,Seppi v Garcia-Lopez,10,2016-06-25 20:58:52.449,1.46,2016-06-26 12:00:00,
1.125344693,2257535,Andreas Seppi,Seppi v Garcia-Lopez,20,2016-06-26 15:10:46.067,1.44,2016-06-27 14:30:00,
1.125344693,2257535,Andreas Seppi,Seppi v Garcia-Lopez,30,2016-06-26 19:57:56.212,1.43,2016-06-27 14:30:00,
1.125344693,2257535,Andreas Seppi,Seppi v Garcia-Lopez,40,2016-06-27 05:21:47.439,1.39,2016-06-27 14:30:00,
1.125344693,2257535,Andreas Seppi,Seppi v Garcia-Lopez,50,2016-06-27 07:50:17.258,1.38,2016-06-27 14:30:00,
1.125344693,2257535,Andreas Seppi,Seppi v Garcia-Lopez,60,2016-06-27 08:43:32.834,1.38,2016-06-27 14:30:00,
1.125344693,2257535,Andreas Seppi,Seppi v Garcia-Lopez,70,2016-06-27 10:53:44.081,1.37,2016-06-27 14:34:00,
1.125344693,2257535,Andreas Seppi,Seppi v Garcia-Lopez,80,2016-06-27 12:52:55.044,1.39,2016-06-27 14:13:00,
1.125344693,2257535,Andreas Seppi,Seppi v Garcia-Lopez,90,2016-06-27 13:22:54.958,1.35,2016-06-27 14:13:00,
1.125344693,2257535,Andreas Seppi,Seppi v Garcia-Lopez,100,2016-06-27 13:48:53.982,1.34,2016-06-27 13:53:00,
1.125344693,8260126,Guillermo Garcia-Lopez,Seppi v Garcia-Lopez,0,2016-06-25 08:42:23.670,3.0,2016-06-26 12:00:00,
1.125344693,8260126,Guillermo Garcia-Lopez,Seppi v Garcia-Lopez,10,2016-06-26 10:43:51.996,3.25,2016-06-27 10:00:00,
1.125344693,8260126,Guillermo Garcia-Lopez,Seppi v Garcia-Lopez,20,2016-06-26 20:44:27.938,3.3,2016-06-27 14:30:00,
1.125344693,8260126,Guillermo Garcia-Lopez,Seppi v Garcia-Lopez,30,2016-06-26 22:58:39.185,3.3,2016-06-27 14:30:00,
1.125344693,8260126,Guillermo Garcia-Lopez,Seppi v Garcia-Lopez,40,2016-06-27 07:14:19.869,3.75,2016-06-27 14:30:00,
1.125344693,8260126,Guillermo Garcia-Lopez,Seppi v Garcia-Lopez,50,2016-06-27 09:20:35.309,3.65,2016-06-27 14:30:00,
1.125344693,8260126,Guillermo Garcia-Lopez,Seppi v Garcia-Lopez,60,2016-06-27 10:09:41.757,3.7,2016-06-27 14:30:00,
1.125344693,8260126,Guillermo Garcia-Lopez,Seppi v Garcia-Lopez,70,2016-06-27 11:17:30.880,3.7,2016-06-27 14:34:00,
1.125344693,8260126,Guillermo Garcia-Lopez,Seppi v Garcia-Lopez,80,2016-06-27 12:27:46.723,3.65,2016-06-27 14:13:00,
1.125344693,8260126,Guillermo Garcia-Lopez,Seppi v Garcia-Lopez,90,2016-06-27 13:08:31.480,3.5,2016-06-27 14:13:00,
1.125344693,8260126,Guillermo Garcia-Lopez,Seppi v Garcia-Lopez,100,2016-06-27 13:46:47.506,3.9,2016-06-27 13:53:00,
1.12534471,2301145,Dominika Cibulkova,Cibulkova v Lucic-Baroni,0,2016-06-25 05:37:30.392,1.43,2016-06-26 12:00:00,
1.12534471,2301145,Dominika Cibulkova,Cibulkova v Lucic-Baroni,10,2016-06-26 21:56:29.414,1.38,2016-06-28 12:00:00,
1.12534471,2301145,Dominika Cibulkova,Cibulkova v Lucic-Baroni,20,2016-06-27 18:36:07.869,1.36,2016-06-28 10:30:00,
1.12534471,2301145,Dominika Cibulkova,Cibulkova v Lucic-Baroni,30,2016-06-27 22:25:08.801,1.36,2016-06-28 10:30:00,
1.12534471,2301145,Dominika Cibulkova,Cibulkova v Lucic-Baroni,40,2016-06-28 04:44:15.003,1.35,2016-06-28 10:30:00,
1.12534471,2301145,Dominika Cibulkova,Cibulkova v Lucic-Baroni,50,2016-06-28 06:59:53.707,1.39,2016-06-28 10:30:00,
1.12534471,2301145,Dominika Cibulkova,Cibulkova v Lucic-Baroni,60,2016-06-28 07:56:17.299,1.42,2016-06-28 10:30:00,
1.12534471,2301145,Dominika Cibulkova,Cibulkova v Lucic-Baroni,70,2016-06-28 08:20:55.915,1.38,2016-06-28 10:30:00,
1.12534471,2301145,Dominika Cibulkova,Cibulkova v Lucic-Baroni,80,2016-06-28 09:23:45.218,1.38,2016-06-28 10:30:00,
1.12534471,2301145,Dominika Cibulkova,Cibulkova v Lucic-Baroni,90,2016-06-28 10:11:51.263,1.39,2016-06-28 10:30:00,
1.12534471,2301145,Dominika Cibulkova,Cibulkova v Lucic-Baroni,100,2016-06-28 10:39:43.305,1.38,2016-06-28 10:45:00,
1.12534471,8283006,Mirjana Lucic-Baroni,Cibulkova v Lucic-Baroni,0,2016-06-25 15:04:06.053,3.2,2016-06-26 12:00:00,
1.12534471,8283006,Mirjana Lucic-Baroni,Cibulkova v Lucic-Baroni,10,2016-06-27 19:55:30.737,3.6,2016-06-28 10:30:00,
1.12534471,8283006,Mirjana Lucic-Baroni,Cibulkova v Lucic-Baroni,20,2016-06-27 22:48:22.292,3.7,2016-06-28 10:30:00,
1.12534471,8283006,Mirjana Lucic-Baroni,Cibulkova v Lucic-Baroni,30,2016-06-28 05:51:34.151,3.75,2016-06-28 10:30:00,
1.12534471,8283006,Mirjana Lucic-Baroni,Cibulkova v Lucic-Baroni,40,2016-06-28 06:59:53.707,3.55,2016-06-28 10:30:00,
1.12534471,8283006,Mirjana Lucic-Baroni,Cibulkova v Lucic-Baroni,50,2016-06-28 07:22:24.955,3.65,2016-06-28 10:30:00,
1.12534471,8283006,Mirjana Lucic-Baroni,Cibulkova v Lucic-Baroni,60,2016-06-28 08:09:56.451,3.55,2016-06-28 10:30:00,
1.12534471,8283006,Mirjana Lucic-Baroni,Cibulkova v Lucic-Baroni,70,2016-06-28 08:55:42.387,3.6,2016-06-28 10:30:00,
1.12534471,8283006,Mirjana Lucic-Baroni,Cibulkova v Lucic-Baroni,80,2016-06-28 10:04:46.640,3.65,2016-06-28 10:30:00,
1.12534471,8283006,Mirjana Lucic-Baroni,Cibulkova v Lucic-Baroni,90,2016-06-28 10:23:51.307,3.6,2016-06-28 10:30:00,
1.12534471,8283006,Mirjana Lucic-Baroni,Cibulkova v Lucic-Baroni,100,2016-06-28 10:39:43.305,3.65,2016-06-28 10:45:00,
1.125344729,4486603,Dustin Brown,Lajovic v Du Brown,0,2016-06-24 13:13:15.782,1.19,2016-06-25 12:00:00,
1.125344729,4486603,Dustin Brown,Lajovic v Du Brown,10,2016-06-25 22:36:44.335,1.14,2016-06-26 12:00:00,
1.125344729,4486603,Dustin Brown,Lajovic v Du Brown,20,2016-06-26 17:30:50.709,1.15,2016-06-28 12:00:00,
1.125344729,4486603,Dustin Brown,Lajovic v Du Brown,30,2016-06-27 20:31:41.036,1.14,2016-06-28 10:30:00,
1.125344729,4486603,Dustin Brown,Lajovic v Du Brown,40,2016-06-28 05:20:47.987,1.15,2016-06-28 10:30:00,
1.125344729,4486603,Dustin Brown,Lajovic v Du Brown,50,2016-06-28 07:20:38.846,1.14,2016-06-28 10:30:00,
1.125344729,4486603,Dustin Brown,Lajovic v Du Brown,60,2016-06-28 08:31:34.780,1.15,2016-06-28 10:30:00,
1.125344729,4486603,Dustin Brown,Lajovic v Du Brown,70,2016-06-28 08:51:53.844,1.14,2016-06-28 10:30:00,
1.125344729,4486603,Dustin Brown,Lajovic v Du Brown,80,2016-06-28 09:48:40.986,1.15,2016-06-28 10:30:00,
1.125344729,4486603,Dustin Brown,Lajovic v Du Brown,90,2016-06-28 10:09:43.483,1.18,2016-06-28 10:30:00,
1.125344729,4486603,Dustin Brown,Lajovic v Du Brown,100,2016-06-28 10:28:51.524,1.18,2016-06-28 10:30:00,
1.125344729,4688724,Dusan Lajovic,Lajovic v Du Brown,0,2016-06-26 08:55:53.368,8.0,2016-06-27 10:00:00,
1.125344729,4688724,Dusan Lajovic,Lajovic v Du Brown,10,2016-06-27 21:12:43.052,8.0,2016-06-28 10:30:00,
1.125344729,4688724,Dusan Lajovic,Lajovic v Du Brown,20,2016-06-27 22:04:47.949,7.8,2016-06-28 10:30:00,
1.125344729,4688724,Dusan Lajovic,Lajovic v Du Brown,30,2016-06-27 23:32:20.399,8.0,2016-06-28 10:30:00,
1.125344729,4688724,Dusan Lajovic,Lajovic v Du Brown,40,2016-06-28 04:44:22.964,8.2,2016-06-28 10:30:00,
1.125344729,4688724,Dusan Lajovic,Lajovic v Du Brown,50,2016-06-28 05:20:47.987,7.6,2016-06-28 10:30:00,
1.125344729,4688724,Dusan Lajovic,Lajovic v Du Brown,60,2016-06-28 07:11:42.298,8.0,2016-06-28 10:30:00,
1.125344729,4688724,Dusan Lajovic,Lajovic v Du Brown,70,2016-06-28 09:14:22.827,8.0,2016-06-28 10:30:00,
1.125344729,4688724,Dusan Lajovic,Lajovic v Du Brown,80,2016-06-28 09:57:54.948,7.4,2016-06-28 10:30:00,
1.125344729,4688724,Dusan Lajovic,Lajovic v Du Brown,90,2016-06-28 10:08:54.667,6.8,2016-06-28 10:30:00,
1.125344729,4688724,Dusan Lajovic,Lajovic v Du Brown,100,2016-06-28 10:24:43.444,6.8,2016-06-28 10:30:00,
1.125344935,2249345,Gilles Simon,Tipsarevic v G Simon,0,2016-06-25 16:00:45.917,1.26,2016-06-26 12:00:00,
1.125344935,2249345,Gilles Simon,Tipsarevic v G Simon,10,2016-06-26 17:44:48.273,1.28,2016-06-27 12:30:00,
1.125344935,2249345,Gilles Simon,Tipsarevic v G Simon,20,2016-06-26 22:59:04.342,1.29,2016-06-27 12:30:00,
1.125344935,2249345,Gilles Simon,Tipsarevic v G Simon,30,2016-06-27 05:04:35.163,1.27,2016-06-27 12:30:00,
1.125344935,2249345,Gilles Simon,Tipsarevic v G Simon,40,2016-06-27 07:36:59.429,1.27,2016-06-27 12:30:00,
1.125344935,2249345,Gilles Simon,Tipsarevic v G Simon,50,2016-06-27 08:30:00.662,1.27,2016-06-27 12:30:00,
1.125344935,2249345,Gilles Simon,Tipsarevic v G Simon,60,2016-06-27 09:13:24.545,1.27,2016-06-27 12:30:00,
1.125344935,2249345,Gilles Simon,Tipsarevic v G Simon,70,2016-06-27 09:40:12.095,1.26,2016-06-27 12:30:00,
1.125344935,2249345,Gilles Simon,Tipsarevic v G Simon,80,2016-06-27 11:14:57.070,1.26,2016-06-27 12:37:00,
1.125344935,2249345,Gilles Simon,Tipsarevic v G Simon,90,2016-06-27 11:47:59.730,1.26,2016-06-27 11:48:00,
1.125344935,2249345,Gilles Simon,Tipsarevic v G Simon,100,2016-06-27 11:59:00.366,1.24,2016-06-27 12:03:00,
1.125344935,2249396,Janko Tipsarevic,Tipsarevic v G Simon,0,2016-06-26 11:44:58.762,4.5,2016-06-27 12:30:00,
1.125344935,2249396,Janko Tipsarevic,Tipsarevic v G Simon,10,2016-06-26 23:48:24.194,4.9,2016-06-27 12:30:00,
1.125344935,2249396,Janko Tipsarevic,Tipsarevic v G Simon,20,2016-06-27 08:43:00.657,4.7,2016-06-27 12:30:00,
1.125344935,2249396,Janko Tipsarevic,Tipsarevic v G Simon,30,2016-06-27 09:14:58.407,4.8,2016-06-27 12:30:00,
1.125344935,2249396,Janko Tipsarevic,Tipsarevic v G Simon,40,2016-06-27 09:55:42.217,4.8,2016-06-27 12:30:00,
1.125344935,2249396,Janko Tipsarevic,Tipsarevic v G Simon,50,2016-06-27 10:39:46.916,4.9,2016-06-27 12:45:00,
1.125344935,2249396,Janko Tipsarevic,Tipsarevic v G Simon,60,2016-06-27 10:44:02.160,5.0,2016-06-27 12:37:00,
1.125344935,2249396,Janko Tipsarevic,Tipsarevic v G Simon,70,2016-06-27 11:20:30.944,4.9,2016-06-27 12:37:00,
1.125344935,2249396,Janko Tipsarevic,Tipsarevic v G Simon,80,2016-06-27 11:31:00.034,4.8,2016-06-27 12:37:00,
1.125344935,2249396,Janko Tipsarevic,Tipsarevic v G Simon,90,2016-06-27 11:57:02.474,5.0,2016-06-27 12:03:00,
1.125344935,2249396,Janko Tipsarevic,Tipsarevic v G Simon,100,2016-06-27 11:59:00.366,5.3,2016-06-27 12:03:00,
1.125344952,4625563,Simona Halep,Halep v A Schmiedlova,0,2016-06-25 05:00:00.859,1.11,2016-06-26 12:00:00,
1.125344952,4625563,Simona Halep,Halep v A Schmiedlova,10,2016-06-26 11:53:53.138,1.1,2016-06-27 16:30:00,
1.125344952,4625563,Simona Halep,Halep v A Schmiedlova,20,2016-06-26 19:35:48.428,1.12,2016-06-27 16:30:00,
1.125344952,4625563,Simona Halep,Halep v A Schmiedlova,30,2016-06-27 05:36:52.361,1.14,2016-06-27 16:30:00,
1.125344952,4625563,Simona Halep,Halep v A Schmiedlova,40,2016-06-27 08:38:48.314,1.13,2016-06-27 16:30:00,
1.125344952,4625563,Simona Halep,Halep v A Schmiedlova,50,2016-06-27 11:49:19.757,1.12,2016-06-27 16:37:00,
1.125344952,4625563,Simona Halep,Halep v A Schmiedlova,60,2016-06-27 13:48:02.907,1.12,2016-06-27 16:59:00,
1.125344952,4625563,Simona Halep,Halep v A Schmiedlova,70,2016-06-27 14:18:00.138,1.12,2016-06-27 16:31:00,
1.125344952,4625563,Simona Halep,Halep v A Schmiedlova,80,2016-06-27 14:42:55.116,1.12,2016-06-27 16:19:00,
1.125344952,4625563,Simona Halep,Halep v A Schmiedlova,90,2016-06-27 15:47:34.199,1.11,2016-06-27 16:19:00,
1.125344952,4625563,Simona Halep,Halep v A Schmiedlova,100,2016-06-27 16:37:59.922,1.12,2016-06-27 16:47:00,
1.125344952,11107655,Anna Karolina Schmiedlo,Halep v A Schmiedlova,0,2016-06-25 05:00:00.859,8.4,2016-06-26 12:00:00,
1.125344952,11107655,Anna Karolina Schmiedlo,Halep v A Schmiedlova,10,2016-06-26 11:58:11.133,8.0,2016-06-27 16:30:00,
1.125344952,11107655,Anna Karolina Schmiedlo,Halep v A Schmiedlova,20,2016-06-26 16:03:29.068,8.0,2016-06-27 16:30:00,
1.125344952,11107655,Anna Karolina Schmiedlo,Halep v A Schmiedlova,30,2016-06-27 03:24:12.796,7.0,2016-06-27 16:30:00,
1.125344952,11107655,Anna Karolina Schmiedlo,Halep v A Schmiedlova,40,2016-06-27 08:35:27.839,7.8,2016-06-27 16:30:00,
1.125344952,11107655,Anna Karolina Schmiedlo,Halep v A Schmiedlova,50,2016-06-27 11:37:58.282,8.6,2016-06-27 16:37:00,
1.125344952,11107655,Anna Karolina Schmiedlo,Halep v A Schmiedlova,60,2016-06-27 14:25:51.725,9.2,2016-06-27 16:19:00,
1.125344952,11107655,Anna Karolina Schmiedlo,Halep v A Schmiedlova,70,2016-06-27 14:54:04.009,9.6,2016-06-27 16:19:00,
1.125344952,11107655,Anna Karolina Schmiedlo,Halep v A Schmiedlova,80,2016-06-27 15:22:00.830,9.6,2016-06-27 16:19:00,
1.125344952,11107655,Anna Karolina Schmiedlo,Halep v A Schmiedlova,90,2016-06-27 16:18:05.618,9.4,2016-06-27 16:19:00,
1.125344952,11107655,Anna Karolina Schmiedlo,Halep v A Schmiedlova,100,2016-06-27 16:39:05.251,9.8,2016-06-27 16:47:00,
1.125344971,2249399,Richard Gasquet,Gasquet v Al Bedene,0,2016-06-24 14:11:32.978,1.11,2016-06-25 12:00:00,
1.125344971,2249399,Richard Gasquet,Gasquet v Al Bedene,10,2016-06-26 10:25:46.317,1.12,2016-06-27 10:00:00,
1.125344971,2249399,Richard Gasquet,Gasquet v Al Bedene,20,2016-06-27 11:40:01.819,1.11,2016-06-28 12:00:00,
1.125344971,2249399,Richard Gasquet,Gasquet v Al Bedene,30,2016-06-27 20:54:04.519,1.11,2016-06-28 10:30:00,
1.125344971,2249399,Richard Gasquet,Gasquet v Al Bedene,40,2016-06-27 22:42:52.441,1.1,2016-06-28 10:30:00,
1.125344971,2249399,Richard Gasquet,Gasquet v Al Bedene,50,2016-06-28 04:22:31.355,1.1,2016-06-28 10:30:00,
1.125344971,2249399,Richard Gasquet,Gasquet v Al Bedene,60,2016-06-28 06:22:46.115,1.09,2016-06-28 10:30:00,
1.125344971,2249399,Richard Gasquet,Gasquet v Al Bedene,70,2016-06-28 07:36:27.792,1.1,2016-06-28 10:30:00,
1.125344971,2249399,Richard Gasquet,Gasquet v Al Bedene,80,2016-06-28 08:41:42.928,1.1,2016-06-28 10:30:00,
1.125344971,2249399,Richard Gasquet,Gasquet v Al Bedene,90,2016-06-28 09:57:59.592,1.09,2016-06-28 10:30:00,
1.125344971,2249399,Richard Gasquet,Gasquet v Al Bedene,100,2016-06-28 10:39:03.487,1.1,2016-06-28 10:45:00,
1.125344971,5706996,Aljaz Bedene,Gasquet v Al Bedene,0,2016-06-26 11:35:31.215,9.2,2016-06-28 12:00:00,
1.125344971,5706996,Aljaz Bedene,Gasquet v Al Bedene,10,2016-06-27 18:41:11.562,9.2,2016-06-28 10:30:00,
1.125344971,5706996,Aljaz Bedene,Gasquet v Al Bedene,20,2016-06-27 21:21:59.547,9.6,2016-06-28 10:30:00,
1.125344971,5706996,Aljaz Bedene,Gasquet v Al Bedene,30,2016-06-27 22:11:47.756,10.0,2016-06-28 10:30:00,
1.125344971,5706996,Aljaz Bedene,Gasquet v Al Bedene,40,2016-06-28 04:18:39.170,11.0,2016-06-28 10:30:00,
1.125344971,5706996,Aljaz Bedene,Gasquet v Al Bedene,50,2016-06-28 05:49:19.809,11.5,2016-06-28 10:30:00,
1.125344971,5706996,Aljaz Bedene,Gasquet v Al Bedene,60,2016-06-28 07:36:27.792,11.0,2016-06-28 10:30:00,
1.125344971,5706996,Aljaz Bedene,Gasquet v Al Bedene,70,2016-06-28 08:56:05.955,10.5,2016-06-28 10:30:00,
1.125344971,5706996,Aljaz Bedene,Gasquet v Al Bedene,80,2016-06-28 10:12:47.959,12.0,2016-06-28 10:30:00,
1.125344971,5706996,Aljaz Bedene,Gasquet v Al Bedene,90,2016-06-28 10:26:01.911,11.0,2016-06-28 10:30:00,
1.125344971,5706996,Aljaz Bedene,Gasquet v Al Bedene,100,2016-06-28 10:38:03.233,11.5,2016-06-28 10:45:00,
1.125345162,2263599,Albert Montanes,Millman v Montanes,0,2016-06-25 10:38:49.830,7.8,2016-06-26 12:00:00,
1.125345162,2263599,Albert Montanes,Millman v Montanes,10,2016-06-27 20:01:17.789,8.2,2016-06-28 10:30:00,
1.125345162,2263599,Albert Montanes,Millman v Montanes,20,2016-06-27 21:13:15.004,8.0,2016-06-28 10:30:00,
1.125345162,2263599,Albert Montanes,Millman v Montanes,30,2016-06-28 00:53:59.275,7.8,2016-06-28 10:30:00,
1.125345162,2263599,Albert Montanes,Millman v Montanes,40,2016-06-28 05:51:11.373,8.4,2016-06-28 10:30:00,
1.125345162,2263599,Albert Montanes,Millman v Montanes,50,2016-06-28 08:11:47.149,8.4,2016-06-28 10:30:00,
1.125345162,2263599,Albert Montanes,Millman v Montanes,60,2016-06-28 08:49:00.459,7.8,2016-06-28 10:30:00,
1.125345162,2263599,Albert Montanes,Millman v Montanes,70,2016-06-28 09:35:57.950,8.2,2016-06-28 10:30:00,
1.125345162,2263599,Albert Montanes,Millman v Montanes,80,2016-06-28 10:16:11.463,8.6,2016-06-28 10:30:00,
1.125345162,2263599,Albert Montanes,Millman v Montanes,90,2016-06-28 10:28:05.563,8.6,2016-06-28 10:30:00,
1.125345162,2263599,Albert Montanes,Millman v Montanes,100,2016-06-28 10:39:05.001,8.0,2016-06-28 10:45:00,
1.125345162,4415206,John Millman,Millman v Montanes,0,2016-06-24 18:32:52.368,1.16,2016-06-25 12:00:00,
1.125345162,4415206,John Millman,Millman v Montanes,10,2016-06-26 11:14:12.520,1.15,2016-06-27 10:00:00,
1.125345162,4415206,John Millman,Millman v Montanes,20,2016-06-27 19:02:34.313,1.14,2016-06-28 10:30:00,
1.125345162,4415206,John Millman,Millman v Montanes,30,2016-06-27 22:18:31.973,1.15,2016-06-28 10:30:00,
1.125345162,4415206,John Millman,Millman v Montanes,40,2016-06-28 05:51:11.373,1.14,2016-06-28 10:30:00,
1.125345162,4415206,John Millman,Millman v Montanes,50,2016-06-28 07:09:57.515,1.15,2016-06-28 10:30:00,
1.125345162,4415206,John Millman,Millman v Montanes,60,2016-06-28 07:58:20.563,1.13,2016-06-28 10:30:00,
1.125345162,4415206,John Millman,Millman v Montanes,70,2016-06-28 09:24:47.521,1.13,2016-06-28 10:30:00,
1.125345162,4415206,John Millman,Millman v Montanes,80,2016-06-28 09:59:26.779,1.13,2016-06-28 10:30:00,
1.125345162,4415206,John Millman,Millman v Montanes,90,2016-06-28 10:26:10.303,1.13,2016-06-28 10:30:00,
1.125345162,4415206,John Millman,Millman v Montanes,100,2016-06-28 10:39:05.001,1.14,2016-06-28 10:45:00,
1.125345183,4903598,Vasek Pospisil,V Pospisil v Ramos-Vinolas,0,2016-06-26 17:47:51.067,1.27,2016-06-28 12:00:00,
1.125345183,4903598,Vasek Pospisil,V Pospisil v Ramos-Vinolas,10,2016-06-27 11:47:43.945,1.28,2016-06-28 12:00:00,
1.125345183,4903598,Vasek Pospisil,V Pospisil v Ramos-Vinolas,20,2016-06-27 21:52:22.963,1.33,2016-06-28 10:30:00,
1.125345183,4903598,Vasek Pospisil,V Pospisil v Ramos-Vinolas,30,2016-06-27 23:47:08.520,1.3,2016-06-28 10:30:00,
1.125345183,4903598,Vasek Pospisil,V Pospisil v Ramos-Vinolas,40,2016-06-28 05:59:48.208,1.31,2016-06-28 10:30:00,
1.125345183,4903598,Vasek Pospisil,V Pospisil v Ramos-Vinolas,50,2016-06-28 08:21:14.359,1.33,2016-06-28 10:30:00,
1.125345183,4903598,Vasek Pospisil,V Pospisil v Ramos-Vinolas,60,2016-06-28 08:52:00.108,1.32,2016-06-28 10:30:00,
1.125345183,4903598,Vasek Pospisil,V Pospisil v Ramos-Vinolas,70,2016-06-28 09:39:56.354,1.33,2016-06-28 10:30:00,
1.125345183,4903598,Vasek Pospisil,V Pospisil v Ramos-Vinolas,80,2016-06-28 10:12:14.712,1.37,2016-06-28 10:30:00,
1.125345183,4903598,Vasek Pospisil,V Pospisil v Ramos-Vinolas,90,2016-06-28 10:20:13.183,1.41,2016-06-28 10:30:00,
1.125345183,4903598,Vasek Pospisil,V Pospisil v Ramos-Vinolas,100,2016-06-28 10:32:08.097,1.43,2016-06-28 10:45:00,
1.125345183,8621877,Albert Ramos-Vinolas,V Pospisil v Ramos-Vinolas,0,2016-06-25 09:31:52.959,4.3,2016-06-26 12:00:00,
1.125345183,8621877,Albert Ramos-Vinolas,V Pospisil v Ramos-Vinolas,10,2016-06-27 21:10:01.784,4.1,2016-06-28 10:30:00,
1.125345183,8621877,Albert Ramos-Vinolas,V Pospisil v Ramos-Vinolas,20,2016-06-27 23:47:08.520,4.3,2016-06-28 10:30:00,
1.125345183,8621877,Albert Ramos-Vinolas,V Pospisil v Ramos-Vinolas,30,2016-06-28 05:45:10.523,4.3,2016-06-28 10:30:00,
1.125345183,8621877,Albert Ramos-Vinolas,V Pospisil v Ramos-Vinolas,40,2016-06-28 07:55:07.091,4.3,2016-06-28 10:30:00,
1.125345183,8621877,Albert Ramos-Vinolas,V Pospisil v Ramos-Vinolas,50,2016-06-28 08:56:48.143,4.0,2016-06-28 10:30:00,
1.125345183,8621877,Albert Ramos-Vinolas,V Pospisil v Ramos-Vinolas,60,2016-06-28 09:21:46.164,4.0,2016-06-28 10:30:00,
1.125345183,8621877,Albert Ramos-Vinolas,V Pospisil v Ramos-Vinolas,70,2016-06-28 09:44:27.936,4.0,2016-06-28 10:30:00,
1.125345183,8621877,Albert Ramos-Vinolas,V Pospisil v Ramos-Vinolas,80,2016-06-28 10:06:12.859,3.75,2016-06-28 10:30:00,
1.125345183,8621877,Albert Ramos-Vinolas,V Pospisil v Ramos-Vinolas,90,2016-06-28 10:18:06.875,3.55,2016-06-28 10:30:00,
1.125345183,8621877,Albert Ramos-Vinolas,V Pospisil v Ramos-Vinolas,100,2016-06-28 10:28:06.522,3.3,2016-06-28 10:30:00,
1.125345204,4290403,Roberto Bautista Agut,Bautista Agut v Jor Thompson,0,2016-06-24 17:11:14.296,1.17,2016-06-25 12:00:00,
1.125345204,4290403,Roberto Bautista Agut,Bautista Agut v Jor Thompson,10,2016-06-26 00:05:46.407,1.15,2016-06-26 12:00:00,
1.125345204,4290403,Roberto Bautista Agut,Bautista Agut v Jor Thompson,20,2016-06-26 22:19:01.225,1.13,2016-06-28 12:00:00,
1.125345204,4290403,Roberto Bautista Agut,Bautista Agut v Jor Thompson,30,2016-06-27 17:55:22.422,1.13,2016-06-28 12:00:00,
1.125345204,4290403,Roberto Bautista Agut,Bautista Agut v Jor Thompson,40,2016-06-27 22:41:58.316,1.13,2016-06-28 12:30:00,
1.125345204,4290403,Roberto Bautista Agut,Bautista Agut v Jor Thompson,50,2016-06-28 06:58:31.794,1.12,2016-06-28 12:30:00,
1.125345204,4290403,Roberto Bautista Agut,Bautista Agut v Jor Thompson,60,2016-06-28 07:59:41.626,1.12,2016-06-28 12:30:00,
1.125345204,4290403,Roberto Bautista Agut,Bautista Agut v Jor Thompson,70,2016-06-28 09:23:42.901,1.14,2016-06-28 12:30:00,
1.125345204,4290403,Roberto Bautista Agut,Bautista Agut v Jor Thompson,80,2016-06-28 11:06:13.742,1.14,2016-06-28 12:28:00,
1.125345204,4290403,Roberto Bautista Agut,Bautista Agut v Jor Thompson,90,2016-06-28 12:14:00.111,1.14,2016-06-28 12:28:00,
1.125345204,4290403,Roberto Bautista Agut,Bautista Agut v Jor Thompson,100,2016-06-28 13:06:54.334,1.11,2016-06-28 13:13:00,
1.125345204,8145584,Jordan Thompson,Bautista Agut v Jor Thompson,0,2016-06-25 03:36:36.189,6.4,2016-06-26 12:00:00,
1.125345204,8145584,Jordan Thompson,Bautista Agut v Jor Thompson,10,2016-06-26 11:42:33.411,7.6,2016-06-28 12:00:00,
1.125345204,8145584,Jordan Thompson,Bautista Agut v Jor Thompson,20,2016-06-27 21:17:36.198,9.2,2016-06-28 12:30:00,
1.125345204,8145584,Jordan Thompson,Bautista Agut v Jor Thompson,30,2016-06-27 23:06:12.216,9.4,2016-06-28 12:30:00,
1.125345204,8145584,Jordan Thompson,Bautista Agut v Jor Thompson,40,2016-06-28 00:15:39.974,10.5,2016-06-28 12:30:00,
1.125345204,8145584,Jordan Thompson,Bautista Agut v Jor Thompson,50,2016-06-28 05:59:27.479,9.8,2016-06-28 12:30:00,
1.125345204,8145584,Jordan Thompson,Bautista Agut v Jor Thompson,60,2016-06-28 08:19:30.617,9.2,2016-06-28 12:30:00,
1.125345204,8145584,Jordan Thompson,Bautista Agut v Jor Thompson,70,2016-06-28 10:33:54.917,8.2,2016-06-28 12:28:00,
1.125345204,8145584,Jordan Thompson,Bautista Agut v Jor Thompson,80,2016-06-28 12:20:24.106,8.4,2016-06-28 12:28:00,
1.125345204,8145584,Jordan Thompson,Bautista Agut v Jor Thompson,90,2016-06-28 12:44:42.580,9.2,2016-06-28 12:58:00,
1.125345204,8145584,Jordan Thompson,Bautista Agut v Jor Thompson,100,2016-06-28 13:14:06.547,9.4,2016-06-28 13:24:00,
1.12534542,2256469,Marcos Baghdatis,Isner v M Baghdatis,0,2016-06-25 05:10:01.119,2.84,2016-06-26 12:00:00,
1.12534542,2256469,Marcos Baghdatis,Isner v M Baghdatis,10,2016-06-27 23:18:45.781,3.0,2016-06-28 14:30:00,
1.12534542,2256469,Marcos Baghdatis,Isner v M Baghdatis,20,2016-06-28 09:23:50.473,2.94,2016-06-28 14:30:00,
1.12534542,2256469,Marcos Baghdatis,Isner v M Baghdatis,30,2016-06-28 12:12:18.814,2.94,2016-06-28 14:38:00,
1.12534542,2256469,Marcos Baghdatis,Isner v M Baghdatis,40,2016-06-28 14:28:03.700,2.92,2016-06-28 14:40:00,
1.12534542,2256469,Marcos Baghdatis,Isner v M Baghdatis,50,2016-06-28 19:06:08.773,2.94,2016-06-28 19:10:00,
1.12534542,2256469,Marcos Baghdatis,Isner v M Baghdatis,60,2016-06-29 06:52:00.456,3.1,2016-06-29 10:30:00,
1.12534542,2256469,Marcos Baghdatis,Isner v M Baghdatis,70,2016-06-29 08:56:10.743,3.35,2016-06-29 10:30:00,
1.12534542,2256469,Marcos Baghdatis,Isner v M Baghdatis,80,2016-06-29 11:23:18.263,3.25,2016-06-29 11:30:00,
1.12534542,2256469,Marcos Baghdatis,Isner v M Baghdatis,90,2016-06-30 05:00:57.040,2.8,2016-06-30 10:00:00,2016-06-29 11:39:19.245
1.12534542,2256469,Marcos Baghdatis,Isner v M Baghdatis,100,2016-06-30 10:07:21.020,2.74,2016-06-30 10:15:00,2016-06-29 11:39:19.245
1.12534542,2474763,John Isner,Isner v M Baghdatis,0,2016-06-24 21:53:04.807,1.57,2016-06-25 12:00:00,
1.12534542,2474763,John Isner,Isner v M Baghdatis,10,2016-06-27 21:24:18.075,1.55,2016-06-28 14:30:00,
1.12534542,2474763,John Isner,Isner v M Baghdatis,20,2016-06-28 08:10:21.101,1.51,2016-06-28 14:30:00,
1.12534542,2474763,John Isner,Isner v M Baghdatis,30,2016-06-28 13:32:58.236,1.53,2016-06-28 14:40:00,
1.12534542,2474763,John Isner,Isner v M Baghdatis,40,2016-06-28 15:40:14.943,1.49,2016-06-28 15:55:00,
1.12534542,2474763,John Isner,Isner v M Baghdatis,50,2016-06-28 19:31:02.027,1.53,2016-06-29 12:00:00,
1.12534542,2474763,John Isner,Isner v M Baghdatis,60,2016-06-29 06:53:13.138,1.47,2016-06-29 10:30:00,
1.12534542,2474763,John Isner,Isner v M Baghdatis,70,2016-06-29 09:42:07.962,1.42,2016-06-29 10:30:00,
1.12534542,2474763,John Isner,Isner v M Baghdatis,80,2016-06-29 21:32:44.556,1.52,2016-06-30 10:00:00,2016-06-29 11:39:19.245
1.12534542,2474763,John Isner,Isner v M Baghdatis,90,2016-06-30 04:48:14.320,1.58,2016-06-30 10:00:00,2016-06-29 11:39:19.245
1.12534542,2474763,John Isner,Isner v M Baghdatis,100,2016-06-30 10:07:21.020,1.57,2016-06-30 10:15:00,2016-06-29 11:39:19.245
1.125345437,4174996,Annika Beck,H Watson v Ann Beck,0,2016-06-25 00:21:58.268,2.88,2016-06-26 12:00:00,
1.125345437,4174996,Annika Beck,H Watson v Ann Beck,10,2016-06-28 13:17:15.722,3.15,2016-06-28 17:29:00,
1.125345437,4174996,Annika Beck,H Watson v Ann Beck,20,2016-06-28 20:59:21.385,3.4,2016-06-29 10:30:00,
1.125345437,4174996,Annika Beck,H Watson v Ann Beck,30,2016-06-29 10:03:09.261,3.35,2016-06-29 10:30:00,
1.125345437,4174996,Annika Beck,H Watson v Ann Beck,40,2016-06-29 20:40:55.595,1.71,2016-06-30 10:00:00,2016-06-29 11:33:23.111
1.125345437,4174996,Annika Beck,H Watson v Ann Beck,50,2016-06-29 22:15:17.337,1.71,2016-06-30 10:00:00,2016-06-29 11:33:23.111
1.125345437,4174996,Annika Beck,H Watson v Ann Beck,60,2016-06-30 03:41:16.215,1.71,2016-06-30 10:00:00,2016-06-29 11:33:23.111
1.125345437,4174996,Annika Beck,H Watson v Ann Beck,70,2016-06-30 06:09:04.437,1.72,2016-06-30 10:00:00,2016-06-29 11:33:23.111
1.125345437,4174996,Annika Beck,H Watson v Ann Beck,80,2016-06-30 07:52:45.049,1.69,2016-06-30 10:00:00,2016-06-29 11:33:23.111
1.125345437,4174996,Annika Beck,H Watson v Ann Beck,90,2016-06-30 09:07:07.800,1.68,2016-06-30 10:00:00,2016-06-29 11:33:23.111
1.125345437,4174996,Annika Beck,H Watson v Ann Beck,100,2016-06-30 09:57:17.532,1.78,2016-06-30 10:00:00,2016-06-29 11:33:23.111
1.125345437,4174997,Heather Watson,H Watson v Ann Beck,0,2016-06-24 14:51:05.957,1.52,2016-06-25 12:00:00,
1.125345437,4174997,Heather Watson,H Watson v Ann Beck,10,2016-06-27 21:22:05.115,1.53,2016-06-28 16:30:00,
1.125345437,4174997,Heather Watson,H Watson v Ann Beck,20,2016-06-28 11:00:14.398,1.48,2016-06-28 16:33:00,
1.125345437,4174997,Heather Watson,H Watson v Ann Beck,30,2016-06-28 14:52:40.986,1.46,2016-06-28 17:21:00,
1.125345437,4174997,Heather Watson,H Watson v Ann Beck,40,2016-06-28 19:32:23.587,1.46,2016-06-29 10:30:00,
1.125345437,4174997,Heather Watson,H Watson v Ann Beck,50,2016-06-29 05:13:18.506,1.42,2016-06-29 10:30:00,
1.125345437,4174997,Heather Watson,H Watson v Ann Beck,60,2016-06-29 08:07:33.299,1.41,2016-06-29 10:30:00,
1.125345437,4174997,Heather Watson,H Watson v Ann Beck,70,2016-06-29 11:04:23.137,1.42,2016-06-29 11:15:00,
1.125345437,4174997,Heather Watson,H Watson v Ann Beck,80,2016-06-30 00:33:54.377,2.38,2016-06-30 10:00:00,2016-06-29 11:33:23.111
1.125345437,4174997,Heather Watson,H Watson v Ann Beck,90,2016-06-30 08:10:20.895,2.48,2016-06-30 10:00:00,2016-06-29 11:33:23.111
1.125345437,4174997,Heather Watson,H Watson v Ann Beck,100,2016-06-30 09:57:17.532,2.28,2016-06-30 10:00:00,2016-06-29 11:33:23.111
1.125345456,4829260,Denis Kudla,Dzumhur v Kudla,0,2016-06-25 10:20:16.447,1.31,2016-06-26 12:00:00,
1.125345456,4829260,Denis Kudla,Dzumhur v Kudla,10,2016-06-26 20:21:48.736,1.31,2016-06-27 10:30:00,
1.125345456,4829260,Denis Kudla,Dzumhur v Kudla,20,2016-06-27 00:31:23.785,1.29,2016-06-27 10:30:00,
1.125345456,4829260,Denis Kudla,Dzumhur v Kudla,30,2016-06-27 03:38:20.227,1.31,2016-06-27 10:30:00,
1.125345456,4829260,Denis Kudla,Dzumhur v Kudla,40,2016-06-27 06:05:30.496,1.3,2016-06-27 10:30:00,
1.125345456,4829260,Denis Kudla,Dzumhur v Kudla,50,2016-06-27 07:05:12.829,1.31,2016-06-27 10:30:00,
1.125345456,4829260,Denis Kudla,Dzumhur v Kudla,60,2016-06-27 09:04:03.715,1.31,2016-06-27 10:30:00,
1.125345456,4829260,Denis Kudla,Dzumhur v Kudla,70,2016-06-27 09:30:20.874,1.3,2016-06-27 10:30:00,
1.125345456,4829260,Denis Kudla,Dzumhur v Kudla,80,2016-06-27 10:10:10.006,1.33,2016-06-27 10:30:00,
1.125345456,4829260,Denis Kudla,Dzumhur v Kudla,90,2016-06-27 10:27:14.927,1.34,2016-06-27 10:30:00,
1.125345456,4829260,Denis Kudla,Dzumhur v Kudla,100,2016-06-27 10:39:09.187,1.34,2016-06-27 10:45:00,
1.125345456,7414058,Damir Dzumhur,Dzumhur v Kudla,0,2016-06-24 21:46:14.341,4.0,2016-06-25 12:00:00,
1.125345456,7414058,Damir Dzumhur,Dzumhur v Kudla,10,2016-06-25 13:34:30.312,4.4,2016-06-26 12:00:00,
1.125345456,7414058,Damir Dzumhur,Dzumhur v Kudla,20,2016-06-26 20:47:54.427,4.0,2016-06-27 10:30:00,
1.125345456,7414058,Damir Dzumhur,Dzumhur v Kudla,30,2016-06-26 23:37:59.652,4.1,2016-06-27 10:30:00,
1.125345456,7414058,Damir Dzumhur,Dzumhur v Kudla,40,2016-06-27 02:54:15.370,4.3,2016-06-27 10:30:00,
1.125345456,7414058,Damir Dzumhur,Dzumhur v Kudla,50,2016-06-27 06:11:22.588,4.2,2016-06-27 10:30:00,
1.125345456,7414058,Damir Dzumhur,Dzumhur v Kudla,60,2016-06-27 07:48:14.625,4.4,2016-06-27 10:30:00,
1.125345456,7414058,Damir Dzumhur,Dzumhur v Kudla,70,2016-06-27 08:44:09.876,4.5,2016-06-27 10:30:00,
1.125345456,7414058,Damir Dzumhur,Dzumhur v Kudla,80,2016-06-27 09:39:09.540,4.1,2016-06-27 10:30:00,
1.125345456,7414058,Damir Dzumhur,Dzumhur v Kudla,90,2016-06-27 10:17:18.461,4.1,2016-06-27 10:30:00,
1.125345456,7414058,Damir Dzumhur,Dzumhur v Kudla,100,2016-06-27 10:31:22.647,4.0,2016-06-27 10:45:00,
1.125345646,4190307,Jo-Wilfried Tsonga,Cervantes v Tsonga,0,2016-06-24 14:04:50.629,1.14,2016-06-25 12:00:00,
1.125345646,4190307,Jo-Wilfried Tsonga,Cervantes v Tsonga,10,2016-06-26 08:59:44.812,1.09,2016-06-27 10:00:00,
1.125345646,4190307,Jo-Wilfried Tsonga,Cervantes v Tsonga,20,2016-06-27 07:50:23.925,1.1,2016-06-28 12:00:00,
1.125345646,4190307,Jo-Wilfried Tsonga,Cervantes v Tsonga,30,2016-06-27 19:47:45.022,1.09,2016-06-28 10:30:00,
1.125345646,4190307,Jo-Wilfried Tsonga,Cervantes v Tsonga,40,2016-06-27 21:44:15.194,1.1,2016-06-28 10:30:00,
1.125345646,4190307,Jo-Wilfried Tsonga,Cervantes v Tsonga,50,2016-06-28 01:18:09.291,1.09,2016-06-28 10:30:00,
1.125345646,4190307,Jo-Wilfried Tsonga,Cervantes v Tsonga,60,2016-06-28 06:43:15.622,1.09,2016-06-28 10:30:00,
1.125345646,4190307,Jo-Wilfried Tsonga,Cervantes v Tsonga,70,2016-06-28 07:58:41.886,1.08,2016-06-28 10:30:00,
1.125345646,4190307,Jo-Wilfried Tsonga,Cervantes v Tsonga,80,2016-06-28 08:49:00.352,1.07,2016-06-28 10:30:00,
1.125345646,4190307,Jo-Wilfried Tsonga,Cervantes v Tsonga,90,2016-06-28 10:06:04.075,1.07,2016-06-28 10:30:00,
1.125345646,4190307,Jo-Wilfried Tsonga,Cervantes v Tsonga,100,2016-06-28 10:36:28.743,1.08,2016-06-28 10:45:00,
1.125345646,6297238,Inigo Cervantes,Cervantes v Tsonga,0,2016-06-24 20:49:59.850,9.8,2016-06-25 12:00:00,
1.125345646,6297238,Inigo Cervantes,Cervantes v Tsonga,10,2016-06-27 21:04:29.621,13.5,2016-06-28 10:30:00,
1.125345646,6297238,Inigo Cervantes,Cervantes v Tsonga,20,2016-06-27 21:58:53.172,11.5,2016-06-28 10:30:00,
1.125345646,6297238,Inigo Cervantes,Cervantes v Tsonga,30,2016-06-28 01:19:19.103,12.5,2016-06-28 10:30:00,
1.125345646,6297238,Inigo Cervantes,Cervantes v Tsonga,40,2016-06-28 06:48:14.349,13.0,2016-06-28 10:30:00,
1.125345646,6297238,Inigo Cervantes,Cervantes v Tsonga,50,2016-06-28 08:30:18.158,14.5,2016-06-28 10:30:00,
1.125345646,6297238,Inigo Cervantes,Cervantes v Tsonga,60,2016-06-28 09:03:28.100,13.5,2016-06-28 10:30:00,
1.125345646,6297238,Inigo Cervantes,Cervantes v Tsonga,70,2016-06-28 09:47:05.354,13.5,2016-06-28 10:30:00,
1.125345646,6297238,Inigo Cervantes,Cervantes v Tsonga,80,2016-06-28 09:59:28.363,13.0,2016-06-28 10:30:00,
1.125345646,6297238,Inigo Cervantes,Cervantes v Tsonga,90,2016-06-28 10:16:53.521,13.5,2016-06-28 10:30:00,
1.125345646,6297238,Inigo Cervantes,Cervantes v Tsonga,100,2016-06-28 10:39:24.833,13.0,2016-06-28 10:45:00,
1.125345663,2252607,Jelena Jankovic,J Jankovic v Voegele,0,2016-06-26 03:41:35.208,1.38,2016-06-27 12:00:00,
1.125345663,2252607,Jelena Jankovic,J Jankovic v Voegele,10,2016-06-27 08:36:21.633,1.32,2016-06-27 16:30:00,
1.125345663,2252607,Jelena Jankovic,J Jankovic v Voegele,20,2016-06-27 13:16:56.411,1.34,2016-06-27 15:57:00,
1.125345663,2252607,Jelena Jankovic,J Jankovic v Voegele,30,2016-06-27 14:05:10.804,1.31,2016-06-27 16:12:00,
1.125345663,2252607,Jelena Jankovic,J Jankovic v Voegele,40,2016-06-27 15:16:59.033,1.29,2016-06-27 17:27:00,
1.125345663,2252607,Jelena Jankovic,J Jankovic v Voegele,50,2016-06-27 15:42:16.082,1.29,2016-06-27 17:54:00,
1.125345663,2252607,Jelena Jankovic,J Jankovic v Voegele,60,2016-06-27 16:13:16.169,1.32,2016-06-27 17:45:00,
1.125345663,2252607,Jelena Jankovic,J Jankovic v Voegele,70,2016-06-27 17:07:29.936,1.3,2016-06-27 17:45:00,
1.125345663,2252607,Jelena Jankovic,J Jankovic v Voegele,80,2016-06-27 17:40:31.495,1.28,2016-06-27 17:45:00,
1.125345663,2252607,Jelena Jankovic,J Jankovic v Voegele,90,2016-06-27 17:55:18.988,1.27,2016-06-27 18:00:00,
1.125345663,2252607,Jelena Jankovic,J Jankovic v Voegele,100,2016-06-27 18:09:30.283,1.28,2016-06-27 18:15:00,
1.125345663,3622149,Stefanie Voegele,J Jankovic v Voegele,0,2016-06-26 03:41:35.208,3.6,2016-06-27 12:00:00,
1.125345663,3622149,Stefanie Voegele,J Jankovic v Voegele,10,2016-06-26 20:23:03.178,3.55,2016-06-27 16:30:00,
1.125345663,3622149,Stefanie Voegele,J Jankovic v Voegele,20,2016-06-27 08:36:21.633,4.0,2016-06-27 16:30:00,
1.125345663,3622149,Stefanie Voegele,J Jankovic v Voegele,30,2016-06-27 11:17:54.310,4.3,2016-06-27 16:37:00,
1.125345663,3622149,Stefanie Voegele,J Jankovic v Voegele,40,2016-06-27 13:16:56.411,4.0,2016-06-27 15:57:00,
1.125345663,3622149,Stefanie Voegele,J Jankovic v Voegele,50,2016-06-27 13:18:08.806,3.95,2016-06-27 15:57:00,
1.125345663,3622149,Stefanie Voegele,J Jankovic v Voegele,60,2016-06-27 15:16:59.033,4.4,2016-06-27 17:27:00,
1.125345663,3622149,Stefanie Voegele,J Jankovic v Voegele,70,2016-06-27 16:01:01.455,4.0,2016-06-27 17:45:00,
1.125345663,3622149,Stefanie Voegele,J Jankovic v Voegele,80,2016-06-27 17:43:54.189,4.5,2016-06-27 17:45:00,
1.125345663,3622149,Stefanie Voegele,J Jankovic v Voegele,90,2016-06-27 17:58:02.028,4.6,2016-06-27 18:00:00,
1.125345663,3622149,Stefanie Voegele,J Jankovic v Voegele,100,2016-06-27 18:06:20.855,4.4,2016-06-27 18:15:00,
1.125345678,2248499,Shuai Peng,Stephens v S Peng,0,2016-06-25 20:14:36.258,5.0,2016-06-26 12:00:00,
1.125345678,2248499,Shuai Peng,Stephens v S Peng,10,2016-06-27 17:53:32.727,4.7,2016-06-28 12:00:00,
1.125345678,2248499,Shuai Peng,Stephens v S Peng,20,2016-06-28 10:12:21.502,5.0,2016-06-28 16:30:00,
1.125345678,2248499,Shuai Peng,Stephens v S Peng,30,2016-06-28 12:57:31.387,4.8,2016-06-28 16:40:00,
1.125345678,2248499,Shuai Peng,Stephens v S Peng,40,2016-06-28 14:47:40.098,4.7,2016-06-28 16:55:00,
1.125345678,2248499,Shuai Peng,Stephens v S Peng,50,2016-06-28 16:29:48.175,4.7,2016-06-28 18:40:00,
1.125345678,2248499,Shuai Peng,Stephens v S Peng,60,2016-06-28 20:17:58.946,4.9,2016-06-29 12:30:00,
1.125345678,2248499,Shuai Peng,Stephens v S Peng,70,2016-06-29 09:24:30.021,4.8,2016-06-29 12:30:00,
1.125345678,2248499,Shuai Peng,Stephens v S Peng,80,2016-06-29 12:11:44.664,4.8,2016-06-29 13:21:00,
1.125345678,2248499,Shuai Peng,Stephens v S Peng,90,2016-06-29 16:03:17.266,4.4,2016-06-29 16:06:00,
1.125345678,2248499,Shuai Peng,Stephens v S Peng,100,2016-06-30 10:04:26.763,3.2,2016-06-30 10:15:00,2016-06-29 16:37:32.606
1.125345678,2923342,Sloane Stephens,Stephens v S Peng,0,2016-06-26 15:33:18.057,1.23,2016-06-28 12:00:00,
1.125345678,2923342,Sloane Stephens,Stephens v S Peng,10,2016-06-28 08:44:48.635,1.26,2016-06-28 16:30:00,
1.125345678,2923342,Sloane Stephens,Stephens v S Peng,20,2016-06-28 11:48:16.696,1.26,2016-06-28 16:38:00,
1.125345678,2923342,Sloane Stephens,Stephens v S Peng,30,2016-06-28 14:26:10.757,1.25,2016-06-28 16:40:00,
1.125345678,2923342,Sloane Stephens,Stephens v S Peng,40,2016-06-28 15:25:20.137,1.27,2016-06-28 17:40:00,
1.125345678,2923342,Sloane Stephens,Stephens v S Peng,50,2016-06-28 19:52:12.287,1.27,2016-06-29 12:30:00,
1.125345678,2923342,Sloane Stephens,Stephens v S Peng,60,2016-06-29 09:10:51.203,1.26,2016-06-29 12:30:00,
1.125345678,2923342,Sloane Stephens,Stephens v S Peng,70,2016-06-29 15:00:19.493,1.28,2016-06-29 15:06:00,
1.125345678,2923342,Sloane Stephens,Stephens v S Peng,80,2016-06-29 21:29:57.815,1.46,2016-06-30 10:00:00,2016-06-29 16:37:32.606
1.125345678,2923342,Sloane Stephens,Stephens v S Peng,90,2016-06-30 06:20:09.445,1.46,2016-06-30 10:00:00,2016-06-29 16:37:32.606
1.125345678,2923342,Sloane Stephens,Stephens v S Peng,100,2016-06-30 09:53:25.362,1.45,2016-06-30 10:00:00,2016-06-29 16:37:32.606
1.125345836,3051579,Cagla Buyukakcay,Buyukakcay v Caro Garcia,0,2016-06-26 20:16:01.080,6.0,2016-06-28 12:00:00,
1.125345836,3051579,Cagla Buyukakcay,Buyukakcay v Caro Garcia,10,2016-06-27 17:56:15.142,6.2,2016-06-28 12:00:00,
1.125345836,3051579,Cagla Buyukakcay,Buyukakcay v Caro Garcia,20,2016-06-28 07:36:02.501,7.4,2016-06-28 12:30:00,
1.125345836,3051579,Cagla Buyukakcay,Buyukakcay v Caro Garcia,30,2016-06-28 08:09:53.582,6.4,2016-06-28 12:30:00,
1.125345836,3051579,Cagla Buyukakcay,Buyukakcay v Caro Garcia,40,2016-06-28 08:20:28.813,7.0,2016-06-28 12:30:00,
1.125345836,3051579,Cagla Buyukakcay,Buyukakcay v Caro Garcia,50,2016-06-28 09:35:18.070,6.6,2016-06-28 12:30:00,
1.125345836,3051579,Cagla Buyukakcay,Buyukakcay v Caro Garcia,60,2016-06-28 11:42:32.517,6.4,2016-06-28 12:32:00,
1.125345836,3051579,Cagla Buyukakcay,Buyukakcay v Caro Garcia,70,2016-06-28 12:03:33.090,6.8,2016-06-28 12:32:00,
1.125345836,3051579,Cagla Buyukakcay,Buyukakcay v Caro Garcia,80,2016-06-28 12:25:49.463,6.6,2016-06-28 12:32:00,
1.125345836,3051579,Cagla Buyukakcay,Buyukakcay v Caro Garcia,90,2016-06-28 12:29:43.030,6.4,2016-06-28 12:32:00,
1.125345836,3051579,Cagla Buyukakcay,Buyukakcay v Caro Garcia,100,2016-06-28 13:04:35.728,6.4,2016-06-28 13:17:00,
1.125345836,5248977,Caroline Garcia,Buyukakcay v Caro Garcia,0,2016-06-24 19:49:17.153,1.19,2016-06-25 12:00:00,
1.125345836,5248977,Caroline Garcia,Buyukakcay v Caro Garcia,10,2016-06-26 10:33:28.340,1.19,2016-06-27 11:00:00,
1.125345836,5248977,Caroline Garcia,Buyukakcay v Caro Garcia,20,2016-06-27 20:29:58.652,1.19,2016-06-28 12:30:00,
1.125345836,5248977,Caroline Garcia,Buyukakcay v Caro Garcia,30,2016-06-28 07:10:49.049,1.19,2016-06-28 12:30:00,
1.125345836,5248977,Caroline Garcia,Buyukakcay v Caro Garcia,40,2016-06-28 08:09:53.582,1.18,2016-06-28 12:30:00,
1.125345836,5248977,Caroline Garcia,Buyukakcay v Caro Garcia,50,2016-06-28 08:57:01.734,1.19,2016-06-28 12:30:00,
1.125345836,5248977,Caroline Garcia,Buyukakcay v Caro Garcia,60,2016-06-28 10:21:33.392,1.19,2016-06-28 12:30:00,
1.125345836,5248977,Caroline Garcia,Buyukakcay v Caro Garcia,70,2016-06-28 10:24:39.267,1.19,2016-06-28 12:30:00,
1.125345836,5248977,Caroline Garcia,Buyukakcay v Caro Garcia,80,2016-06-28 12:12:16.195,1.18,2016-06-28 12:32:00,
1.125345836,5248977,Caroline Garcia,Buyukakcay v Caro Garcia,90,2016-06-28 12:38:05.060,1.18,2016-06-28 12:47:00,
1.125345836,5248977,Caroline Garcia,Buyukakcay v Caro Garcia,100,2016-06-28 13:12:03.675,1.19,2016-06-28 13:17:00,
1.125345855,4105819,Milos Raonic,Carreno Busta v Raonic,0,2016-06-24 10:24:29.278,1.04,2016-06-25 12:00:00,
1.125345855,4105819,Milos Raonic,Carreno Busta v Raonic,10,2016-06-24 22:19:08.691,1.02,2016-06-25 12:00:00,
1.125345855,4105819,Milos Raonic,Carreno Busta v Raonic,20,2016-06-25 18:06:57.601,1.02,2016-06-26 12:00:00,
1.125345855,4105819,Milos Raonic,Carreno Busta v Raonic,30,2016-06-26 12:24:10.117,1.02,2016-06-27 14:30:00,
1.125345855,4105819,Milos Raonic,Carreno Busta v Raonic,40,2016-06-26 16:19:42.305,1.02,2016-06-27 14:30:00,
1.125345855,4105819,Milos Raonic,Carreno Busta v Raonic,50,2016-06-26 19:49:39.816,1.02,2016-06-27 14:30:00,
1.125345855,4105819,Milos Raonic,Carreno Busta v Raonic,60,2016-06-26 20:21:07.437,1.02,2016-06-27 14:30:00,
1.125345855,4105819,Milos Raonic,Carreno Busta v Raonic,70,2016-06-27 06:16:41.529,1.02,2016-06-27 14:30:00,
1.125345855,4105819,Milos Raonic,Carreno Busta v Raonic,80,2016-06-27 08:48:21.840,1.02,2016-06-27 14:30:00,
1.125345855,4105819,Milos Raonic,Carreno Busta v Raonic,90,2016-06-27 12:04:08.657,1.02,2016-06-27 14:37:00,
1.125345855,4105819,Milos Raonic,Carreno Busta v Raonic,100,2016-06-27 14:17:36.174,1.02,2016-06-27 14:31:00,
1.125345855,5479878,Pablo Carreno Busta,Carreno Busta v Raonic,0,2016-06-25 17:38:08.403,36.0,2016-06-26 12:00:00,
1.125345855,5479878,Pablo Carreno Busta,Carreno Busta v Raonic,10,2016-06-26 20:00:30.009,34.0,2016-06-27 14:30:00,
1.125345855,5479878,Pablo Carreno Busta,Carreno Busta v Raonic,20,2016-06-27 01:37:20.013,46.0,2016-06-27 14:30:00,
1.125345855,5479878,Pablo Carreno Busta,Carreno Busta v Raonic,30,2016-06-27 06:36:24.389,42.0,2016-06-27 14:30:00,
1.125345855,5479878,Pablo Carreno Busta,Carreno Busta v Raonic,40,2016-06-27 07:35:22.116,38.0,2016-06-27 14:30:00,
1.125345855,5479878,Pablo Carreno Busta,Carreno Busta v Raonic,50,2016-06-27 10:00:13.743,38.0,2016-06-27 14:30:00,
1.125345855,5479878,Pablo Carreno Busta,Carreno Busta v Raonic,60,2016-06-27 11:10:39.423,44.0,2016-06-27 14:37:00,
1.125345855,5479878,Pablo Carreno Busta,Carreno Busta v Raonic,70,2016-06-27 11:15:22.657,38.0,2016-06-27 14:37:00,
1.125345855,5479878,Pablo Carreno Busta,Carreno Busta v Raonic,80,2016-06-27 11:21:08.800,34.0,2016-06-27 14:37:00,
1.125345855,5479878,Pablo Carreno Busta,Carreno Busta v Raonic,90,2016-06-27 13:23:49.929,46.0,2016-06-27 14:59:00,
1.125345855,5479878,Pablo Carreno Busta,Carreno Busta v Raonic,100,2016-06-27 14:06:19.978,36.0,2016-06-27 14:59:00,
1.125345876,3391304,Evgeny Donskoy,Donskoy v Dolgopolov,0,2016-06-25 11:23:40.875,6.4,2016-06-26 12:00:00,
1.125345876,3391304,Evgeny Donskoy,Donskoy v Dolgopolov,10,2016-06-26 20:29:38.726,5.8,2016-06-27 12:35:00,
1.125345876,3391304,Evgeny Donskoy,Donskoy v Dolgopolov,20,2016-06-27 00:10:06.499,5.8,2016-06-27 14:30:00,
1.125345876,3391304,Evgeny Donskoy,Donskoy v Dolgopolov,30,2016-06-27 07:37:01.973,5.8,2016-06-27 14:30:00,
1.125345876,3391304,Evgeny Donskoy,Donskoy v Dolgopolov,40,2016-06-27 08:44:07.627,5.7,2016-06-27 14:30:00,
1.125345876,3391304,Evgeny Donskoy,Donskoy v Dolgopolov,50,2016-06-27 10:53:43.337,5.8,2016-06-27 14:34:00,
1.125345876,3391304,Evgeny Donskoy,Donskoy v Dolgopolov,60,2016-06-27 11:20:09.386,5.8,2016-06-27 14:34:00,
1.125345876,3391304,Evgeny Donskoy,Donskoy v Dolgopolov,70,2016-06-27 11:58:37.105,5.8,2016-06-27 14:34:00,
1.125345876,3391304,Evgeny Donskoy,Donskoy v Dolgopolov,80,2016-06-27 12:26:31.317,6.0,2016-06-27 14:18:00,
1.125345876,3391304,Evgeny Donskoy,Donskoy v Dolgopolov,90,2016-06-27 13:35:18.410,5.9,2016-06-27 14:18:00,
1.125345876,3391304,Evgeny Donskoy,Donskoy v Dolgopolov,100,2016-06-27 13:58:41.604,5.7,2016-06-27 14:18:00,
1.125345876,4720522,Alexandr Dolgopolov,Donskoy v Dolgopolov,0,2016-06-24 22:21:35.870,1.21,2016-06-25 12:00:00,
1.125345876,4720522,Alexandr Dolgopolov,Donskoy v Dolgopolov,10,2016-06-26 10:51:16.230,1.18,2016-06-27 10:00:00,
1.125345876,4720522,Alexandr Dolgopolov,Donskoy v Dolgopolov,20,2016-06-26 12:18:31.798,1.2,2016-06-27 14:30:00,
1.125345876,4720522,Alexandr Dolgopolov,Donskoy v Dolgopolov,30,2016-06-26 17:21:49.929,1.2,2016-06-27 12:35:00,
1.125345876,4720522,Alexandr Dolgopolov,Donskoy v Dolgopolov,40,2016-06-26 20:29:58.351,1.23,2016-06-27 12:35:00,
1.125345876,4720522,Alexandr Dolgopolov,Donskoy v Dolgopolov,50,2016-06-27 03:02:45.336,1.17,2016-06-27 14:30:00,
1.125345876,4720522,Alexandr Dolgopolov,Donskoy v Dolgopolov,60,2016-06-27 07:50:26.059,1.22,2016-06-27 14:30:00,
1.125345876,4720522,Alexandr Dolgopolov,Donskoy v Dolgopolov,70,2016-06-27 09:28:00.965,1.2,2016-06-27 14:30:00,
1.125345876,4720522,Alexandr Dolgopolov,Donskoy v Dolgopolov,80,2016-06-27 11:11:39.695,1.21,2016-06-27 14:34:00,
1.125345876,4720522,Alexandr Dolgopolov,Donskoy v Dolgopolov,90,2016-06-27 11:38:31.852,1.2,2016-06-27 14:34:00,
1.125345876,4720522,Alexandr Dolgopolov,Donskoy v Dolgopolov,100,2016-06-27 13:59:35.159,1.2,2016-06-27 14:02:00,
1.125346062,2548763,Magdalena Rybarikova,Bouchard v Rybarikova,0,2016-06-24 21:35:39.619,3.45,2016-06-25 12:00:00,
1.125346062,2548763,Magdalena Rybarikova,Bouchard v Rybarikova,10,2016-06-26 18:02:45.667,4.1,2016-06-28 12:00:00,
1.125346062,2548763,Magdalena Rybarikova,Bouchard v Rybarikova,20,2016-06-27 21:20:27.961,3.7,2016-06-28 14:30:00,
1.125346062,2548763,Magdalena Rybarikova,Bouchard v Rybarikova,30,2016-06-28 08:17:33.058,4.4,2016-06-28 14:30:00,
1.125346062,2548763,Magdalena Rybarikova,Bouchard v Rybarikova,40,2016-06-28 10:20:47.459,3.95,2016-06-28 14:30:00,
1.125346062,2548763,Magdalena Rybarikova,Bouchard v Rybarikova,50,2016-06-28 13:47:51.971,4.1,2016-06-28 14:54:00,
1.125346062,2548763,Magdalena Rybarikova,Bouchard v Rybarikova,60,2016-06-28 21:43:26.501,12.0,2016-06-29 12:30:00,2016-06-28 14:51:47.090
1.125346062,2548763,Magdalena Rybarikova,Bouchard v Rybarikova,70,2016-06-29 08:20:49.801,13.5,2016-06-29 12:30:00,2016-06-28 14:51:47.090
1.125346062,2548763,Magdalena Rybarikova,Bouchard v Rybarikova,80,2016-06-29 12:00:05.776,12.0,2016-06-29 13:24:00,2016-06-28 14:51:47.090
1.125346062,2548763,Magdalena Rybarikova,Bouchard v Rybarikova,90,2016-06-29 16:58:22.833,13.5,2016-06-29 17:09:00,2016-06-28 14:51:47.090
1.125346062,2548763,Magdalena Rybarikova,Bouchard v Rybarikova,100,2016-06-29 19:06:40.697,12.0,2016-06-29 19:09:00,2016-06-28 14:51:47.090
1.125346062,5704759,Eugenie Bouchard,Bouchard v Rybarikova,0,2016-06-24 21:04:12.969,1.37,2016-06-25 12:00:00,
1.125346062,5704759,Eugenie Bouchard,Bouchard v Rybarikova,10,2016-06-27 07:28:42.193,1.36,2016-06-28 12:00:00,
1.125346062,5704759,Eugenie Bouchard,Bouchard v Rybarikova,20,2016-06-28 08:26:34.790,1.3,2016-06-28 14:30:00,
1.125346062,5704759,Eugenie Bouchard,Bouchard v Rybarikova,30,2016-06-28 11:01:46.910,1.34,2016-06-28 14:35:00,
1.125346062,5704759,Eugenie Bouchard,Bouchard v Rybarikova,40,2016-06-28 20:00:41.421,1.07,2016-06-29 12:00:00,2016-06-28 14:51:47.090
1.125346062,5704759,Eugenie Bouchard,Bouchard v Rybarikova,50,2016-06-29 07:45:41.977,1.08,2016-06-29 12:30:00,2016-06-28 14:51:47.090
1.125346062,5704759,Eugenie Bouchard,Bouchard v Rybarikova,60,2016-06-29 10:42:03.813,1.1,2016-06-29 12:45:00,2016-06-28 14:51:47.090
1.125346062,5704759,Eugenie Bouchard,Bouchard v Rybarikova,70,2016-06-29 12:24:50.068,1.08,2016-06-29 13:24:00,2016-06-28 14:51:47.090
1.125346062,5704759,Eugenie Bouchard,Bouchard v Rybarikova,80,2016-06-29 16:01:40.210,1.09,2016-06-29 16:09:00,2016-06-28 14:51:47.090
1.125346062,5704759,Eugenie Bouchard,Bouchard v Rybarikova,90,2016-06-29 17:23:34.220,1.15,2016-06-29 17:24:00,2016-06-28 14:51:47.090
1.125346062,5704759,Eugenie Bouchard,Bouchard v Rybarikova,100,2016-06-29 19:11:47.724,1.08,2016-06-29 19:23:00,2016-06-28 14:51:47.090
1.125346077,2386943,Yanina Wickmayer,Ka Pliskova v Wickmayer,0,2016-06-26 12:00:45.687,3.9,2016-06-27 16:00:00,
1.125346077,2386943,Yanina Wickmayer,Ka Pliskova v Wickmayer,10,2016-06-27 02:06:40.290,4.0,2016-06-27 16:00:00,
1.125346077,2386943,Yanina Wickmayer,Ka Pliskova v Wickmayer,20,2016-06-27 09:20:01.296,4.5,2016-06-27 16:00:00,
1.125346077,2386943,Yanina Wickmayer,Ka Pliskova v Wickmayer,30,2016-06-27 12:58:47.893,4.4,2016-06-27 16:00:00,
1.125346077,2386943,Yanina Wickmayer,Ka Pliskova v Wickmayer,40,2016-06-27 14:07:59.112,4.3,2016-06-27 16:00:00,
1.125346077,2386943,Yanina Wickmayer,Ka Pliskova v Wickmayer,50,2016-06-27 15:12:31.188,4.3,2016-06-27 16:00:00,
1.125346077,2386943,Yanina Wickmayer,Ka Pliskova v Wickmayer,60,2016-06-27 16:30:09.272,4.1,2016-06-27 16:45:00,
1.125346077,2386943,Yanina Wickmayer,Ka Pliskova v Wickmayer,70,2016-06-27 16:55:31.115,4.3,2016-06-27 17:00:00,
1.125346077,2386943,Yanina Wickmayer,Ka Pliskova v Wickmayer,80,2016-06-27 17:14:49.685,4.1,2016-06-27 17:30:00,
1.125346077,2386943,Yanina Wickmayer,Ka Pliskova v Wickmayer,90,2016-06-27 17:43:36.083,4.2,2016-06-27 17:45:00,
1.125346077,2386943,Yanina Wickmayer,Ka Pliskova v Wickmayer,100,2016-06-27 18:09:49.467,4.1,2016-06-27 18:15:00,
1.125346077,6199453,Karolina Pliskova,Ka Pliskova v Wickmayer,0,2016-06-25 05:01:39.174,1.31,2016-06-26 12:00:00,
1.125346077,6199453,Karolina Pliskova,Ka Pliskova v Wickmayer,10,2016-06-27 05:47:18.008,1.29,2016-06-27 16:00:00,
1.125346077,6199453,Karolina Pliskova,Ka Pliskova v Wickmayer,20,2016-06-27 08:17:16.146,1.27,2016-06-27 16:00:00,
1.125346077,6199453,Karolina Pliskova,Ka Pliskova v Wickmayer,30,2016-06-27 11:08:43.430,1.25,2016-06-27 16:00:00,
1.125346077,6199453,Karolina Pliskova,Ka Pliskova v Wickmayer,40,2016-06-27 14:02:47.050,1.3,2016-06-27 16:00:00,
1.125346077,6199453,Karolina Pliskova,Ka Pliskova v Wickmayer,50,2016-06-27 15:14:34.685,1.3,2016-06-27 16:00:00,
1.125346077,6199453,Karolina Pliskova,Ka Pliskova v Wickmayer,60,2016-06-27 16:09:49.271,1.33,2016-06-27 16:15:00,
1.125346077,6199453,Karolina Pliskova,Ka Pliskova v Wickmayer,70,2016-06-27 16:55:31.115,1.31,2016-06-27 17:00:00,
1.125346077,6199453,Karolina Pliskova,Ka Pliskova v Wickmayer,80,2016-06-27 17:14:49.685,1.32,2016-06-27 17:30:00,
1.125346077,6199453,Karolina Pliskova,Ka Pliskova v Wickmayer,90,2016-06-27 17:46:35.716,1.32,2016-06-27 18:00:00,
1.125346077,6199453,Karolina Pliskova,Ka Pliskova v Wickmayer,100,2016-06-27 18:08:48.945,1.32,2016-06-27 18:15:00,
1.125346092,3960538,Naomi Broady,N Broady v Svitolina,0,2016-06-24 20:24:19.174,3.9,2016-06-25 12:00:00,
1.125346092,3960538,Naomi Broady,N Broady v Svitolina,10,2016-06-25 15:01:22.656,3.8,2016-06-26 12:00:00,
1.125346092,3960538,Naomi Broady,N Broady v Svitolina,20,2016-06-26 11:53:41.454,3.65,2016-06-27 16:30:00,
1.125346092,3960538,Naomi Broady,N Broady v Svitolina,30,2016-06-26 20:27:38.669,3.5,2016-06-27 16:30:00,
1.125346092,3960538,Naomi Broady,N Broady v Svitolina,40,2016-06-27 08:52:41.081,3.4,2016-06-27 16:30:00,
1.125346092,3960538,Naomi Broady,N Broady v Svitolina,50,2016-06-27 08:55:57.315,3.6,2016-06-27 16:30:00,
1.125346092,3960538,Naomi Broady,N Broady v Svitolina,60,2016-06-27 09:54:49.213,3.5,2016-06-27 16:30:00,
1.125346092,3960538,Naomi Broady,N Broady v Svitolina,70,2016-06-27 10:27:15.195,3.5,2016-06-27 16:30:00,
1.125346092,3960538,Naomi Broady,N Broady v Svitolina,80,2016-06-27 14:19:40.454,3.55,2016-06-27 15:38:00,
1.125346092,3960538,Naomi Broady,N Broady v Svitolina,90,2016-06-27 15:10:43.057,3.45,2016-06-27 15:38:00,
1.125346092,3960538,Naomi Broady,N Broady v Svitolina,100,2016-06-27 15:26:47.139,3.25,2016-06-27 15:39:00,
1.125346092,6324464,Elina Svitolina,N Broady v Svitolina,0,2016-06-24 20:24:19.174,1.35,2016-06-25 12:00:00,
1.125346092,6324464,Elina Svitolina,N Broady v Svitolina,10,2016-06-26 04:38:49.437,1.36,2016-06-27 11:00:00,
1.125346092,6324464,Elina Svitolina,N Broady v Svitolina,20,2016-06-26 18:19:02.539,1.4,2016-06-27 16:30:00,
1.125346092,6324464,Elina Svitolina,N Broady v Svitolina,30,2016-06-26 20:54:05.638,1.35,2016-06-27 16:30:00,
1.125346092,6324464,Elina Svitolina,N Broady v Svitolina,40,2016-06-27 08:16:19.947,1.4,2016-06-27 16:30:00,
1.125346092,6324464,Elina Svitolina,N Broady v Svitolina,50,2016-06-27 09:38:08.551,1.41,2016-06-27 16:30:00,
1.125346092,6324464,Elina Svitolina,N Broady v Svitolina,60,2016-06-27 10:27:15.195,1.4,2016-06-27 16:30:00,
1.125346092,6324464,Elina Svitolina,N Broady v Svitolina,70,2016-06-27 13:57:31.384,1.39,2016-06-27 15:38:00,
1.125346092,6324464,Elina Svitolina,N Broady v Svitolina,80,2016-06-27 14:32:11.419,1.4,2016-06-27 15:38:00,
1.125346092,6324464,Elina Svitolina,N Broady v Svitolina,90,2016-06-27 15:20:50.815,1.43,2016-06-27 15:24:00,
1.125346092,6324464,Elina Svitolina,N Broady v Svitolina,100,2016-06-27 15:23:33.038,1.44,2016-06-27 15:24:00,
1.125346228,7430944,Alexander Zverev,A Zverev v P Mathieu,0,2016-06-24 11:53:51.945,1.23,2016-06-25 12:00:00,
1.125346228,7430944,Alexander Zverev,A Zverev v P Mathieu,10,2016-06-26 06:51:33.520,1.2,2016-06-27 10:00:00,
1.125346228,7430944,Alexander Zverev,A Zverev v P Mathieu,20,2016-06-26 19:54:00.314,1.18,2016-06-28 10:30:00,
1.125346228,7430944,Alexander Zverev,A Zverev v P Mathieu,30,2016-06-27 13:48:25.544,1.21,2016-06-28 13:00:00,
1.125346228,7430944,Alexander Zverev,A Zverev v P Mathieu,40,2016-06-28 03:47:33.316,1.2,2016-06-28 14:30:00,
1.125346228,7430944,Alexander Zverev,A Zverev v P Mathieu,50,2016-06-28 08:22:36.140,1.18,2016-06-28 14:30:00,
1.125346228,7430944,Alexander Zverev,A Zverev v P Mathieu,60,2016-06-28 09:13:19.749,1.19,2016-06-28 14:30:00,
1.125346228,7430944,Alexander Zverev,A Zverev v P Mathieu,70,2016-06-28 11:00:55.988,1.2,2016-06-28 14:28:00,
1.125346228,7430944,Alexander Zverev,A Zverev v P Mathieu,80,2016-06-28 12:56:12.355,1.17,2016-06-28 14:50:00,
1.125346228,7430944,Alexander Zverev,A Zverev v P Mathieu,90,2016-06-28 13:43:10.781,1.19,2016-06-28 14:50:00,
1.125346228,7430944,Alexander Zverev,A Zverev v P Mathieu,100,2016-06-28 14:17:39.424,1.18,2016-06-28 14:21:00,
1.125346228,8259186,Paul-Henri Mathieu,A Zverev v P Mathieu,0,2016-06-24 19:09:52.213,5.4,2016-06-25 12:00:00,
1.125346228,8259186,Paul-Henri Mathieu,A Zverev v P Mathieu,10,2016-06-25 12:34:23.879,5.7,2016-06-26 12:00:00,
1.125346228,8259186,Paul-Henri Mathieu,A Zverev v P Mathieu,20,2016-06-27 10:47:37.340,5.5,2016-06-28 13:00:00,
1.125346228,8259186,Paul-Henri Mathieu,A Zverev v P Mathieu,30,2016-06-28 06:03:27.888,6.6,2016-06-28 14:30:00,
1.125346228,8259186,Paul-Henri Mathieu,A Zverev v P Mathieu,40,2016-06-28 09:31:47.902,6.2,2016-06-28 14:30:00,
1.125346228,8259186,Paul-Henri Mathieu,A Zverev v P Mathieu,50,2016-06-28 11:50:59.763,6.4,2016-06-28 14:28:00,
1.125346228,8259186,Paul-Henri Mathieu,A Zverev v P Mathieu,60,2016-06-28 13:51:45.254,6.2,2016-06-28 14:50:00,
1.125346228,8259186,Paul-Henri Mathieu,A Zverev v P Mathieu,70,2016-06-28 14:16:54.317,6.6,2016-06-28 14:21:00,
1.125346228,8259186,Paul-Henri Mathieu,A Zverev v P Mathieu,80,2016-06-29 03:06:18.941,150.0,2016-06-29 10:30:00,2016-06-28 14:21:57.030
1.125346228,8259186,Paul-Henri Mathieu,A Zverev v P Mathieu,90,2016-06-29 08:44:43.591,250.0,2016-06-29 10:30:00,2016-06-28 14:21:57.030
1.125346228,8259186,Paul-Henri Mathieu,A Zverev v P Mathieu,100,2016-06-29 11:24:54.571,250.0,2016-06-29 11:30:00,2016-06-28 14:21:57.030
1.125346249,2258415,Lukas Rosol,Rosol v Querrey,0,2016-06-24 21:31:42.820,4.3,2016-06-25 12:00:00,
1.125346249,2258415,Lukas Rosol,Rosol v Querrey,10,2016-06-25 21:17:29.060,4.6,2016-06-26 12:00:00,
1.125346249,2258415,Lukas Rosol,Rosol v Querrey,20,2016-06-26 20:49:13.217,4.3,2016-06-27 12:30:00,
1.125346249,2258415,Lukas Rosol,Rosol v Querrey,30,2016-06-27 07:47:23.953,4.4,2016-06-27 12:30:00,
1.125346249,2258415,Lukas Rosol,Rosol v Querrey,40,2016-06-27 07:55:02.057,4.5,2016-06-27 12:30:00,
1.125346249,2258415,Lukas Rosol,Rosol v Querrey,50,2016-06-27 08:45:20.426,4.6,2016-06-27 12:30:00,
1.125346249,2258415,Lukas Rosol,Rosol v Querrey,60,2016-06-27 09:09:19.985,4.6,2016-06-27 12:30:00,
1.125346249,2258415,Lukas Rosol,Rosol v Querrey,70,2016-06-27 09:54:36.904,4.5,2016-06-27 12:30:00,
1.125346249,2258415,Lukas Rosol,Rosol v Querrey,80,2016-06-27 10:32:44.516,4.5,2016-06-27 12:45:00,
1.125346249,2258415,Lukas Rosol,Rosol v Querrey,90,2016-06-27 11:15:44.682,4.6,2016-06-27 12:39:00,
1.125346249,2258415,Lukas Rosol,Rosol v Querrey,100,2016-06-27 11:53:54.511,4.5,2016-06-27 12:39:00,
1.125346249,2263560,Sam Querrey,Rosol v Querrey,0,2016-06-25 09:49:29.145,1.27,2016-06-26 12:00:00,
1.125346249,2263560,Sam Querrey,Rosol v Querrey,10,2016-06-26 15:17:45.130,1.29,2016-06-27 12:30:00,
1.125346249,2263560,Sam Querrey,Rosol v Querrey,20,2016-06-26 20:57:53.308,1.28,2016-06-27 12:30:00,
1.125346249,2263560,Sam Querrey,Rosol v Querrey,30,2016-06-27 06:28:58.589,1.29,2016-06-27 12:30:00,
1.125346249,2263560,Sam Querrey,Rosol v Querrey,40,2016-06-27 08:33:49.456,1.3,2016-06-27 12:30:00,
1.125346249,2263560,Sam Querrey,Rosol v Querrey,50,2016-06-27 08:41:18.489,1.28,2016-06-27 12:30:00,
1.125346249,2263560,Sam Querrey,Rosol v Querrey,60,2016-06-27 09:25:37.296,1.29,2016-06-27 12:30:00,
1.125346249,2263560,Sam Querrey,Rosol v Querrey,70,2016-06-27 09:48:56.246,1.28,2016-06-27 12:30:00,
1.125346249,2263560,Sam Querrey,Rosol v Querrey,80,2016-06-27 10:21:46.449,1.29,2016-06-27 12:30:00,
1.125346249,2263560,Sam Querrey,Rosol v Querrey,90,2016-06-27 11:18:39.664,1.28,2016-06-27 12:39:00,
1.125346249,2263560,Sam Querrey,Rosol v Querrey,100,2016-06-27 11:51:51.161,1.29,2016-06-27 12:39:00,
1.125346266,2263603,Madison Brengle,Nara v Brengle,0,2016-06-26 18:19:21.331,1.35,2016-06-27 10:30:00,
1.125346266,2263603,Madison Brengle,Nara v Brengle,10,2016-06-27 00:51:30.084,1.35,2016-06-27 10:30:00,
1.125346266,2263603,Madison Brengle,Nara v Brengle,20,2016-06-27 03:39:52.324,1.32,2016-06-27 10:30:00,
1.125346266,2263603,Madison Brengle,Nara v Brengle,30,2016-06-27 06:26:50.612,1.29,2016-06-27 10:30:00,
1.125346266,2263603,Madison Brengle,Nara v Brengle,40,2016-06-27 07:13:46.292,1.28,2016-06-27 10:30:00,
1.125346266,2263603,Madison Brengle,Nara v Brengle,50,2016-06-27 08:27:50.034,1.3,2016-06-27 10:30:00,
1.125346266,2263603,Madison Brengle,Nara v Brengle,60,2016-06-27 09:19:57.207,1.32,2016-06-27 10:30:00,
1.125346266,2263603,Madison Brengle,Nara v Brengle,70,2016-06-27 09:47:11.614,1.31,2016-06-27 10:30:00,
1.125346266,2263603,Madison Brengle,Nara v Brengle,80,2016-06-27 10:11:57.978,1.34,2016-06-27 10:30:00,
1.125346266,2263603,Madison Brengle,Nara v Brengle,90,2016-06-27 10:31:00.166,1.32,2016-06-27 10:45:00,
1.125346266,2263603,Madison Brengle,Nara v Brengle,100,2016-06-27 10:33:58.945,1.32,2016-06-27 10:45:00,
1.125346266,3375664,Kurumi Nara,Nara v Brengle,0,2016-06-26 20:28:02.524,3.85,2016-06-27 10:30:00,
1.125346266,3375664,Kurumi Nara,Nara v Brengle,10,2016-06-26 21:17:39.911,4.0,2016-06-27 10:30:00,
1.125346266,3375664,Kurumi Nara,Nara v Brengle,20,2016-06-26 21:18:13.727,4.1,2016-06-27 10:30:00,
1.125346266,3375664,Kurumi Nara,Nara v Brengle,30,2016-06-27 03:39:52.324,3.9,2016-06-27 10:30:00,
1.125346266,3375664,Kurumi Nara,Nara v Brengle,40,2016-06-27 04:25:57.055,4.4,2016-06-27 10:30:00,
1.125346266,3375664,Kurumi Nara,Nara v Brengle,50,2016-06-27 09:00:43.711,4.6,2016-06-27 10:30:00,
1.125346266,3375664,Kurumi Nara,Nara v Brengle,60,2016-06-27 10:10:46.419,4.1,2016-06-27 10:30:00,
1.125346266,3375664,Kurumi Nara,Nara v Brengle,70,2016-06-27 10:22:47.849,3.95,2016-06-27 10:30:00,
1.125346266,3375664,Kurumi Nara,Nara v Brengle,80,2016-06-27 10:27:39.227,4.1,2016-06-27 10:30:00,
1.125346266,3375664,Kurumi Nara,Nara v Brengle,90,2016-06-27 10:28:58.433,3.95,2016-06-27 10:30:00,
1.125346266,3375664,Kurumi Nara,Nara v Brengle,100,2016-06-27 10:32:59.044,4.5,2016-06-27 10:45:00,
1.12534645,2453959,Ekaterina Makarova,E Makarova v J Larsson,0,2016-06-25 02:43:40.479,1.24,2016-06-26 12:00:00,
1.12534645,2453959,Ekaterina Makarova,E Makarova v J Larsson,10,2016-06-28 06:19:17.838,1.19,2016-06-28 16:30:00,
1.12534645,2453959,Ekaterina Makarova,E Makarova v J Larsson,20,2016-06-28 12:05:08.270,1.18,2016-06-28 16:34:00,
1.12534645,2453959,Ekaterina Makarova,E Makarova v J Larsson,30,2016-06-28 14:29:09.041,1.2,2016-06-28 18:34:00,
1.12534645,2453959,Ekaterina Makarova,E Makarova v J Larsson,40,2016-06-29 06:05:05.392,1.19,2016-06-29 12:30:00,
1.12534645,2453959,Ekaterina Makarova,E Makarova v J Larsson,50,2016-06-29 09:26:22.584,1.19,2016-06-29 12:30:00,
1.12534645,2453959,Ekaterina Makarova,E Makarova v J Larsson,60,2016-06-29 11:37:43.063,1.18,2016-06-29 13:22:00,
1.12534645,2453959,Ekaterina Makarova,E Makarova v J Larsson,70,2016-06-29 20:15:11.749,1.19,2016-06-29 20:27:00,
1.12534645,2453959,Ekaterina Makarova,E Makarova v J Larsson,80,2016-06-30 05:18:51.041,1.17,2016-06-30 10:00:00,
1.12534645,2453959,Ekaterina Makarova,E Makarova v J Larsson,90,2016-06-30 08:23:21.068,1.17,2016-06-30 10:00:00,
1.12534645,2453959,Ekaterina Makarova,E Makarova v J Larsson,100,2016-06-30 09:56:25.224,1.17,2016-06-30 10:00:00,
1.12534645,3220168,Johanna Larsson,E Makarova v J Larsson,0,2016-06-26 10:18:56.483,6.2,2016-06-27 11:00:00,
1.12534645,3220168,Johanna Larsson,E Makarova v J Larsson,10,2016-06-28 06:36:05.485,6.2,2016-06-28 16:30:00,
1.12534645,3220168,Johanna Larsson,E Makarova v J Larsson,20,2016-06-28 13:53:42.599,6.4,2016-06-28 18:04:00,
1.12534645,3220168,Johanna Larsson,E Makarova v J Larsson,30,2016-06-28 14:44:01.336,6.4,2016-06-28 18:55:00,
1.12534645,3220168,Johanna Larsson,E Makarova v J Larsson,40,2016-06-28 16:22:22.692,6.0,2016-06-28 18:22:00,
1.12534645,3220168,Johanna Larsson,E Makarova v J Larsson,50,2016-06-29 07:09:31.513,6.4,2016-06-29 12:30:00,
1.12534645,3220168,Johanna Larsson,E Makarova v J Larsson,60,2016-06-29 09:22:47.350,6.6,2016-06-29 12:30:00,
1.12534645,3220168,Johanna Larsson,E Makarova v J Larsson,70,2016-06-29 11:10:38.929,6.2,2016-06-29 13:15:00,
1.12534645,3220168,Johanna Larsson,E Makarova v J Larsson,80,2016-06-29 12:38:55.213,6.6,2016-06-29 13:22:00,
1.12534645,3220168,Johanna Larsson,E Makarova v J Larsson,90,2016-06-29 23:45:17.471,7.0,2016-06-30 10:00:00,
1.12534645,3220168,Johanna Larsson,E Makarova v J Larsson,100,2016-06-30 09:05:53.932,7.0,2016-06-30 10:00:00,
1.125346465,5300737,Anett Kontaveit,Kontaveit v Strycova,0,2016-06-25 21:09:05.664,3.15,2016-06-26 12:00:00,
1.125346465,5300737,Anett Kontaveit,Kontaveit v Strycova,10,2016-06-28 07:34:17.309,3.55,2016-06-28 16:00:00,
1.125346465,5300737,Anett Kontaveit,Kontaveit v Strycova,20,2016-06-28 09:51:29.621,3.4,2016-06-28 16:00:00,
1.125346465,5300737,Anett Kontaveit,Kontaveit v Strycova,30,2016-06-28 10:48:45.160,3.45,2016-06-28 16:00:00,
1.125346465,5300737,Anett Kontaveit,Kontaveit v Strycova,40,2016-06-28 13:36:05.335,3.45,2016-06-28 16:00:00,
1.125346465,5300737,Anett Kontaveit,Kontaveit v Strycova,50,2016-06-28 15:58:07.852,3.45,2016-06-28 16:00:00,
1.125346465,5300737,Anett Kontaveit,Kontaveit v Strycova,60,2016-06-29 09:14:27.130,3.5,2016-06-29 12:30:00,
1.125346465,5300737,Anett Kontaveit,Kontaveit v Strycova,70,2016-06-30 03:52:44.591,2.94,2016-06-30 10:00:00,2016-06-29 16:53:12.700
1.125346465,5300737,Anett Kontaveit,Kontaveit v Strycova,80,2016-06-30 07:44:01.747,2.96,2016-06-30 10:00:00,2016-06-29 16:53:12.700
1.125346465,5300737,Anett Kontaveit,Kontaveit v Strycova,90,2016-06-30 09:14:36.123,3.05,2016-06-30 10:00:00,2016-06-29 16:53:12.700
1.125346465,5300737,Anett Kontaveit,Kontaveit v Strycova,100,2016-06-30 10:05:10.552,2.94,2016-06-30 10:15:00,2016-06-29 16:53:12.700
1.125346465,9416669,Barbora Strycova,Kontaveit v Strycova,0,2016-06-25 09:58:53.729,1.41,2016-06-26 12:00:00,
1.125346465,9416669,Barbora Strycova,Kontaveit v Strycova,10,2016-06-28 08:16:10.463,1.4,2016-06-28 16:00:00,
1.125346465,9416669,Barbora Strycova,Kontaveit v Strycova,20,2016-06-28 12:01:01.068,1.4,2016-06-28 16:00:00,
1.125346465,9416669,Barbora Strycova,Kontaveit v Strycova,30,2016-06-28 15:15:09.243,1.4,2016-06-28 16:00:00,
1.125346465,9416669,Barbora Strycova,Kontaveit v Strycova,40,2016-06-28 18:10:09.231,1.4,2016-06-28 18:24:00,
1.125346465,9416669,Barbora Strycova,Kontaveit v Strycova,50,2016-06-29 05:47:38.898,1.4,2016-06-29 12:30:00,
1.125346465,9416669,Barbora Strycova,Kontaveit v Strycova,60,2016-06-29 08:19:31.572,1.41,2016-06-29 12:30:00,
1.125346465,9416669,Barbora Strycova,Kontaveit v Strycova,70,2016-06-29 13:28:58.618,1.41,2016-06-29 13:39:00,
1.125346465,9416669,Barbora Strycova,Kontaveit v Strycova,80,2016-06-30 02:32:41.065,1.53,2016-06-30 10:00:00,2016-06-29 16:53:12.700
1.125346465,9416669,Barbora Strycova,Kontaveit v Strycova,90,2016-06-30 08:08:48.181,1.49,2016-06-30 10:00:00,2016-06-29 16:53:12.700
1.125346465,9416669,Barbora Strycova,Kontaveit v Strycova,100,2016-06-30 10:05:10.552,1.49,2016-06-30 10:15:00,2016-06-29 16:53:12.700
1.125346562,2257302,Philipp Kohlschreiber,Kohlschreiber v P Herbert,0,2016-06-24 14:49:52.410,1.26,2016-06-25 12:00:00,
1.125346562,2257302,Philipp Kohlschreiber,Kohlschreiber v P Herbert,10,2016-06-26 13:39:50.153,1.21,2016-06-27 10:30:00,
1.125346562,2257302,Philipp Kohlschreiber,Kohlschreiber v P Herbert,20,2016-06-26 20:05:40.654,1.22,2016-06-27 10:30:00,
1.125346562,2257302,Philipp Kohlschreiber,Kohlschreiber v P Herbert,30,2016-06-26 22:40:33.925,1.18,2016-06-27 10:30:00,
1.125346562,2257302,Philipp Kohlschreiber,Kohlschreiber v P Herbert,40,2016-06-27 03:22:13.924,1.18,2016-06-27 10:30:00,
1.125346562,2257302,Philipp Kohlschreiber,Kohlschreiber v P Herbert,50,2016-06-27 05:21:53.107,1.17,2016-06-27 10:30:00,
1.125346562,2257302,Philipp Kohlschreiber,Kohlschreiber v P Herbert,60,2016-06-27 06:40:56.897,1.15,2016-06-27 10:30:00,
1.125346562,2257302,Philipp Kohlschreiber,Kohlschreiber v P Herbert,70,2016-06-27 08:27:11.055,1.17,2016-06-27 10:30:00,
1.125346562,2257302,Philipp Kohlschreiber,Kohlschreiber v P Herbert,80,2016-06-27 09:15:44.749,1.16,2016-06-27 10:30:00,
1.125346562,2257302,Philipp Kohlschreiber,Kohlschreiber v P Herbert,90,2016-06-27 09:58:12.617,1.15,2016-06-27 10:30:00,
1.125346562,2257302,Philipp Kohlschreiber,Kohlschreiber v P Herbert,100,2016-06-27 10:39:12.315,1.15,2016-06-27 10:45:00,
1.125346562,8266399,Pierre-Hugues Herbert,Kohlschreiber v P Herbert,0,2016-06-24 15:45:53.235,4.2,2016-06-25 12:00:00,
1.125346562,8266399,Pierre-Hugues Herbert,Kohlschreiber v P Herbert,10,2016-06-26 19:08:07.771,5.5,2016-06-27 10:30:00,
1.125346562,8266399,Pierre-Hugues Herbert,Kohlschreiber v P Herbert,20,2016-06-27 00:47:08.497,6.4,2016-06-27 10:30:00,
1.125346562,8266399,Pierre-Hugues Herbert,Kohlschreiber v P Herbert,30,2016-06-27 05:36:18.795,6.8,2016-06-27 10:30:00,
1.125346562,8266399,Pierre-Hugues Herbert,Kohlschreiber v P Herbert,40,2016-06-27 06:42:11.745,7.4,2016-06-27 10:30:00,
1.125346562,8266399,Pierre-Hugues Herbert,Kohlschreiber v P Herbert,50,2016-06-27 07:25:09.510,7.0,2016-06-27 10:30:00,
1.125346562,8266399,Pierre-Hugues Herbert,Kohlschreiber v P Herbert,60,2016-06-27 08:21:08.146,6.8,2016-06-27 10:30:00,
1.125346562,8266399,Pierre-Hugues Herbert,Kohlschreiber v P Herbert,70,2016-06-27 09:08:10.252,7.6,2016-06-27 10:30:00,
1.125346562,8266399,Pierre-Hugues Herbert,Kohlschreiber v P Herbert,80,2016-06-27 10:04:14.089,7.4,2016-06-27 10:30:00,
1.125346562,8266399,Pierre-Hugues Herbert,Kohlschreiber v P Herbert,90,2016-06-27 10:20:03.126,7.4,2016-06-27 10:30:00,
1.125346562,8266399,Pierre-Hugues Herbert,Kohlschreiber v P Herbert,100,2016-06-27 10:36:08.524,7.4,2016-06-27 10:45:00,
1.125346583,2483001,Kei Nishikori,Groth v Nishikori,0,2016-06-24 11:50:14.716,1.11,2016-06-25 12:00:00,
1.125346583,2483001,Kei Nishikori,Groth v Nishikori,10,2016-06-26 10:27:02.685,1.1,2016-06-27 10:00:00,
1.125346583,2483001,Kei Nishikori,Groth v Nishikori,20,2016-06-26 21:21:17.646,1.1,2016-06-27 14:00:00,
1.125346583,2483001,Kei Nishikori,Groth v Nishikori,30,2016-06-27 06:35:05.362,1.08,2016-06-27 14:00:00,
1.125346583,2483001,Kei Nishikori,Groth v Nishikori,40,2016-06-27 08:18:10.289,1.09,2016-06-27 14:00:00,
1.125346583,2483001,Kei Nishikori,Groth v Nishikori,50,2016-06-27 09:34:27.273,1.09,2016-06-27 14:00:00,
1.125346583,2483001,Kei Nishikori,Groth v Nishikori,60,2016-06-27 10:21:09.666,1.09,2016-06-27 14:00:00,
1.125346583,2483001,Kei Nishikori,Groth v Nishikori,70,2016-06-27 12:05:16.262,1.1,2016-06-27 14:15:00,
1.125346583,2483001,Kei Nishikori,Groth v Nishikori,80,2016-06-27 13:02:13.419,1.1,2016-06-27 14:08:00,
1.125346583,2483001,Kei Nishikori,Groth v Nishikori,90,2016-06-27 14:01:48.993,1.1,2016-06-27 14:08:00,
1.125346583,2483001,Kei Nishikori,Groth v Nishikori,100,2016-06-27 14:24:12.794,1.1,2016-06-27 14:29:00,
1.125346583,8639819,Sam Groth,Groth v Nishikori,0,2016-06-24 12:41:54.639,10.0,2016-06-25 12:00:00,
1.125346583,8639819,Sam Groth,Groth v Nishikori,10,2016-06-26 17:32:44.562,10.5,2016-06-27 14:00:00,
1.125346583,8639819,Sam Groth,Groth v Nishikori,20,2016-06-27 02:53:13.967,12.0,2016-06-27 14:00:00,
1.125346583,8639819,Sam Groth,Groth v Nishikori,30,2016-06-27 08:18:10.289,12.0,2016-06-27 14:00:00,
1.125346583,8639819,Sam Groth,Groth v Nishikori,40,2016-06-27 10:11:42.409,11.0,2016-06-27 14:00:00,
1.125346583,8639819,Sam Groth,Groth v Nishikori,50,2016-06-27 10:58:05.079,11.5,2016-06-27 14:00:00,
1.125346583,8639819,Sam Groth,Groth v Nishikori,60,2016-06-27 11:44:46.818,11.5,2016-06-27 14:00:00,
1.125346583,8639819,Sam Groth,Groth v Nishikori,70,2016-06-27 12:26:17.022,11.5,2016-06-27 14:08:00,
1.125346583,8639819,Sam Groth,Groth v Nishikori,80,2016-06-27 13:54:15.212,11.0,2016-06-27 14:08:00,
1.125346583,8639819,Sam Groth,Groth v Nishikori,90,2016-06-27 14:10:15.023,12.0,2016-06-27 14:14:00,
1.125346583,8639819,Sam Groth,Groth v Nishikori,100,2016-06-27 14:24:12.794,11.0,2016-06-27 14:29:00,
1.12534673,3622052,Kristina Mladenovic,Sasnovich v K Mladenovic,0,2016-06-24 22:30:55.897,1.23,2016-06-25 12:00:00,
1.12534673,3622052,Kristina Mladenovic,Sasnovich v K Mladenovic,10,2016-06-27 14:37:29.964,1.17,2016-06-28 12:00:00,
1.12534673,3622052,Kristina Mladenovic,Sasnovich v K Mladenovic,20,2016-06-28 08:48:59.155,1.16,2016-06-28 16:30:00,
1.12534673,3622052,Kristina Mladenovic,Sasnovich v K Mladenovic,30,2016-06-28 14:42:26.892,1.15,2016-06-28 16:52:00,
1.12534673,3622052,Kristina Mladenovic,Sasnovich v K Mladenovic,40,2016-06-28 15:06:54.219,1.15,2016-06-28 16:41:00,
1.12534673,3622052,Kristina Mladenovic,Sasnovich v K Mladenovic,50,2016-06-28 20:57:52.972,1.16,2016-06-29 12:00:00,
1.12534673,3622052,Kristina Mladenovic,Sasnovich v K Mladenovic,60,2016-06-29 08:44:35.489,1.15,2016-06-29 12:30:00,
1.12534673,3622052,Kristina Mladenovic,Sasnovich v K Mladenovic,70,2016-06-29 15:38:42.878,1.15,2016-06-29 15:40:00,
1.12534673,3622052,Kristina Mladenovic,Sasnovich v K Mladenovic,80,2016-06-29 21:29:19.586,1.16,2016-06-30 10:00:00,
1.12534673,3622052,Kristina Mladenovic,Sasnovich v K Mladenovic,90,2016-06-30 05:44:19.732,1.15,2016-06-30 10:00:00,
1.12534673,3622052,Kristina Mladenovic,Sasnovich v K Mladenovic,100,2016-06-30 09:54:08.286,1.14,2016-06-30 10:00:00,
1.12534673,7283310,Aliaksandra Sasnovich,Sasnovich v K Mladenovic,0,2016-06-24 22:30:55.897,5.4,2016-06-25 12:00:00,
1.12534673,7283310,Aliaksandra Sasnovich,Sasnovich v K Mladenovic,10,2016-06-26 18:25:17.889,5.8,2016-06-28 12:00:00,
1.12534673,7283310,Aliaksandra Sasnovich,Sasnovich v K Mladenovic,20,2016-06-27 10:50:10.809,6.4,2016-06-28 12:00:00,
1.12534673,7283310,Aliaksandra Sasnovich,Sasnovich v K Mladenovic,30,2016-06-28 11:53:58.827,7.0,2016-06-28 16:35:00,
1.12534673,7283310,Aliaksandra Sasnovich,Sasnovich v K Mladenovic,40,2016-06-28 12:38:48.617,7.0,2016-06-28 16:50:00,
1.12534673,7283310,Aliaksandra Sasnovich,Sasnovich v K Mladenovic,50,2016-06-28 14:42:36.952,7.8,2016-06-28 16:52:00,
1.12534673,7283310,Aliaksandra Sasnovich,Sasnovich v K Mladenovic,60,2016-06-28 15:55:11.615,7.8,2016-06-28 16:41:00,
1.12534673,7283310,Aliaksandra Sasnovich,Sasnovich v K Mladenovic,70,2016-06-28 20:33:16.456,7.0,2016-06-29 12:30:00,
1.12534673,7283310,Aliaksandra Sasnovich,Sasnovich v K Mladenovic,80,2016-06-29 17:19:21.598,7.6,2016-06-29 17:25:00,
1.12534673,7283310,Aliaksandra Sasnovich,Sasnovich v K Mladenovic,90,2016-06-30 05:46:57.148,7.4,2016-06-30 10:00:00,
1.12534673,7283310,Aliaksandra Sasnovich,Sasnovich v K Mladenovic,100,2016-06-30 09:57:27.870,8.0,2016-06-30 10:00:00,
1.125346745,2387871,Sorana Cirstea,Kvitova v Cirstea,0,2016-06-25 09:09:08.068,5.0,2016-06-26 12:00:00,
1.125346745,2387871,Sorana Cirstea,Kvitova v Cirstea,10,2016-06-27 10:31:04.131,4.2,2016-06-28 12:00:00,
1.125346745,2387871,Sorana Cirstea,Kvitova v Cirstea,20,2016-06-28 09:52:30.593,4.3,2016-06-28 16:00:00,
1.125346745,2387871,Sorana Cirstea,Kvitova v Cirstea,30,2016-06-28 11:40:43.675,4.3,2016-06-28 16:00:00,
1.125346745,2387871,Sorana Cirstea,Kvitova v Cirstea,40,2016-06-28 13:26:09.836,4.3,2016-06-28 16:03:00,
1.125346745,2387871,Sorana Cirstea,Kvitova v Cirstea,50,2016-06-28 14:49:47.627,4.4,2016-06-28 16:56:00,
1.125346745,2387871,Sorana Cirstea,Kvitova v Cirstea,60,2016-06-28 16:21:22.225,4.3,2016-06-28 16:53:00,
1.125346745,2387871,Sorana Cirstea,Kvitova v Cirstea,70,2016-06-28 21:44:25.635,4.2,2016-06-29 12:30:00,
1.125346745,2387871,Sorana Cirstea,Kvitova v Cirstea,80,2016-06-29 10:11:04.314,4.3,2016-06-29 12:30:00,
1.125346745,2387871,Sorana Cirstea,Kvitova v Cirstea,90,2016-06-29 12:41:52.701,4.1,2016-06-29 12:45:00,
1.125346745,2387871,Sorana Cirstea,Kvitova v Cirstea,100,2016-06-29 16:07:14.565,3.75,2016-06-29 16:15:00,
1.125346745,2497008,Petra Kvitova,Kvitova v Cirstea,0,2016-06-24 19:42:36.811,1.27,2016-06-25 12:00:00,
1.125346745,2497008,Petra Kvitova,Kvitova v Cirstea,10,2016-06-27 17:57:06.085,1.31,2016-06-28 12:00:00,
1.125346745,2497008,Petra Kvitova,Kvitova v Cirstea,20,2016-06-28 06:57:38.258,1.29,2016-06-28 16:00:00,
1.125346745,2497008,Petra Kvitova,Kvitova v Cirstea,30,2016-06-28 12:07:13.973,1.31,2016-06-28 16:03:00,
1.125346745,2497008,Petra Kvitova,Kvitova v Cirstea,40,2016-06-28 14:22:17.403,1.29,2016-06-28 16:33:00,
1.125346745,2497008,Petra Kvitova,Kvitova v Cirstea,50,2016-06-28 15:30:15.408,1.29,2016-06-28 16:53:00,
1.125346745,2497008,Petra Kvitova,Kvitova v Cirstea,60,2016-06-28 18:37:02.203,1.29,2016-06-28 18:38:00,
1.125346745,2497008,Petra Kvitova,Kvitova v Cirstea,70,2016-06-29 04:18:22.814,1.29,2016-06-29 12:30:00,
1.125346745,2497008,Petra Kvitova,Kvitova v Cirstea,80,2016-06-29 10:09:27.517,1.32,2016-06-29 12:30:00,
1.125346745,2497008,Petra Kvitova,Kvitova v Cirstea,90,2016-06-29 12:50:59.508,1.33,2016-06-29 13:00:00,
1.125346745,2497008,Petra Kvitova,Kvitova v Cirstea,100,2016-06-29 16:07:14.565,1.33,2016-06-29 16:15:00,
1.125346842,2256470,Tomas Berdych,Dodig v Berdych,0,2016-06-24 18:17:32.790,1.15,2016-06-25 12:00:00,
1.125346842,2256470,Tomas Berdych,Dodig v Berdych,10,2016-06-26 11:16:49.662,1.13,2016-06-27 10:00:00,
1.125346842,2256470,Tomas Berdych,Dodig v Berdych,20,2016-06-27 21:08:24.985,1.11,2016-06-28 12:30:00,
1.125346842,2256470,Tomas Berdych,Dodig v Berdych,30,2016-06-28 06:17:03.575,1.12,2016-06-28 12:30:00,
1.125346842,2256470,Tomas Berdych,Dodig v Berdych,40,2016-06-28 08:40:29.727,1.13,2016-06-28 12:30:00,
1.125346842,2256470,Tomas Berdych,Dodig v Berdych,50,2016-06-28 09:55:28.694,1.13,2016-06-28 12:30:00,
1.125346842,2256470,Tomas Berdych,Dodig v Berdych,60,2016-06-28 11:22:23.729,1.12,2016-06-28 12:38:00,
1.125346842,2256470,Tomas Berdych,Dodig v Berdych,70,2016-06-28 12:35:32.307,1.11,2016-06-28 12:50:00,
1.125346842,2256470,Tomas Berdych,Dodig v Berdych,80,2016-06-28 23:04:41.610,1.03,2016-06-29 10:30:00,2016-06-28 12:50:28.171
1.125346842,2256470,Tomas Berdych,Dodig v Berdych,90,2016-06-29 07:39:43.061,1.01,2016-06-29 10:30:00,2016-06-28 12:50:28.171
1.125346842,2256470,Tomas Berdych,Dodig v Berdych,100,2016-06-29 11:11:21.709,1.01,2016-06-29 11:15:00,2016-06-28 12:50:28.171
1.125346842,2835266,Ivan Dodig,Dodig v Berdych,0,2016-06-26 11:38:00.770,8.6,2016-06-28 12:00:00,
1.125346842,2835266,Ivan Dodig,Dodig v Berdych,10,2016-06-28 03:55:22.006,9.2,2016-06-28 12:30:00,
1.125346842,2835266,Ivan Dodig,Dodig v Berdych,20,2016-06-28 07:07:42.809,8.2,2016-06-28 12:30:00,
1.125346842,2835266,Ivan Dodig,Dodig v Berdych,30,2016-06-28 09:13:48.949,9.4,2016-06-28 12:30:00,
1.125346842,2835266,Ivan Dodig,Dodig v Berdych,40,2016-06-28 10:12:19.559,8.6,2016-06-28 12:30:00,
1.125346842,2835266,Ivan Dodig,Dodig v Berdych,50,2016-06-28 12:23:24.648,9.8,2016-06-28 12:38:00,
1.125346842,2835266,Ivan Dodig,Dodig v Berdych,60,2016-06-28 21:08:17.410,40.0,2016-06-29 10:30:00,2016-06-28 12:50:28.171
1.125346842,2835266,Ivan Dodig,Dodig v Berdych,70,2016-06-28 22:49:20.176,50.0,2016-06-29 10:30:00,2016-06-28 12:50:28.171
1.125346842,2835266,Ivan Dodig,Dodig v Berdych,80,2016-06-29 08:50:20.689,60.0,2016-06-29 10:30:00,2016-06-28 12:50:28.171
1.125346842,2835266,Ivan Dodig,Dodig v Berdych,90,2016-06-29 09:36:20.348,95.0,2016-06-29 10:30:00,2016-06-28 12:50:28.171
1.125346842,2835266,Ivan Dodig,Dodig v Berdych,100,2016-06-29 11:20:07.927,100.0,2016-06-29 11:30:00,2016-06-28 12:50:28.171
1.125346928,3066621,Adrian Mannarino,Edmund v A Mannarino,0,2016-06-24 20:50:46.694,1.75,2016-06-25 12:00:00,
1.125346928,3066621,Adrian Mannarino,Edmund v A Mannarino,10,2016-06-26 13:31:56.948,1.67,2016-06-27 10:30:00,
1.125346928,3066621,Adrian Mannarino,Edmund v A Mannarino,20,2016-06-26 21:45:21.670,1.61,2016-06-27 10:30:00,
1.125346928,3066621,Adrian Mannarino,Edmund v A Mannarino,30,2016-06-26 23:23:16.908,1.63,2016-06-27 10:30:00,
1.125346928,3066621,Adrian Mannarino,Edmund v A Mannarino,40,2016-06-27 04:52:40.071,1.64,2016-06-27 10:30:00,
1.125346928,3066621,Adrian Mannarino,Edmund v A Mannarino,50,2016-06-27 06:52:47.979,1.61,2016-06-27 10:30:00,
1.125346928,3066621,Adrian Mannarino,Edmund v A Mannarino,60,2016-06-27 08:04:35.769,1.59,2016-06-27 10:30:00,
1.125346928,3066621,Adrian Mannarino,Edmund v A Mannarino,70,2016-06-27 09:17:45.023,1.6,2016-06-27 10:30:00,
1.125346928,3066621,Adrian Mannarino,Edmund v A Mannarino,80,2016-06-27 09:50:48.626,1.67,2016-06-27 10:30:00,
1.125346928,3066621,Adrian Mannarino,Edmund v A Mannarino,90,2016-06-27 10:21:49.033,1.7,2016-06-27 10:30:00,
1.125346928,3066621,Adrian Mannarino,Edmund v A Mannarino,100,2016-06-27 10:39:51.463,1.72,2016-06-27 10:45:00,
1.125346928,5626817,Kyle Edmund,Edmund v A Mannarino,0,2016-06-24 20:50:46.694,2.34,2016-06-25 12:00:00,
1.125346928,5626817,Kyle Edmund,Edmund v A Mannarino,10,2016-06-26 17:58:39.460,2.62,2016-06-27 10:30:00,
1.125346928,5626817,Kyle Edmund,Edmund v A Mannarino,20,2016-06-26 22:02:05.088,2.58,2016-06-27 10:30:00,
1.125346928,5626817,Kyle Edmund,Edmund v A Mannarino,30,2016-06-26 23:22:19.018,2.62,2016-06-27 10:30:00,
1.125346928,5626817,Kyle Edmund,Edmund v A Mannarino,40,2016-06-27 03:29:45.762,2.52,2016-06-27 10:30:00,
1.125346928,5626817,Kyle Edmund,Edmund v A Mannarino,50,2016-06-27 06:31:47.255,2.58,2016-06-27 10:30:00,
1.125346928,5626817,Kyle Edmund,Edmund v A Mannarino,60,2016-06-27 08:28:32.100,2.7,2016-06-27 10:30:00,
1.125346928,5626817,Kyle Edmund,Edmund v A Mannarino,70,2016-06-27 09:33:18.685,2.6,2016-06-27 10:30:00,
1.125346928,5626817,Kyle Edmund,Edmund v A Mannarino,80,2016-06-27 10:00:47.403,2.48,2016-06-27 10:30:00,
1.125346928,5626817,Kyle Edmund,Edmund v A Mannarino,90,2016-06-27 10:21:49.033,2.44,2016-06-27 10:30:00,
1.125346928,5626817,Kyle Edmund,Edmund v A Mannarino,100,2016-06-27 10:39:51.463,2.38,2016-06-27 10:45:00,
1.125347011,2309518,Venus Williams,V Williams v Vekic,0,2016-06-24 22:30:21.534,1.14,2016-06-25 12:00:00,
1.125347011,2309518,Venus Williams,V Williams v Vekic,10,2016-06-26 13:45:37.121,1.13,2016-06-27 12:00:00,
1.125347011,2309518,Venus Williams,V Williams v Vekic,20,2016-06-26 21:14:31.680,1.12,2016-06-27 12:00:00,
1.125347011,2309518,Venus Williams,V Williams v Vekic,30,2016-06-27 06:39:03.584,1.12,2016-06-27 12:00:00,
1.125347011,2309518,Venus Williams,V Williams v Vekic,40,2016-06-27 07:43:11.655,1.14,2016-06-27 12:00:00,
1.125347011,2309518,Venus Williams,V Williams v Vekic,50,2016-06-27 08:38:47.163,1.13,2016-06-27 12:00:00,
1.125347011,2309518,Venus Williams,V Williams v Vekic,60,2016-06-27 09:47:19.393,1.12,2016-06-27 12:00:00,
1.125347011,2309518,Venus Williams,V Williams v Vekic,70,2016-06-27 10:47:43.378,1.13,2016-06-27 12:00:00,
1.125347011,2309518,Venus Williams,V Williams v Vekic,80,2016-06-27 11:23:47.135,1.15,2016-06-27 12:00:00,
1.125347011,2309518,Venus Williams,V Williams v Vekic,90,2016-06-27 11:47:57.416,1.14,2016-06-27 12:00:00,
1.125347011,2309518,Venus Williams,V Williams v Vekic,100,2016-06-27 12:08:59.692,1.12,2016-06-27 12:15:00,
1.125347011,6603944,Donna Vekic,V Williams v Vekic,0,2016-06-25 12:06:34.087,8.2,2016-06-26 12:00:00,
1.125347011,6603944,Donna Vekic,V Williams v Vekic,10,2016-06-26 16:47:43.799,10.0,2016-06-27 12:00:00,
1.125347011,6603944,Donna Vekic,V Williams v Vekic,20,2016-06-27 06:46:54.129,9.2,2016-06-27 12:00:00,
1.125347011,6603944,Donna Vekic,V Williams v Vekic,30,2016-06-27 08:12:21.973,8.8,2016-06-27 12:00:00,
1.125347011,6603944,Donna Vekic,V Williams v Vekic,40,2016-06-27 09:46:21.873,8.6,2016-06-27 12:00:00,
1.125347011,6603944,Donna Vekic,V Williams v Vekic,50,2016-06-27 10:18:57.308,7.2,2016-06-27 12:00:00,
1.125347011,6603944,Donna Vekic,V Williams v Vekic,60,2016-06-27 10:43:34.652,7.8,2016-06-27 12:00:00,
1.125347011,6603944,Donna Vekic,V Williams v Vekic,70,2016-06-27 11:08:00.570,8.2,2016-06-27 12:00:00,
1.125347011,6603944,Donna Vekic,V Williams v Vekic,80,2016-06-27 11:25:38.184,7.8,2016-06-27 12:00:00,
1.125347011,6603944,Donna Vekic,V Williams v Vekic,90,2016-06-27 11:57:57.567,7.6,2016-06-27 12:00:00,
1.125347011,6603944,Donna Vekic,V Williams v Vekic,100,2016-06-27 12:10:03.514,9.2,2016-06-27 12:15:00,
1.125347065,6750186,Margarita Gasparyan,M Gasparyan v Allertova,0,2016-06-25 10:41:11.125,2.08,2016-06-26 12:00:00,
1.125347065,6750186,Margarita Gasparyan,M Gasparyan v Allertova,10,2016-06-27 03:08:58.079,2.36,2016-06-27 12:30:00,
1.125347065,6750186,Margarita Gasparyan,M Gasparyan v Allertova,20,2016-06-27 08:39:09.207,2.78,2016-06-27 12:30:00,
1.125347065,6750186,Margarita Gasparyan,M Gasparyan v Allertova,30,2016-06-27 09:24:51.244,2.68,2016-06-27 12:30:00,
1.125347065,6750186,Margarita Gasparyan,M Gasparyan v Allertova,40,2016-06-27 10:05:46.121,2.72,2016-06-27 12:30:00,
1.125347065,6750186,Margarita Gasparyan,M Gasparyan v Allertova,50,2016-06-27 10:26:16.494,2.88,2016-06-27 12:30:00,
1.125347065,6750186,Margarita Gasparyan,M Gasparyan v Allertova,60,2016-06-27 10:57:06.325,2.88,2016-06-27 12:30:00,
1.125347065,6750186,Margarita Gasparyan,M Gasparyan v Allertova,70,2016-06-27 12:06:17.771,2.76,2016-06-27 12:30:00,
1.125347065,6750186,Margarita Gasparyan,M Gasparyan v Allertova,80,2016-06-27 12:30:10.788,2.68,2016-06-27 12:45:00,
1.125347065,6750186,Margarita Gasparyan,M Gasparyan v Allertova,90,2016-06-27 13:03:06.656,2.82,2016-06-27 13:15:00,
1.125347065,6750186,Margarita Gasparyan,M Gasparyan v Allertova,100,2016-06-27 13:54:01.741,2.78,2016-06-27 14:05:00,
1.125347065,8679183,Denisa Allertova,M Gasparyan v Allertova,0,2016-06-25 15:25:14.869,1.9,2016-06-26 12:00:00,
1.125347065,8679183,Denisa Allertova,M Gasparyan v Allertova,10,2016-06-27 06:02:17.378,1.84,2016-06-27 12:30:00,
1.125347065,8679183,Denisa Allertova,M Gasparyan v Allertova,20,2016-06-27 07:07:14.568,1.72,2016-06-27 12:30:00,
1.125347065,8679183,Denisa Allertova,M Gasparyan v Allertova,30,2016-06-27 08:39:09.207,1.56,2016-06-27 12:30:00,
1.125347065,8679183,Denisa Allertova,M Gasparyan v Allertova,40,2016-06-27 09:36:17.630,1.57,2016-06-27 12:30:00,
1.125347065,8679183,Denisa Allertova,M Gasparyan v Allertova,50,2016-06-27 10:11:34.829,1.52,2016-06-27 12:30:00,
1.125347065,8679183,Denisa Allertova,M Gasparyan v Allertova,60,2016-06-27 12:01:17.257,1.59,2016-06-27 12:30:00,
1.125347065,8679183,Denisa Allertova,M Gasparyan v Allertova,70,2016-06-27 12:25:01.931,1.6,2016-06-27 12:30:00,
1.125347065,8679183,Denisa Allertova,M Gasparyan v Allertova,80,2016-06-27 12:50:38.368,1.6,2016-06-27 13:00:00,
1.125347065,8679183,Denisa Allertova,M Gasparyan v Allertova,90,2016-06-27 13:06:59.055,1.56,2016-06-27 13:15:00,
1.125347065,8679183,Denisa Allertova,M Gasparyan v Allertova,100,2016-06-27 13:51:46.092,1.56,2016-06-27 14:05:00,
1.125347119,2256462,Lucie Safarova,L Safarova v Mattek-Sands,0,2016-06-25 02:42:59.957,1.42,2016-06-26 12:00:00,
1.125347119,2256462,Lucie Safarova,L Safarova v Mattek-Sands,10,2016-06-26 20:55:04.498,1.39,2016-06-27 12:30:00,
1.125347119,2256462,Lucie Safarova,L Safarova v Mattek-Sands,20,2016-06-27 03:17:24.979,1.33,2016-06-27 12:30:00,
1.125347119,2256462,Lucie Safarova,L Safarova v Mattek-Sands,30,2016-06-27 07:18:24.086,1.32,2016-06-27 12:30:00,
1.125347119,2256462,Lucie Safarova,L Safarova v Mattek-Sands,40,2016-06-27 08:27:56.515,1.37,2016-06-27 12:30:00,
1.125347119,2256462,Lucie Safarova,L Safarova v Mattek-Sands,50,2016-06-27 10:03:14.568,1.33,2016-06-27 12:30:00,
1.125347119,2256462,Lucie Safarova,L Safarova v Mattek-Sands,60,2016-06-27 10:36:23.813,1.35,2016-06-27 12:45:00,
1.125347119,2256462,Lucie Safarova,L Safarova v Mattek-Sands,70,2016-06-27 10:53:26.830,1.35,2016-06-27 12:35:00,
1.125347119,2256462,Lucie Safarova,L Safarova v Mattek-Sands,80,2016-06-27 12:44:18.533,1.37,2016-06-27 12:50:00,
1.125347119,2256462,Lucie Safarova,L Safarova v Mattek-Sands,90,2016-06-27 12:57:18.314,1.36,2016-06-27 13:05:00,
1.125347119,2256462,Lucie Safarova,L Safarova v Mattek-Sands,100,2016-06-27 13:09:25.257,1.37,2016-06-27 13:18:00,
1.125347119,8028692,Bethanie Mattek-Sands,L Safarova v Mattek-Sands,0,2016-06-26 20:25:27.214,3.25,2016-06-27 12:30:00,
1.125347119,8028692,Bethanie Mattek-Sands,L Safarova v Mattek-Sands,10,2016-06-27 07:25:18.831,3.65,2016-06-27 12:30:00,
1.125347119,8028692,Bethanie Mattek-Sands,L Safarova v Mattek-Sands,20,2016-06-27 08:27:56.515,3.75,2016-06-27 12:30:00,
1.125347119,8028692,Bethanie Mattek-Sands,L Safarova v Mattek-Sands,30,2016-06-27 08:45:26.015,3.75,2016-06-27 12:30:00,
1.125347119,8028692,Bethanie Mattek-Sands,L Safarova v Mattek-Sands,40,2016-06-27 09:19:58.308,3.65,2016-06-27 12:30:00,
1.125347119,8028692,Bethanie Mattek-Sands,L Safarova v Mattek-Sands,50,2016-06-27 09:29:16.197,3.75,2016-06-27 12:30:00,
1.125347119,8028692,Bethanie Mattek-Sands,L Safarova v Mattek-Sands,60,2016-06-27 10:34:17.234,3.7,2016-06-27 12:45:00,
1.125347119,8028692,Bethanie Mattek-Sands,L Safarova v Mattek-Sands,70,2016-06-27 11:07:26.334,3.85,2016-06-27 12:35:00,
1.125347119,8028692,Bethanie Mattek-Sands,L Safarova v Mattek-Sands,80,2016-06-27 11:55:25.652,3.7,2016-06-27 12:35:00,
1.125347119,8028692,Bethanie Mattek-Sands,L Safarova v Mattek-Sands,90,2016-06-27 12:40:57.100,3.7,2016-06-27 12:50:00,
1.125347119,8028692,Bethanie Mattek-Sands,L Safarova v Mattek-Sands,100,2016-06-27 12:57:18.314,3.7,2016-06-27 13:05:00,
1.125347173,2249840,Roberta Vinci,Riske v Vinci,0,2016-06-26 06:58:14.291,3.2,2016-06-27 11:00:00,
1.125347173,2249840,Roberta Vinci,Riske v Vinci,10,2016-06-27 20:54:43.041,2.98,2016-06-28 12:30:00,
1.125347173,2249840,Roberta Vinci,Riske v Vinci,20,2016-06-27 22:31:40.811,2.92,2016-06-28 12:30:00,
1.125347173,2249840,Roberta Vinci,Riske v Vinci,30,2016-06-28 06:30:24.839,2.98,2016-06-28 12:30:00,
1.125347173,2249840,Roberta Vinci,Riske v Vinci,40,2016-06-28 08:16:11.244,3.0,2016-06-28 12:30:00,
1.125347173,2249840,Roberta Vinci,Riske v Vinci,50,2016-06-28 09:50:30.240,3.0,2016-06-28 12:30:00,
1.125347173,2249840,Roberta Vinci,Riske v Vinci,60,2016-06-28 11:07:13.613,3.0,2016-06-28 12:36:00,
1.125347173,2249840,Roberta Vinci,Riske v Vinci,70,2016-06-28 11:45:04.169,3.05,2016-06-28 12:36:00,
1.125347173,2249840,Roberta Vinci,Riske v Vinci,80,2016-06-28 12:19:34.317,3.15,2016-06-28 12:36:00,
1.125347173,2249840,Roberta Vinci,Riske v Vinci,90,2016-06-28 12:45:44.414,3.1,2016-06-28 12:51:00,
1.125347173,2249840,Roberta Vinci,Riske v Vinci,100,2016-06-28 13:00:20.046,3.15,2016-06-28 13:15:00,
1.125347173,4566011,Alison Riske,Riske v Vinci,0,2016-06-26 06:58:14.291,1.46,2016-06-27 11:00:00,
1.125347173,4566011,Alison Riske,Riske v Vinci,10,2016-06-27 05:48:25.461,1.46,2016-06-28 12:00:00,
1.125347173,4566011,Alison Riske,Riske v Vinci,20,2016-06-27 21:10:02.678,1.52,2016-06-28 12:30:00,
1.125347173,4566011,Alison Riske,Riske v Vinci,30,2016-06-28 08:23:47.171,1.49,2016-06-28 12:30:00,
1.125347173,4566011,Alison Riske,Riske v Vinci,40,2016-06-28 09:21:44.244,1.48,2016-06-28 12:30:00,
1.125347173,4566011,Alison Riske,Riske v Vinci,50,2016-06-28 10:06:22.616,1.49,2016-06-28 12:30:00,
1.125347173,4566011,Alison Riske,Riske v Vinci,60,2016-06-28 11:14:12.438,1.5,2016-06-28 12:36:00,
1.125347173,4566011,Alison Riske,Riske v Vinci,70,2016-06-28 11:47:13.964,1.48,2016-06-28 12:36:00,
1.125347173,4566011,Alison Riske,Riske v Vinci,80,2016-06-28 12:29:42.405,1.47,2016-06-28 12:36:00,
1.125347173,4566011,Alison Riske,Riske v Vinci,90,2016-06-28 12:57:36.822,1.46,2016-06-28 13:06:00,
1.125347173,4566011,Alison Riske,Riske v Vinci,100,2016-06-28 13:03:37.716,1.46,2016-06-28 13:15:00,
1.125348266,8871269,Xu/Zheng,Xu/Zheng v Jurak/Rodionova,0,2016-06-29 10:05:12.192,1.82,2016-06-29 16:30:00,
1.125348266,8871269,Xu/Zheng,Xu/Zheng v Jurak/Rodionova,10,2016-06-29 10:18:57.117,1.84,2016-06-29 16:30:00,
1.125348266,8871269,Xu/Zheng,Xu/Zheng v Jurak/Rodionova,20,2016-06-29 11:11:30.747,2.1,2016-06-29 17:15:00,
1.125348266,8871269,Xu/Zheng,Xu/Zheng v Jurak/Rodionova,30,2016-06-29 13:07:37.582,2.16,2016-06-29 17:21:00,
1.125348266,8871269,Xu/Zheng,Xu/Zheng v Jurak/Rodionova,40,2016-06-29 14:08:28.497,2.1,2016-06-29 18:21:00,
1.125348266,8871269,Xu/Zheng,Xu/Zheng v Jurak/Rodionova,50,2016-06-29 15:13:29.865,2.08,2016-06-29 19:21:00,
1.125348266,8871269,Xu/Zheng,Xu/Zheng v Jurak/Rodionova,60,2016-06-29 16:25:55.966,2.14,2016-06-29 20:35:00,
1.125348266,8871269,Xu/Zheng,Xu/Zheng v Jurak/Rodionova,70,2016-06-29 17:00:27.582,2.12,2016-06-29 20:27:00,
1.125348266,8871269,Xu/Zheng,Xu/Zheng v Jurak/Rodionova,80,2016-06-29 17:00:40.031,2.14,2016-06-29 20:27:00,
1.125348266,8871269,Xu/Zheng,Xu/Zheng v Jurak/Rodionova,90,2016-06-29 17:10:54.596,2.16,2016-06-29 20:27:00,
1.125348266,8871269,Xu/Zheng,Xu/Zheng v Jurak/Rodionova,100,2016-06-29 20:44:19.705,2.1,2016-06-30 18:00:00,
1.125348266,10372821,Jurak/Rodionova,Xu/Zheng v Jurak/Rodionova,0,2016-06-29 10:05:12.192,2.2,2016-06-29 16:30:00,
1.125348266,10372821,Jurak/Rodionova,Xu/Zheng v Jurak/Rodionova,10,2016-06-29 11:10:00.455,1.8,2016-06-29 17:15:00,
1.125348266,10372821,Jurak/Rodionova,Xu/Zheng v Jurak/Rodionova,20,2016-06-29 11:11:30.747,1.91,2016-06-29 17:15:00,
1.125348266,10372821,Jurak/Rodionova,Xu/Zheng v Jurak/Rodionova,30,2016-06-29 11:12:30.526,1.88,2016-06-29 17:15:00,
1.125348266,10372821,Jurak/Rodionova,Xu/Zheng v Jurak/Rodionova,40,2016-06-29 12:43:12.081,1.9,2016-06-29 17:21:00,
1.125348266,10372821,Jurak/Rodionova,Xu/Zheng v Jurak/Rodionova,50,2016-06-29 13:07:37.582,1.86,2016-06-29 17:21:00,
1.125348266,10372821,Jurak/Rodionova,Xu/Zheng v Jurak/Rodionova,60,2016-06-29 15:13:29.865,1.9,2016-06-29 19:21:00,
1.125348266,10372821,Jurak/Rodionova,Xu/Zheng v Jurak/Rodionova,70,2016-06-29 17:00:27.582,1.9,2016-06-29 20:27:00,
1.125348266,10372821,Jurak/Rodionova,Xu/Zheng v Jurak/Rodionova,80,2016-06-29 17:00:40.031,1.86,2016-06-29 20:27:00,
1.125348266,10372821,Jurak/Rodionova,Xu/Zheng v Jurak/Rodionova,90,2016-06-29 17:10:54.596,1.9,2016-06-29 20:27:00,
1.125348266,10372821,Jurak/Rodionova,Xu/Zheng v Jurak/Rodionova,100,2016-06-30 16:00:44.913,1.94,2016-06-30 16:57:00,
1.125348303,22660,Williams/Williams,Williams/Williams v Klepac/Srebotnik,0,2016-06-28 13:47:01.505,1.29,2016-06-29 12:00:00,
1.125348303,22660,Williams/Williams,Williams/Williams v Klepac/Srebotnik,10,2016-06-28 19:52:41.129,1.27,2016-06-29 12:00:00,
1.125348303,22660,Williams/Williams,Williams/Williams v Klepac/Srebotnik,20,2016-06-30 08:56:55.120,1.29,2016-06-30 16:00:00,
1.125348303,22660,Williams/Williams,Williams/Williams v Klepac/Srebotnik,30,2016-06-30 08:58:41.414,1.28,2016-06-30 16:00:00,
1.125348303,22660,Williams/Williams,Williams/Williams v Klepac/Srebotnik,40,2016-06-30 11:40:15.199,1.29,2016-06-30 15:42:00,
1.125348303,22660,Williams/Williams,Williams/Williams v Klepac/Srebotnik,50,2016-06-30 12:01:40.139,1.27,2016-06-30 15:50:00,
1.125348303,22660,Williams/Williams,Williams/Williams v Klepac/Srebotnik,60,2016-06-30 12:30:56.113,1.24,2016-06-30 15:50:00,
1.125348303,22660,Williams/Williams,Williams/Williams v Klepac/Srebotnik,70,2016-06-30 12:57:51.121,1.29,2016-06-30 15:50:00,
1.125348303,22660,Williams/Williams,Williams/Williams v Klepac/Srebotnik,80,2016-06-30 13:58:12.971,1.23,2016-06-30 16:05:00,
1.125348303,22660,Williams/Williams,Williams/Williams v Klepac/Srebotnik,90,2016-06-30 15:33:53.879,1.26,2016-06-30 16:00:00,
1.125348303,22660,Williams/Williams,Williams/Williams v Klepac/Srebotnik,100,2016-06-30 16:02:45.784,1.32,2016-06-30 16:15:00,
1.125348363,2035578,Chan/Chan,Chan/Chan v Barty/Robson,0,2016-06-29 10:10:18.375,1.16,2016-06-29 16:00:00,
1.125348363,2035578,Chan/Chan,Chan/Chan v Barty/Robson,10,2016-06-29 10:51:45.527,1.17,2016-06-29 16:00:00,
1.125348363,2035578,Chan/Chan,Chan/Chan v Barty/Robson,20,2016-06-29 10:53:05.286,1.14,2016-06-29 16:00:00,
1.125348363,2035578,Chan/Chan,Chan/Chan v Barty/Robson,30,2016-06-29 15:32:04.176,1.16,2016-06-29 16:00:00,
1.125348363,2035578,Chan/Chan,Chan/Chan v Barty/Robson,40,2016-06-29 17:34:33.191,1.18,2016-06-29 17:45:00,
1.125348363,2035578,Chan/Chan,Chan/Chan v Barty/Robson,50,2016-06-29 18:19:11.714,1.19,2016-06-29 18:30:00,
1.125348363,2035578,Chan/Chan,Chan/Chan v Barty/Robson,60,2016-06-29 20:46:18.965,1.18,2016-06-30 16:00:00,
1.125348363,2035578,Chan/Chan,Chan/Chan v Barty/Robson,70,2016-06-30 08:21:53.826,1.19,2016-06-30 16:00:00,
1.125348363,2035578,Chan/Chan,Chan/Chan v Barty/Robson,80,2016-06-30 11:51:12.345,1.15,2016-06-30 16:00:00,
1.125348363,2035578,Chan/Chan,Chan/Chan v Barty/Robson,90,2016-06-30 12:33:51.094,1.18,2016-06-30 16:00:00,
1.125348363,2035578,Chan/Chan,Chan/Chan v Barty/Robson,100,2016-06-30 16:58:26.518,1.18,2016-06-30 17:00:00,
1.125348577,2257535,Andreas Seppi,St Johnson v Seppi,0,2016-06-24 11:49:47.622,2.34,2016-06-24 13:00:00,
1.125348577,2257535,Andreas Seppi,St Johnson v Seppi,10,2016-06-24 12:41:29.618,2.26,2016-06-24 13:00:00,
1.125348577,2257535,Andreas Seppi,St Johnson v Seppi,20,2016-06-24 12:56:28.129,2.28,2016-06-24 13:00:00,
1.125348577,2257535,Andreas Seppi,St Johnson v Seppi,30,2016-06-24 13:07:14.167,2.36,2016-06-24 13:15:00,
1.125348577,2257535,Andreas Seppi,St Johnson v Seppi,40,2016-06-24 13:10:33.718,2.32,2016-06-24 13:15:00,
1.125348577,2257535,Andreas Seppi,St Johnson v Seppi,50,2016-06-24 13:11:19.521,2.3,2016-06-24 13:15:00,
1.125348577,2257535,Andreas Seppi,St Johnson v Seppi,60,2016-06-24 13:21:30.848,2.3,2016-06-24 13:30:00,
1.125348577,2257535,Andreas Seppi,St Johnson v Seppi,70,2016-06-24 13:27:29.706,2.32,2016-06-24 13:30:00,
1.125348577,2257535,Andreas Seppi,St Johnson v Seppi,80,2016-06-24 13:32:07.601,2.36,2016-06-24 13:45:00,
1.125348577,2257535,Andreas Seppi,St Johnson v Seppi,90,2016-06-24 13:33:27.923,2.3,2016-06-24 13:45:00,
1.125348577,2257535,Andreas Seppi,St Johnson v Seppi,100,2016-06-24 13:41:03.338,2.4,2016-06-24 13:45:00,
1.125348577,4876706,Steve Johnson,St Johnson v Seppi,0,2016-06-24 11:49:47.622,1.74,2016-06-24 13:00:00,
1.125348577,4876706,Steve Johnson,St Johnson v Seppi,10,2016-06-24 12:13:29.285,1.82,2016-06-24 13:00:00,
1.125348577,4876706,Steve Johnson,St Johnson v Seppi,20,2016-06-24 12:28:10.365,1.78,2016-06-24 13:00:00,
1.125348577,4876706,Steve Johnson,St Johnson v Seppi,30,2016-06-24 12:33:44.806,1.78,2016-06-24 13:00:00,
1.125348577,4876706,Steve Johnson,St Johnson v Seppi,40,2016-06-24 12:49:28.223,1.77,2016-06-24 13:00:00,
1.125348577,4876706,Steve Johnson,St Johnson v Seppi,50,2016-06-24 12:59:34.052,1.78,2016-06-24 13:15:00,
1.125348577,4876706,Steve Johnson,St Johnson v Seppi,60,2016-06-24 13:05:36.308,1.76,2016-06-24 13:15:00,
1.125348577,4876706,Steve Johnson,St Johnson v Seppi,70,2016-06-24 13:17:31.499,1.74,2016-06-24 13:30:00,
1.125348577,4876706,Steve Johnson,St Johnson v Seppi,80,2016-06-24 13:29:36.407,1.76,2016-06-24 13:45:00,
1.125348577,4876706,Steve Johnson,St Johnson v Seppi,90,2016-06-24 13:37:34.893,1.72,2016-06-24 13:45:00,
1.125348577,4876706,Steve Johnson,St Johnson v Seppi,100,2016-06-24 13:48:21.408,1.69,2016-06-24 14:00:00,
1.12534914,2301145,Dominika Cibulkova,Cibulkova v Puig,0,2016-06-24 11:48:34.872,1.76,2016-06-24 12:00:00,
1.12534914,2301145,Dominika Cibulkova,Cibulkova v Puig,10,2016-06-24 12:27:38.050,1.65,2016-06-24 13:15:00,
1.12534914,2301145,Dominika Cibulkova,Cibulkova v Puig,20,2016-06-24 12:34:01.410,1.66,2016-06-24 13:15:00,
1.12534914,2301145,Dominika Cibulkova,Cibulkova v Puig,30,2016-06-24 12:47:46.313,1.73,2016-06-24 13:15:00,
1.12534914,2301145,Dominika Cibulkova,Cibulkova v Puig,40,2016-06-24 12:56:46.893,1.73,2016-06-24 13:15:00,
1.12534914,2301145,Dominika Cibulkova,Cibulkova v Puig,50,2016-06-24 13:00:56.701,1.78,2016-06-24 13:15:00,
1.12534914,2301145,Dominika Cibulkova,Cibulkova v Puig,60,2016-06-24 13:05:03.496,1.79,2016-06-24 13:15:00,
1.12534914,2301145,Dominika Cibulkova,Cibulkova v Puig,70,2016-06-24 13:09:50.574,1.73,2016-06-24 13:15:00,
1.12534914,2301145,Dominika Cibulkova,Cibulkova v Puig,80,2016-06-24 13:17:45.934,1.7,2016-06-24 13:30:00,
1.12534914,2301145,Dominika Cibulkova,Cibulkova v Puig,90,2016-06-24 13:26:04.006,1.62,2016-06-24 13:30:00,
1.12534914,2301145,Dominika Cibulkova,Cibulkova v Puig,100,2016-06-24 13:28:58.659,1.64,2016-06-24 13:30:00,
1.12534914,5374368,Monica Puig,Cibulkova v Puig,0,2016-06-24 11:48:34.872,2.3,2016-06-24 12:00:00,
1.12534914,5374368,Monica Puig,Cibulkova v Puig,10,2016-06-24 11:54:56.394,3.0,2016-06-24 12:00:00,
1.12534914,5374368,Monica Puig,Cibulkova v Puig,20,2016-06-24 12:36:44.587,2.26,2016-06-24 13:15:00,
1.12534914,5374368,Monica Puig,Cibulkova v Puig,30,2016-06-24 12:55:53.604,2.26,2016-06-24 13:15:00,
1.12534914,5374368,Monica Puig,Cibulkova v Puig,40,2016-06-24 12:56:46.893,2.38,2016-06-24 13:15:00,
1.12534914,5374368,Monica Puig,Cibulkova v Puig,50,2016-06-24 12:59:29.333,2.26,2016-06-24 13:15:00,
1.12534914,5374368,Monica Puig,Cibulkova v Puig,60,2016-06-24 13:02:24.543,2.36,2016-06-24 13:15:00,
1.12534914,5374368,Monica Puig,Cibulkova v Puig,70,2016-06-24 13:05:03.496,2.26,2016-06-24 13:15:00,
1.12534914,5374368,Monica Puig,Cibulkova v Puig,80,2016-06-24 13:17:02.913,2.58,2016-06-24 13:30:00,
1.12534914,5374368,Monica Puig,Cibulkova v Puig,90,2016-06-24 13:22:54.663,2.5,2016-06-24 13:30:00,
1.12534914,5374368,Monica Puig,Cibulkova v Puig,100,2016-06-24 13:27:04.859,2.46,2016-06-24 13:30:00,
1.12535033,5596561,Johanna Konta,Ka Pliskova v Konta,0,2016-06-24 13:44:48.573,1.92,2016-06-24 15:28:00,
1.12535033,5596561,Johanna Konta,Ka Pliskova v Konta,10,2016-06-24 14:10:57.908,2.3,2016-06-24 15:28:00,
1.12535033,5596561,Johanna Konta,Ka Pliskova v Konta,20,2016-06-24 14:22:08.087,2.38,2016-06-24 15:28:00,
1.12535033,5596561,Johanna Konta,Ka Pliskova v Konta,30,2016-06-24 14:36:03.580,2.54,2016-06-24 15:28:00,
1.12535033,5596561,Johanna Konta,Ka Pliskova v Konta,40,2016-06-24 14:49:04.585,2.58,2016-06-24 15:28:00,
1.12535033,5596561,Johanna Konta,Ka Pliskova v Konta,50,2016-06-24 14:53:06.928,2.62,2016-06-24 15:28:00,
1.12535033,5596561,Johanna Konta,Ka Pliskova v Konta,60,2016-06-24 14:54:00.819,2.6,2016-06-24 15:28:00,
1.12535033,5596561,Johanna Konta,Ka Pliskova v Konta,70,2016-06-24 14:58:07.534,2.66,2016-06-24 15:28:00,
1.12535033,5596561,Johanna Konta,Ka Pliskova v Konta,80,2016-06-24 15:01:07.508,2.74,2016-06-24 15:02:00,
1.12535033,5596561,Johanna Konta,Ka Pliskova v Konta,90,2016-06-24 15:06:07.342,2.72,2016-06-24 15:17:00,
1.12535033,5596561,Johanna Konta,Ka Pliskova v Konta,100,2016-06-24 15:08:05.089,2.72,2016-06-24 15:17:00,
1.12535033,6199453,Karolina Pliskova,Ka Pliskova v Konta,0,2016-06-24 13:48:49.793,2.08,2016-06-24 15:28:00,
1.12535033,6199453,Karolina Pliskova,Ka Pliskova v Konta,10,2016-06-24 14:00:42.233,1.82,2016-06-24 15:28:00,
1.12535033,6199453,Karolina Pliskova,Ka Pliskova v Konta,20,2016-06-24 14:10:57.908,1.76,2016-06-24 15:28:00,
1.12535033,6199453,Karolina Pliskova,Ka Pliskova v Konta,30,2016-06-24 14:22:08.087,1.72,2016-06-24 15:28:00,
1.12535033,6199453,Karolina Pliskova,Ka Pliskova v Konta,40,2016-06-24 14:27:52.124,1.67,2016-06-24 15:28:00,
1.12535033,6199453,Karolina Pliskova,Ka Pliskova v Konta,50,2016-06-24 14:33:09.189,1.63,2016-06-24 15:28:00,
1.12535033,6199453,Karolina Pliskova,Ka Pliskova v Konta,60,2016-06-24 14:43:09.141,1.64,2016-06-24 15:28:00,
1.12535033,6199453,Karolina Pliskova,Ka Pliskova v Konta,70,2016-06-24 14:48:07.280,1.64,2016-06-24 15:28:00,
1.12535033,6199453,Karolina Pliskova,Ka Pliskova v Konta,80,2016-06-24 14:52:09.107,1.62,2016-06-24 15:28:00,
1.12535033,6199453,Karolina Pliskova,Ka Pliskova v Konta,90,2016-06-24 15:00:08.437,1.59,2016-06-24 15:02:00,
1.12535033,6199453,Karolina Pliskova,Ka Pliskova v Konta,100,2016-06-24 15:08:05.089,1.58,2016-06-24 15:17:00,
1.125350899,2283676,Carlos Berlocq,Cecchinato v Berlocq,0,2016-06-24 20:43:47.157,1.56,2016-06-25 10:00:00,
1.125350899,2283676,Carlos Berlocq,Cecchinato v Berlocq,10,2016-06-25 05:29:42.536,1.52,2016-06-25 10:00:00,
1.125350899,2283676,Carlos Berlocq,Cecchinato v Berlocq,20,2016-06-25 07:50:20.811,1.44,2016-06-25 10:00:00,
1.125350899,2283676,Carlos Berlocq,Cecchinato v Berlocq,30,2016-06-25 08:02:34.360,1.48,2016-06-25 10:00:00,
1.125350899,2283676,Carlos Berlocq,Cecchinato v Berlocq,40,2016-06-25 08:43:46.947,1.48,2016-06-25 10:00:00,
1.125350899,2283676,Carlos Berlocq,Cecchinato v Berlocq,50,2016-06-25 09:00:24.953,1.49,2016-06-25 10:00:00,
1.125350899,2283676,Carlos Berlocq,Cecchinato v Berlocq,60,2016-06-25 09:10:35.380,1.44,2016-06-25 10:00:00,
1.125350899,2283676,Carlos Berlocq,Cecchinato v Berlocq,70,2016-06-25 09:20:38.359,1.49,2016-06-25 10:00:00,
1.125350899,2283676,Carlos Berlocq,Cecchinato v Berlocq,80,2016-06-25 09:35:38.291,1.43,2016-06-25 10:00:00,
1.125350899,2283676,Carlos Berlocq,Cecchinato v Berlocq,90,2016-06-25 09:47:48.340,1.44,2016-06-25 10:00:00,
1.125350899,2283676,Carlos Berlocq,Cecchinato v Berlocq,100,2016-06-25 09:53:35.707,1.46,2016-06-25 10:00:00,
1.125350899,6374165,Marco Cecchinato,Cecchinato v Berlocq,0,2016-06-25 00:50:32.103,2.88,2016-06-25 10:00:00,
1.125350899,6374165,Marco Cecchinato,Cecchinato v Berlocq,10,2016-06-25 08:32:46.380,3.05,2016-06-25 10:00:00,
1.125350899,6374165,Marco Cecchinato,Cecchinato v Berlocq,20,2016-06-25 08:42:39.259,3.1,2016-06-25 10:00:00,
1.125350899,6374165,Marco Cecchinato,Cecchinato v Berlocq,30,2016-06-25 08:43:46.947,3.05,2016-06-25 10:00:00,
1.125350899,6374165,Marco Cecchinato,Cecchinato v Berlocq,40,2016-06-25 08:50:40.204,3.05,2016-06-25 10:00:00,
1.125350899,6374165,Marco Cecchinato,Cecchinato v Berlocq,50,2016-06-25 09:20:38.359,3.25,2016-06-25 10:00:00,
1.125350899,6374165,Marco Cecchinato,Cecchinato v Berlocq,60,2016-06-25 09:31:53.062,3.05,2016-06-25 10:00:00,
1.125350899,6374165,Marco Cecchinato,Cecchinato v Berlocq,70,2016-06-25 09:37:43.749,3.05,2016-06-25 10:00:00,
1.125350899,6374165,Marco Cecchinato,Cecchinato v Berlocq,80,2016-06-25 09:45:46.808,3.25,2016-06-25 10:00:00,
1.125350899,6374165,Marco Cecchinato,Cecchinato v Berlocq,90,2016-06-25 09:48:48.280,3.0,2016-06-25 10:00:00,
1.125350899,6374165,Marco Cecchinato,Cecchinato v Berlocq,100,2016-06-25 09:53:35.707,3.1,2016-06-25 10:00:00,
1.125351417,2424953,Pablo Cuevas,St Johnson v P Cuevas,0,2016-06-24 19:21:58.446,2.74,2016-06-25 13:00:00,
1.125351417,2424953,Pablo Cuevas,St Johnson v P Cuevas,10,2016-06-24 22:51:32.700,2.96,2016-06-25 13:00:00,
1.125351417,2424953,Pablo Cuevas,St Johnson v P Cuevas,20,2016-06-25 09:24:23.264,2.84,2016-06-25 13:00:00,
1.125351417,2424953,Pablo Cuevas,St Johnson v P Cuevas,30,2016-06-25 10:53:11.584,2.78,2016-06-25 13:00:00,
1.125351417,2424953,Pablo Cuevas,St Johnson v P Cuevas,40,2016-06-25 11:50:33.963,2.76,2016-06-25 13:00:00,
1.125351417,2424953,Pablo Cuevas,St Johnson v P Cuevas,50,2016-06-25 12:31:29.777,2.78,2016-06-25 13:00:00,
1.125351417,2424953,Pablo Cuevas,St Johnson v P Cuevas,60,2016-06-25 12:52:32.530,2.9,2016-06-25 13:00:00,
1.125351417,2424953,Pablo Cuevas,St Johnson v P Cuevas,70,2016-06-25 13:26:33.417,2.9,2016-06-25 13:30:00,
1.125351417,2424953,Pablo Cuevas,St Johnson v P Cuevas,80,2016-06-25 14:12:32.350,2.8,2016-06-25 14:15:00,
1.125351417,2424953,Pablo Cuevas,St Johnson v P Cuevas,90,2016-06-25 14:52:01.117,2.86,2016-06-25 15:00:00,
1.125351417,2424953,Pablo Cuevas,St Johnson v P Cuevas,100,2016-06-25 15:08:31.558,2.94,2016-06-25 15:15:00,
1.125351417,4876706,Steve Johnson,St Johnson v P Cuevas,0,2016-06-24 17:52:06.952,1.52,2016-06-25 13:00:00,
1.125351417,4876706,Steve Johnson,St Johnson v P Cuevas,10,2016-06-24 23:51:41.070,1.54,2016-06-25 13:00:00,
1.125351417,4876706,Steve Johnson,St Johnson v P Cuevas,20,2016-06-25 06:16:22.798,1.54,2016-06-25 13:00:00,
1.125351417,4876706,Steve Johnson,St Johnson v P Cuevas,30,2016-06-25 09:05:33.229,1.54,2016-06-25 13:00:00,
1.125351417,4876706,Steve Johnson,St Johnson v P Cuevas,40,2016-06-25 10:40:32.639,1.57,2016-06-25 13:00:00,
1.125351417,4876706,Steve Johnson,St Johnson v P Cuevas,50,2016-06-25 11:53:33.005,1.55,2016-06-25 13:00:00,
1.125351417,4876706,Steve Johnson,St Johnson v P Cuevas,60,2016-06-25 12:42:28.616,1.56,2016-06-25 13:00:00,
1.125351417,4876706,Steve Johnson,St Johnson v P Cuevas,70,2016-06-25 13:30:31.257,1.54,2016-06-25 13:45:00,
1.125351417,4876706,Steve Johnson,St Johnson v P Cuevas,80,2016-06-25 14:05:05.807,1.55,2016-06-25 14:15:00,
1.125351417,4876706,Steve Johnson,St Johnson v P Cuevas,90,2016-06-25 14:34:39.409,1.51,2016-06-25 14:45:00,
1.125351417,4876706,Steve Johnson,St Johnson v P Cuevas,100,2016-06-25 15:12:20.977,1.52,2016-06-25 15:15:00,
1.125354466,2301145,Dominika Cibulkova,Cibulkova v Ka Pliskova,0,2016-06-24 19:52:09.475,2.3,2016-06-25 12:30:00,
1.125354466,2301145,Dominika Cibulkova,Cibulkova v Ka Pliskova,10,2016-06-24 23:05:06.621,2.5,2016-06-25 12:30:00,
1.125354466,2301145,Dominika Cibulkova,Cibulkova v Ka Pliskova,20,2016-06-25 00:46:45.037,2.56,2016-06-25 12:30:00,
1.125354466,2301145,Dominika Cibulkova,Cibulkova v Ka Pliskova,30,2016-06-25 07:49:51.335,2.5,2016-06-25 12:30:00,
1.125354466,2301145,Dominika Cibulkova,Cibulkova v Ka Pliskova,40,2016-06-25 09:30:02.254,2.52,2016-06-25 12:30:00,
1.125354466,2301145,Dominika Cibulkova,Cibulkova v Ka Pliskova,50,2016-06-25 10:44:01.000,2.6,2016-06-25 12:30:00,
1.125354466,2301145,Dominika Cibulkova,Cibulkova v Ka Pliskova,60,2016-06-25 11:22:09.126,2.62,2016-06-25 12:30:00,
1.125354466,2301145,Dominika Cibulkova,Cibulkova v Ka Pliskova,70,2016-06-25 11:43:52.525,2.54,2016-06-25 12:30:00,
1.125354466,2301145,Dominika Cibulkova,Cibulkova v Ka Pliskova,80,2016-06-25 12:12:08.233,2.46,2016-06-25 12:30:00,
1.125354466,2301145,Dominika Cibulkova,Cibulkova v Ka Pliskova,90,2016-06-25 12:18:08.080,2.44,2016-06-25 12:30:00,
1.125354466,2301145,Dominika Cibulkova,Cibulkova v Ka Pliskova,100,2016-06-25 12:29:07.548,2.4,2016-06-25 12:30:00,
1.125354466,6199453,Karolina Pliskova,Cibulkova v Ka Pliskova,0,2016-06-24 20:02:09.239,1.6,2016-06-25 12:30:00,
1.125354466,6199453,Karolina Pliskova,Cibulkova v Ka Pliskova,10,2016-06-24 22:43:03.265,1.6,2016-06-25 12:30:00,
1.125354466,6199453,Karolina Pliskova,Cibulkova v Ka Pliskova,20,2016-06-25 00:30:35.900,1.66,2016-06-25 12:30:00,
1.125354466,6199453,Karolina Pliskova,Cibulkova v Ka Pliskova,30,2016-06-25 06:05:05.762,1.65,2016-06-25 12:30:00,
1.125354466,6199453,Karolina Pliskova,Cibulkova v Ka Pliskova,40,2016-06-25 08:38:39.455,1.66,2016-06-25 12:30:00,
1.125354466,6199453,Karolina Pliskova,Cibulkova v Ka Pliskova,50,2016-06-25 09:36:06.972,1.62,2016-06-25 12:30:00,
1.125354466,6199453,Karolina Pliskova,Cibulkova v Ka Pliskova,60,2016-06-25 09:56:05.730,1.62,2016-06-25 12:30:00,
1.125354466,6199453,Karolina Pliskova,Cibulkova v Ka Pliskova,70,2016-06-25 11:16:07.395,1.61,2016-06-25 12:30:00,
1.125354466,6199453,Karolina Pliskova,Cibulkova v Ka Pliskova,80,2016-06-25 11:40:08.372,1.66,2016-06-25 12:30:00,
1.125354466,6199453,Karolina Pliskova,Cibulkova v Ka Pliskova,90,2016-06-25 12:13:08.417,1.68,2016-06-25 12:30:00,
1.125354466,6199453,Karolina Pliskova,Cibulkova v Ka Pliskova,100,2016-06-25 12:29:07.548,1.72,2016-06-25 12:30:00,
1.12535477,7692106,Laslo Djere,Djere v Gimeno-Traver,0,2016-06-25 11:11:23.563,2.12,2016-06-25 14:30:00,
1.12535477,7692106,Laslo Djere,Djere v Gimeno-Traver,10,2016-06-25 11:23:17.515,2.24,2016-06-25 14:30:00,
1.12535477,7692106,Laslo Djere,Djere v Gimeno-Traver,20,2016-06-25 11:51:33.676,2.1,2016-06-25 14:30:00,
1.12535477,7692106,Laslo Djere,Djere v Gimeno-Traver,30,2016-06-25 12:30:45.277,2.26,2016-06-25 14:30:00,
1.12535477,7692106,Laslo Djere,Djere v Gimeno-Traver,40,2016-06-25 12:34:46.332,2.3,2016-06-25 14:30:00,
1.12535477,7692106,Laslo Djere,Djere v Gimeno-Traver,50,2016-06-25 12:38:45.187,2.3,2016-06-25 14:30:00,
1.12535477,7692106,Laslo Djere,Djere v Gimeno-Traver,60,2016-06-25 13:22:46.795,2.24,2016-06-25 14:30:00,
1.12535477,7692106,Laslo Djere,Djere v Gimeno-Traver,70,2016-06-25 13:24:03.562,2.24,2016-06-25 14:30:00,
1.12535477,7692106,Laslo Djere,Djere v Gimeno-Traver,80,2016-06-25 14:15:46.015,2.46,2016-06-25 14:30:00,
1.12535477,7692106,Laslo Djere,Djere v Gimeno-Traver,90,2016-06-25 14:22:43.019,2.26,2016-06-25 14:30:00,
1.12535477,7692106,Laslo Djere,Djere v Gimeno-Traver,100,2016-06-25 14:33:52.298,2.38,2016-06-25 14:45:00,
1.12535477,8260127,Daniel Gimeno-Traver,Djere v Gimeno-Traver,0,2016-06-25 05:49:57.849,1.76,2016-06-25 14:30:00,
1.12535477,8260127,Daniel Gimeno-Traver,Djere v Gimeno-Traver,10,2016-06-25 11:23:17.515,1.8,2016-06-25 14:30:00,
1.12535477,8260127,Daniel Gimeno-Traver,Djere v Gimeno-Traver,20,2016-06-25 11:51:33.676,1.87,2016-06-25 14:30:00,
1.12535477,8260127,Daniel Gimeno-Traver,Djere v Gimeno-Traver,30,2016-06-25 12:30:45.277,1.79,2016-06-25 14:30:00,
1.12535477,8260127,Daniel Gimeno-Traver,Djere v Gimeno-Traver,40,2016-06-25 12:33:34.534,1.75,2016-06-25 14:30:00,
1.12535477,8260127,Daniel Gimeno-Traver,Djere v Gimeno-Traver,50,2016-06-25 12:38:45.187,1.76,2016-06-25 14:30:00,
1.12535477,8260127,Daniel Gimeno-Traver,Djere v Gimeno-Traver,60,2016-06-25 14:08:45.644,1.72,2016-06-25 14:30:00,
1.12535477,8260127,Daniel Gimeno-Traver,Djere v Gimeno-Traver,70,2016-06-25 14:19:38.435,1.75,2016-06-25 14:30:00,
1.12535477,8260127,Daniel Gimeno-Traver,Djere v Gimeno-Traver,80,2016-06-25 14:24:36.285,1.8,2016-06-25 14:30:00,
1.12535477,8260127,Daniel Gimeno-Traver,Djere v Gimeno-Traver,90,2016-06-25 14:29:47.078,1.73,2016-06-25 14:45:00,
1.12535477,8260127,Daniel Gimeno-Traver,Djere v Gimeno-Traver,100,2016-06-25 14:39:45.548,1.72,2016-06-25 14:45:00,
1.125355315,6195133,Dodig/Melo,Dodig/Melo v Inglot/Nestor,0,2016-06-25 03:50:28.017,1.55,2016-06-25 11:00:00,
1.125355315,6195133,Dodig/Melo,Dodig/Melo v Inglot/Nestor,10,2016-06-25 08:01:26.530,1.53,2016-06-25 11:00:00,
1.125355315,6195133,Dodig/Melo,Dodig/Melo v Inglot/Nestor,20,2016-06-25 08:42:10.548,1.54,2016-06-25 11:00:00,
1.125355315,6195133,Dodig/Melo,Dodig/Melo v Inglot/Nestor,30,2016-06-25 09:00:34.667,1.55,2016-06-25 11:00:00,
1.125355315,6195133,Dodig/Melo,Dodig/Melo v Inglot/Nestor,40,2016-06-25 09:52:24.306,1.58,2016-06-25 11:00:00,
1.125355315,6195133,Dodig/Melo,Dodig/Melo v Inglot/Nestor,50,2016-06-25 10:39:23.318,1.6,2016-06-25 11:00:00,
1.125355315,6195133,Dodig/Melo,Dodig/Melo v Inglot/Nestor,60,2016-06-25 10:40:19.488,1.61,2016-06-25 11:00:00,
1.125355315,6195133,Dodig/Melo,Dodig/Melo v Inglot/Nestor,70,2016-06-25 10:59:56.076,1.56,2016-06-25 11:15:00,
1.125355315,6195133,Dodig/Melo,Dodig/Melo v Inglot/Nestor,80,2016-06-25 11:01:34.393,1.63,2016-06-25 11:15:00,
1.125355315,6195133,Dodig/Melo,Dodig/Melo v Inglot/Nestor,90,2016-06-25 11:02:17.571,1.62,2016-06-25 11:15:00,
1.125355315,6195133,Dodig/Melo,Dodig/Melo v Inglot/Nestor,100,2016-06-25 11:59:53.402,1.68,2016-06-25 12:15:00,
1.125356985,2248470,Elena Vesnina,Vesnina v Paszek,0,2016-06-26 18:30:02.634,1.46,2016-06-28 12:00:00,
1.125356985,2248470,Elena Vesnina,Vesnina v Paszek,10,2016-06-28 03:07:13.132,1.43,2016-06-28 12:30:00,
1.125356985,2248470,Elena Vesnina,Vesnina v Paszek,20,2016-06-28 06:13:54.032,1.4,2016-06-28 12:30:00,
1.125356985,2248470,Elena Vesnina,Vesnina v Paszek,30,2016-06-28 07:34:25.622,1.4,2016-06-28 12:30:00,
1.125356985,2248470,Elena Vesnina,Vesnina v Paszek,40,2016-06-28 08:08:19.570,1.39,2016-06-28 12:30:00,
1.125356985,2248470,Elena Vesnina,Vesnina v Paszek,50,2016-06-28 08:27:59.606,1.46,2016-06-28 12:30:00,
1.125356985,2248470,Elena Vesnina,Vesnina v Paszek,60,2016-06-28 09:37:05.402,1.42,2016-06-28 12:30:00,
1.125356985,2248470,Elena Vesnina,Vesnina v Paszek,70,2016-06-28 10:02:05.901,1.46,2016-06-28 12:30:00,
1.125356985,2248470,Elena Vesnina,Vesnina v Paszek,80,2016-06-28 10:29:33.246,1.43,2016-06-28 12:45:00,
1.125356985,2248470,Elena Vesnina,Vesnina v Paszek,90,2016-06-28 11:05:03.363,1.45,2016-06-28 12:32:00,
1.125356985,2248470,Elena Vesnina,Vesnina v Paszek,100,2016-06-28 11:54:02.980,1.43,2016-06-28 12:32:00,
1.125356985,2263715,Tamira Paszek,Vesnina v Paszek,0,2016-06-26 18:30:02.634,3.2,2016-06-28 12:00:00,
1.125356985,2263715,Tamira Paszek,Vesnina v Paszek,10,2016-06-27 12:49:01.677,3.15,2016-06-28 12:00:00,
1.125356985,2263715,Tamira Paszek,Vesnina v Paszek,20,2016-06-28 05:15:41.593,3.45,2016-06-28 12:30:00,
1.125356985,2263715,Tamira Paszek,Vesnina v Paszek,30,2016-06-28 05:55:31.368,3.6,2016-06-28 12:30:00,
1.125356985,2263715,Tamira Paszek,Vesnina v Paszek,40,2016-06-28 07:26:49.564,3.65,2016-06-28 12:30:00,
1.125356985,2263715,Tamira Paszek,Vesnina v Paszek,50,2016-06-28 07:53:04.353,3.5,2016-06-28 12:30:00,
1.125356985,2263715,Tamira Paszek,Vesnina v Paszek,60,2016-06-28 08:03:59.597,3.25,2016-06-28 12:30:00,
1.125356985,2263715,Tamira Paszek,Vesnina v Paszek,70,2016-06-28 09:05:04.655,3.5,2016-06-28 12:30:00,
1.125356985,2263715,Tamira Paszek,Vesnina v Paszek,80,2016-06-28 10:02:05.901,3.2,2016-06-28 12:30:00,
1.125356985,2263715,Tamira Paszek,Vesnina v Paszek,90,2016-06-28 11:37:07.742,3.3,2016-06-28 12:32:00,
1.125356985,2263715,Tamira Paszek,Vesnina v Paszek,100,2016-06-28 11:54:31.040,3.3,2016-06-28 12:32:00,
1.125357051,2311979,Anna Tatishvili,Minella v Tatishvili,0,2016-06-26 18:18:45.765,1.9,2016-06-28 12:00:00,
1.125357051,2311979,Anna Tatishvili,Minella v Tatishvili,10,2016-06-28 09:17:01.773,1.85,2016-06-28 14:30:00,
1.125357051,2311979,Anna Tatishvili,Minella v Tatishvili,20,2016-06-28 12:15:05.167,1.82,2016-06-28 14:33:00,
1.125357051,2311979,Anna Tatishvili,Minella v Tatishvili,30,2016-06-28 13:48:12.462,1.83,2016-06-28 15:31:00,
1.125357051,2311979,Anna Tatishvili,Minella v Tatishvili,40,2016-06-28 14:35:40.668,1.82,2016-06-28 15:31:00,
1.125357051,2311979,Anna Tatishvili,Minella v Tatishvili,50,2016-06-28 15:35:53.141,1.85,2016-06-28 15:46:00,
1.125357051,2311979,Anna Tatishvili,Minella v Tatishvili,60,2016-06-28 21:48:04.336,1.76,2016-06-29 12:30:00,
1.125357051,2311979,Anna Tatishvili,Minella v Tatishvili,70,2016-06-29 07:40:34.481,1.85,2016-06-29 12:30:00,
1.125357051,2311979,Anna Tatishvili,Minella v Tatishvili,80,2016-06-29 11:31:27.590,1.84,2016-06-29 13:20:00,
1.125357051,2311979,Anna Tatishvili,Minella v Tatishvili,90,2016-06-29 13:32:24.504,1.94,2016-06-29 13:35:00,
1.125357051,2311979,Anna Tatishvili,Minella v Tatishvili,100,2016-06-30 09:01:47.392,2.56,2016-06-30 10:00:00,2016-06-29 17:00:15.072
1.125357051,3425152,Mandy Minella,Minella v Tatishvili,0,2016-06-26 20:27:14.001,2.12,2016-06-28 12:00:00,
1.125357051,3425152,Mandy Minella,Minella v Tatishvili,10,2016-06-28 09:44:09.643,2.18,2016-06-28 14:30:00,
1.125357051,3425152,Mandy Minella,Minella v Tatishvili,20,2016-06-28 12:24:44.543,2.14,2016-06-28 14:33:00,
1.125357051,3425152,Mandy Minella,Minella v Tatishvili,30,2016-06-28 14:17:10.186,2.2,2016-06-28 15:31:00,
1.125357051,3425152,Mandy Minella,Minella v Tatishvili,40,2016-06-28 15:04:51.880,2.2,2016-06-28 15:31:00,
1.125357051,3425152,Mandy Minella,Minella v Tatishvili,50,2016-06-28 16:24:04.439,2.22,2016-06-28 16:31:00,
1.125357051,3425152,Mandy Minella,Minella v Tatishvili,60,2016-06-29 09:56:14.860,2.18,2016-06-29 12:30:00,
1.125357051,3425152,Mandy Minella,Minella v Tatishvili,70,2016-06-29 16:23:05.328,2.12,2016-06-29 16:35:00,
1.125357051,3425152,Mandy Minella,Minella v Tatishvili,80,2016-06-30 04:32:13.080,1.61,2016-06-30 10:00:00,2016-06-29 17:00:15.072
1.125357051,3425152,Mandy Minella,Minella v Tatishvili,90,2016-06-30 07:32:15.035,1.6,2016-06-30 10:00:00,2016-06-29 17:00:15.072
1.125357051,3425152,Mandy Minella,Minella v Tatishvili,100,2016-06-30 09:46:56.392,1.65,2016-06-30 10:00:00,2016-06-29 17:00:15.072
1.125357065,2250859,Marina Erakovic,Falconi v Erakovic,0,2016-06-25 17:11:53.077,1.4,2016-06-26 12:00:00,
1.125357065,2250859,Marina Erakovic,Falconi v Erakovic,10,2016-06-26 04:18:05.723,1.34,2016-06-27 11:00:00,
1.125357065,2250859,Marina Erakovic,Falconi v Erakovic,20,2016-06-27 07:17:14.131,1.34,2016-06-27 16:30:00,
1.125357065,2250859,Marina Erakovic,Falconi v Erakovic,30,2016-06-27 08:37:57.643,1.31,2016-06-27 16:30:00,
1.125357065,2250859,Marina Erakovic,Falconi v Erakovic,40,2016-06-27 12:00:25.105,1.31,2016-06-27 16:34:00,
1.125357065,2250859,Marina Erakovic,Falconi v Erakovic,50,2016-06-27 12:59:55.260,1.3,2016-06-27 16:18:00,
1.125357065,2250859,Marina Erakovic,Falconi v Erakovic,60,2016-06-27 13:14:59.056,1.28,2016-06-27 16:18:00,
1.125357065,2250859,Marina Erakovic,Falconi v Erakovic,70,2016-06-27 13:50:41.858,1.29,2016-06-27 16:18:00,
1.125357065,2250859,Marina Erakovic,Falconi v Erakovic,80,2016-06-27 14:03:47.580,1.29,2016-06-27 16:02:00,
1.125357065,2250859,Marina Erakovic,Falconi v Erakovic,90,2016-06-27 14:05:14.793,1.33,2016-06-27 15:59:00,
1.125357065,2250859,Marina Erakovic,Falconi v Erakovic,100,2016-06-27 15:45:02.100,1.31,2016-06-27 15:59:00,
1.125357065,4946384,Irina Falconi,Falconi v Erakovic,0,2016-06-25 15:05:37.868,3.35,2016-06-26 12:00:00,
1.125357065,4946384,Irina Falconi,Falconi v Erakovic,10,2016-06-26 04:00:31.406,3.4,2016-06-27 11:00:00,
1.125357065,4946384,Irina Falconi,Falconi v Erakovic,20,2016-06-27 01:04:09.221,3.85,2016-06-27 16:30:00,
1.125357065,4946384,Irina Falconi,Falconi v Erakovic,30,2016-06-27 01:39:42.267,3.7,2016-06-27 16:30:00,
1.125357065,4946384,Irina Falconi,Falconi v Erakovic,40,2016-06-27 08:37:57.643,4.2,2016-06-27 16:30:00,
1.125357065,4946384,Irina Falconi,Falconi v Erakovic,50,2016-06-27 09:40:14.276,4.1,2016-06-27 16:30:00,
1.125357065,4946384,Irina Falconi,Falconi v Erakovic,60,2016-06-27 10:19:25.606,4.1,2016-06-27 16:30:00,
1.125357065,4946384,Irina Falconi,Falconi v Erakovic,70,2016-06-27 12:00:25.105,4.3,2016-06-27 16:34:00,
1.125357065,4946384,Irina Falconi,Falconi v Erakovic,80,2016-06-27 14:06:46.044,3.95,2016-06-27 15:59:00,
1.125357065,4946384,Irina Falconi,Falconi v Erakovic,90,2016-06-27 14:50:37.038,4.1,2016-06-27 15:59:00,
1.125357065,4946384,Irina Falconi,Falconi v Erakovic,100,2016-06-27 16:09:56.158,4.3,2016-06-27 16:14:00,
1.125357081,2309528,Monica Niculescu,Niculescu v Krunic,0,2016-06-26 13:02:14.240,2.1,2016-06-28 12:00:00,
1.125357081,2309528,Monica Niculescu,Niculescu v Krunic,10,2016-06-27 19:49:37.785,2.2,2016-06-28 16:30:00,
1.125357081,2309528,Monica Niculescu,Niculescu v Krunic,20,2016-06-28 06:30:13.654,2.28,2016-06-28 16:30:00,
1.125357081,2309528,Monica Niculescu,Niculescu v Krunic,30,2016-06-28 08:49:08.796,2.2,2016-06-28 16:30:00,
1.125357081,2309528,Monica Niculescu,Niculescu v Krunic,40,2016-06-28 14:14:55.506,2.2,2016-06-28 16:13:00,
1.125357081,2309528,Monica Niculescu,Niculescu v Krunic,50,2016-06-28 15:37:09.767,2.36,2016-06-28 15:39:00,
1.125357081,2309528,Monica Niculescu,Niculescu v Krunic,60,2016-06-28 19:02:34.763,2.28,2016-06-28 21:09:00,
1.125357081,2309528,Monica Niculescu,Niculescu v Krunic,70,2016-06-29 09:58:45.117,2.46,2016-06-29 12:30:00,
1.125357081,2309528,Monica Niculescu,Niculescu v Krunic,80,2016-06-29 13:25:54.476,2.38,2016-06-29 13:32:00,
1.125357081,2309528,Monica Niculescu,Niculescu v Krunic,90,2016-06-30 05:42:24.462,2.36,2016-06-30 10:00:00,
1.125357081,2309528,Monica Niculescu,Niculescu v Krunic,100,2016-06-30 10:07:01.924,2.36,2016-06-30 10:15:00,
1.125357081,5300820,Aleksandra Krunic,Niculescu v Krunic,0,2016-06-26 12:56:01.624,1.93,2016-06-28 12:00:00,
1.125357081,5300820,Aleksandra Krunic,Niculescu v Krunic,10,2016-06-27 23:52:58.697,1.82,2016-06-28 16:30:00,
1.125357081,5300820,Aleksandra Krunic,Niculescu v Krunic,20,2016-06-28 09:49:12.810,1.8,2016-06-28 16:30:00,
1.125357081,5300820,Aleksandra Krunic,Niculescu v Krunic,30,2016-06-28 14:33:53.142,1.79,2016-06-28 16:13:00,
1.125357081,5300820,Aleksandra Krunic,Niculescu v Krunic,40,2016-06-28 16:29:50.999,1.74,2016-06-28 16:39:00,
1.125357081,5300820,Aleksandra Krunic,Niculescu v Krunic,50,2016-06-29 00:37:30.225,1.74,2016-06-29 12:30:00,
1.125357081,5300820,Aleksandra Krunic,Niculescu v Krunic,60,2016-06-29 10:16:01.131,1.72,2016-06-29 12:30:00,
1.125357081,5300820,Aleksandra Krunic,Niculescu v Krunic,70,2016-06-29 12:25:00.649,1.71,2016-06-29 13:32:00,
1.125357081,5300820,Aleksandra Krunic,Niculescu v Krunic,80,2016-06-29 17:32:12.413,1.71,2016-06-29 17:34:00,
1.125357081,5300820,Aleksandra Krunic,Niculescu v Krunic,90,2016-06-30 07:00:43.014,1.73,2016-06-30 10:00:00,
1.125357081,5300820,Aleksandra Krunic,Niculescu v Krunic,100,2016-06-30 10:03:10.644,1.73,2016-06-30 10:15:00,
1.125357213,2249841,Ana Ivanovic,Alexandrova v A Ivanovic,0,2016-06-25 08:58:53.759,1.13,2016-06-26 12:00:00,
1.125357213,2249841,Ana Ivanovic,Alexandrova v A Ivanovic,10,2016-06-25 15:15:25.688,1.12,2016-06-26 12:00:00,
1.125357213,2249841,Ana Ivanovic,Alexandrova v A Ivanovic,20,2016-06-26 17:51:28.704,1.15,2016-06-27 12:30:00,
1.125357213,2249841,Ana Ivanovic,Alexandrova v A Ivanovic,30,2016-06-26 18:59:00.624,1.14,2016-06-27 12:30:00,
1.125357213,2249841,Ana Ivanovic,Alexandrova v A Ivanovic,40,2016-06-27 00:58:23.988,1.18,2016-06-27 12:30:00,
1.125357213,2249841,Ana Ivanovic,Alexandrova v A Ivanovic,50,2016-06-27 06:28:13.388,1.16,2016-06-27 12:30:00,
1.125357213,2249841,Ana Ivanovic,Alexandrova v A Ivanovic,60,2016-06-27 07:44:27.473,1.16,2016-06-27 12:30:00,
1.125357213,2249841,Ana Ivanovic,Alexandrova v A Ivanovic,70,2016-06-27 09:20:46.338,1.17,2016-06-27 12:30:00,
1.125357213,2249841,Ana Ivanovic,Alexandrova v A Ivanovic,80,2016-06-27 10:48:10.964,1.17,2016-06-27 12:38:00,
1.125357213,2249841,Ana Ivanovic,Alexandrova v A Ivanovic,90,2016-06-27 11:08:40.695,1.16,2016-06-27 12:38:00,
1.125357213,2249841,Ana Ivanovic,Alexandrova v A Ivanovic,100,2016-06-27 12:01:21.235,1.14,2016-06-27 12:38:00,
1.125357213,8681458,Ekaterina Alexandrova,Alexandrova v A Ivanovic,0,2016-06-25 14:58:59.115,8.6,2016-06-26 12:00:00,
1.125357213,8681458,Ekaterina Alexandrova,Alexandrova v A Ivanovic,10,2016-06-25 15:11:24.242,7.0,2016-06-26 12:00:00,
1.125357213,8681458,Ekaterina Alexandrova,Alexandrova v A Ivanovic,20,2016-06-26 15:58:59.042,8.0,2016-06-27 12:30:00,
1.125357213,8681458,Ekaterina Alexandrova,Alexandrova v A Ivanovic,30,2016-06-27 05:44:14.586,7.4,2016-06-27 12:30:00,
1.125357213,8681458,Ekaterina Alexandrova,Alexandrova v A Ivanovic,40,2016-06-27 08:34:14.877,7.0,2016-06-27 12:30:00,
1.125357213,8681458,Ekaterina Alexandrova,Alexandrova v A Ivanovic,50,2016-06-27 09:19:27.311,6.8,2016-06-27 12:30:00,
1.125357213,8681458,Ekaterina Alexandrova,Alexandrova v A Ivanovic,60,2016-06-27 10:13:48.082,7.0,2016-06-27 12:30:00,
1.125357213,8681458,Ekaterina Alexandrova,Alexandrova v A Ivanovic,70,2016-06-27 10:18:39.453,7.2,2016-06-27 12:30:00,
1.125357213,8681458,Ekaterina Alexandrova,Alexandrova v A Ivanovic,80,2016-06-27 11:07:27.490,7.4,2016-06-27 12:38:00,
1.125357213,8681458,Ekaterina Alexandrova,Alexandrova v A Ivanovic,90,2016-06-27 11:26:19.610,8.2,2016-06-27 12:38:00,
1.125357213,8681458,Ekaterina Alexandrova,Alexandrova v A Ivanovic,100,2016-06-27 12:35:06.599,8.0,2016-06-27 12:38:00,
1.125357217,3738415,Julia Boserup,Boserup v Maria,0,2016-06-26 20:14:25.271,2.86,2016-06-28 12:00:00,
1.125357217,3738415,Julia Boserup,Boserup v Maria,10,2016-06-28 05:39:51.844,3.05,2016-06-28 14:30:00,
1.125357217,3738415,Julia Boserup,Boserup v Maria,20,2016-06-28 08:39:26.469,2.84,2016-06-28 14:30:00,
1.125357217,3738415,Julia Boserup,Boserup v Maria,30,2016-06-28 11:15:33.523,2.98,2016-06-28 14:28:00,
1.125357217,3738415,Julia Boserup,Boserup v Maria,40,2016-06-28 13:37:23.998,2.92,2016-06-28 15:11:00,
1.125357217,3738415,Julia Boserup,Boserup v Maria,50,2016-06-28 14:55:07.111,2.78,2016-06-28 15:11:00,
1.125357217,3738415,Julia Boserup,Boserup v Maria,60,2016-06-28 19:57:55.230,2.02,2016-06-29 12:00:00,2016-06-28 15:10:24.949
1.125357217,3738415,Julia Boserup,Boserup v Maria,70,2016-06-29 00:10:21.511,2.08,2016-06-29 10:30:00,2016-06-28 15:10:24.949
1.125357217,3738415,Julia Boserup,Boserup v Maria,80,2016-06-29 05:06:17.109,2.0,2016-06-29 10:30:00,2016-06-28 15:10:24.949
1.125357217,3738415,Julia Boserup,Boserup v Maria,90,2016-06-29 07:58:22.922,1.98,2016-06-29 10:30:00,2016-06-28 15:10:24.949
1.125357217,3738415,Julia Boserup,Boserup v Maria,100,2016-06-29 11:08:58.832,2.08,2016-06-29 11:15:00,2016-06-28 15:10:24.949
1.125357217,7299657,Tatjana Maria,Boserup v Maria,0,2016-06-26 18:07:03.828,1.54,2016-06-28 12:00:00,
1.125357217,7299657,Tatjana Maria,Boserup v Maria,10,2016-06-28 04:36:26.804,1.49,2016-06-28 14:30:00,
1.125357217,7299657,Tatjana Maria,Boserup v Maria,20,2016-06-28 09:14:03.168,1.55,2016-06-28 14:30:00,
1.125357217,7299657,Tatjana Maria,Boserup v Maria,30,2016-06-28 12:12:09.723,1.5,2016-06-28 14:28:00,
1.125357217,7299657,Tatjana Maria,Boserup v Maria,40,2016-06-28 14:26:09.958,1.53,2016-06-28 15:11:00,
1.125357217,7299657,Tatjana Maria,Boserup v Maria,50,2016-06-28 19:13:20.494,1.92,2016-06-29 10:30:00,2016-06-28 15:10:24.949
1.125357217,7299657,Tatjana Maria,Boserup v Maria,60,2016-06-28 19:57:55.230,1.98,2016-06-29 12:00:00,2016-06-28 15:10:24.949
1.125357217,7299657,Tatjana Maria,Boserup v Maria,70,2016-06-28 23:44:06.189,1.96,2016-06-29 10:30:00,2016-06-28 15:10:24.949
1.125357217,7299657,Tatjana Maria,Boserup v Maria,80,2016-06-29 08:52:53.393,1.92,2016-06-29 10:30:00,2016-06-28 15:10:24.949
1.125357217,7299657,Tatjana Maria,Boserup v Maria,90,2016-06-29 10:07:34.735,1.9,2016-06-29 10:30:00,2016-06-28 15:10:24.949
1.125357217,7299657,Tatjana Maria,Boserup v Maria,100,2016-06-29 11:20:43.369,1.92,2016-06-29 11:30:00,2016-06-28 15:10:24.949
1.125357243,2538236,Serena Williams,Ser Williams v Sadikovic,0,2016-06-24 19:38:21.808,1.06,2016-06-25 12:00:00,
1.125357243,2538236,Serena Williams,Ser Williams v Sadikovic,10,2016-06-27 06:48:34.195,1.02,2016-06-28 12:00:00,
1.125357243,2538236,Serena Williams,Ser Williams v Sadikovic,20,2016-06-27 18:12:15.487,1.03,2016-06-28 12:00:00,
1.125357243,2538236,Serena Williams,Ser Williams v Sadikovic,30,2016-06-27 22:03:20.916,1.02,2016-06-28 12:00:00,
1.125357243,2538236,Serena Williams,Ser Williams v Sadikovic,40,2016-06-28 03:32:15.407,1.02,2016-06-28 12:00:00,
1.125357243,2538236,Serena Williams,Ser Williams v Sadikovic,50,2016-06-28 06:11:54.571,1.03,2016-06-28 12:00:00,
1.125357243,2538236,Serena Williams,Ser Williams v Sadikovic,60,2016-06-28 07:35:13.134,1.02,2016-06-28 12:00:00,
1.125357243,2538236,Serena Williams,Ser Williams v Sadikovic,70,2016-06-28 08:33:06.071,1.04,2016-06-28 12:00:00,
1.125357243,2538236,Serena Williams,Ser Williams v Sadikovic,80,2016-06-28 09:24:33.148,1.03,2016-06-28 12:00:00,
1.125357243,2538236,Serena Williams,Ser Williams v Sadikovic,90,2016-06-28 11:10:37.224,1.02,2016-06-28 12:00:00,
1.125357243,2538236,Serena Williams,Ser Williams v Sadikovic,100,2016-06-28 12:02:26.387,1.02,2016-06-28 12:15:00,
1.125357243,4183959,Amra Sadikovic,Ser Williams v Sadikovic,0,2016-06-25 10:44:52.694,20.0,2016-06-26 12:00:00,
1.125357243,4183959,Amra Sadikovic,Ser Williams v Sadikovic,10,2016-06-27 19:26:05.641,34.0,2016-06-28 12:00:00,
1.125357243,4183959,Amra Sadikovic,Ser Williams v Sadikovic,20,2016-06-27 21:37:24.022,38.0,2016-06-28 12:00:00,
1.125357243,4183959,Amra Sadikovic,Ser Williams v Sadikovic,30,2016-06-28 04:34:14.497,42.0,2016-06-28 12:00:00,
1.125357243,4183959,Amra Sadikovic,Ser Williams v Sadikovic,40,2016-06-28 06:58:21.689,34.0,2016-06-28 12:00:00,
1.125357243,4183959,Amra Sadikovic,Ser Williams v Sadikovic,50,2016-06-28 08:54:13.581,29.0,2016-06-28 12:00:00,
1.125357243,4183959,Amra Sadikovic,Ser Williams v Sadikovic,60,2016-06-28 09:35:10.638,36.0,2016-06-28 12:00:00,
1.125357243,4183959,Amra Sadikovic,Ser Williams v Sadikovic,70,2016-06-28 10:22:05.070,36.0,2016-06-28 12:00:00,
1.125357243,4183959,Amra Sadikovic,Ser Williams v Sadikovic,80,2016-06-28 11:00:58.703,34.0,2016-06-28 12:00:00,
1.125357243,4183959,Amra Sadikovic,Ser Williams v Sadikovic,90,2016-06-28 11:33:27.815,34.0,2016-06-28 12:00:00,
1.125357243,4183959,Amra Sadikovic,Ser Williams v Sadikovic,100,2016-06-28 11:56:22.716,40.0,2016-06-28 12:00:00,
1.125357375,2403863,Kristyna Pliskova,Kr Pliskova v Y Duan,0,2016-06-26 18:14:41.350,1.46,2016-06-28 12:00:00,
1.125357375,2403863,Kristyna Pliskova,Kr Pliskova v Y Duan,10,2016-06-27 22:46:39.600,1.42,2016-06-28 10:30:00,
1.125357375,2403863,Kristyna Pliskova,Kr Pliskova v Y Duan,20,2016-06-28 02:57:02.825,1.46,2016-06-28 10:30:00,
1.125357375,2403863,Kristyna Pliskova,Kr Pliskova v Y Duan,30,2016-06-28 04:55:49.709,1.41,2016-06-28 10:30:00,
1.125357375,2403863,Kristyna Pliskova,Kr Pliskova v Y Duan,40,2016-06-28 05:43:27.700,1.45,2016-06-28 10:30:00,
1.125357375,2403863,Kristyna Pliskova,Kr Pliskova v Y Duan,50,2016-06-28 07:09:02.590,1.43,2016-06-28 10:30:00,
1.125357375,2403863,Kristyna Pliskova,Kr Pliskova v Y Duan,60,2016-06-28 08:45:27.157,1.39,2016-06-28 10:30:00,
1.125357375,2403863,Kristyna Pliskova,Kr Pliskova v Y Duan,70,2016-06-28 09:29:15.168,1.41,2016-06-28 10:30:00,
1.125357375,2403863,Kristyna Pliskova,Kr Pliskova v Y Duan,80,2016-06-28 10:04:59.585,1.44,2016-06-28 10:30:00,
1.125357375,2403863,Kristyna Pliskova,Kr Pliskova v Y Duan,90,2016-06-28 10:19:50.923,1.43,2016-06-28 10:30:00,
1.125357375,2403863,Kristyna Pliskova,Kr Pliskova v Y Duan,100,2016-06-28 10:32:25.828,1.47,2016-06-28 10:45:00,
1.125357375,8243878,Ying-Ying Duan,Kr Pliskova v Y Duan,0,2016-06-26 20:24:35.906,3.2,2016-06-28 12:00:00,
1.125357375,8243878,Ying-Ying Duan,Kr Pliskova v Y Duan,10,2016-06-27 18:41:11.830,3.25,2016-06-28 10:30:00,
1.125357375,8243878,Ying-Ying Duan,Kr Pliskova v Y Duan,20,2016-06-27 23:35:03.926,3.15,2016-06-28 10:30:00,
1.125357375,8243878,Ying-Ying Duan,Kr Pliskova v Y Duan,30,2016-06-28 02:57:02.825,3.2,2016-06-28 10:30:00,
1.125357375,8243878,Ying-Ying Duan,Kr Pliskova v Y Duan,40,2016-06-28 05:37:28.191,3.4,2016-06-28 10:30:00,
1.125357375,8243878,Ying-Ying Duan,Kr Pliskova v Y Duan,50,2016-06-28 05:43:27.700,3.2,2016-06-28 10:30:00,
1.125357375,8243878,Ying-Ying Duan,Kr Pliskova v Y Duan,60,2016-06-28 07:53:30.560,3.2,2016-06-28 10:30:00,
1.125357375,8243878,Ying-Ying Duan,Kr Pliskova v Y Duan,70,2016-06-28 09:15:12.699,3.2,2016-06-28 10:30:00,
1.125357375,8243878,Ying-Ying Duan,Kr Pliskova v Y Duan,80,2016-06-28 09:19:18.296,3.15,2016-06-28 10:30:00,
1.125357375,8243878,Ying-Ying Duan,Kr Pliskova v Y Duan,90,2016-06-28 10:03:22.096,3.35,2016-06-28 10:30:00,
1.125357375,8243878,Ying-Ying Duan,Kr Pliskova v Y Duan,100,2016-06-28 10:30:05.817,3.3,2016-06-28 10:45:00,
1.125357389,5303559,Jana Cepelova,Cepelova v Duque-MariÑo,0,2016-06-25 10:36:29.870,1.87,2016-06-26 12:00:00,
1.125357389,5303559,Jana Cepelova,Cepelova v Duque-MariÑo,10,2016-06-26 19:21:08.018,1.88,2016-06-27 10:30:00,
1.125357389,5303559,Jana Cepelova,Cepelova v Duque-MariÑo,20,2016-06-26 21:41:57.614,2.0,2016-06-27 10:30:00,
1.125357389,5303559,Jana Cepelova,Cepelova v Duque-MariÑo,30,2016-06-27 04:50:39.252,2.0,2016-06-27 10:30:00,
1.125357389,5303559,Jana Cepelova,Cepelova v Duque-MariÑo,40,2016-06-27 06:30:30.101,2.0,2016-06-27 10:30:00,
1.125357389,5303559,Jana Cepelova,Cepelova v Duque-MariÑo,50,2016-06-27 08:02:40.742,2.02,2016-06-27 10:30:00,
1.125357389,5303559,Jana Cepelova,Cepelova v Duque-MariÑo,60,2016-06-27 08:41:27.579,1.95,2016-06-27 10:30:00,
1.125357389,5303559,Jana Cepelova,Cepelova v Duque-MariÑo,70,2016-06-27 09:24:29.142,2.04,2016-06-27 10:30:00,
1.125357389,5303559,Jana Cepelova,Cepelova v Duque-MariÑo,80,2016-06-27 09:36:31.108,2.06,2016-06-27 10:30:00,
1.125357389,5303559,Jana Cepelova,Cepelova v Duque-MariÑo,90,2016-06-27 10:13:01.328,2.08,2016-06-27 10:30:00,
1.125357389,5303559,Jana Cepelova,Cepelova v Duque-MariÑo,100,2016-06-27 10:27:24.333,2.02,2016-06-27 10:30:00,
1.125357389,9138301,Mariana Duque-MariÑo,Cepelova v Duque-MariÑo,0,2016-06-25 10:36:29.870,2.16,2016-06-26 12:00:00,
1.125357389,9138301,Mariana Duque-MariÑo,Cepelova v Duque-MariÑo,10,2016-06-26 22:35:20.760,1.99,2016-06-27 10:30:00,
1.125357389,9138301,Mariana Duque-MariÑo,Cepelova v Duque-MariÑo,20,2016-06-27 05:14:16.220,1.95,2016-06-27 10:30:00,
1.125357389,9138301,Mariana Duque-MariÑo,Cepelova v Duque-MariÑo,30,2016-06-27 07:07:37.741,1.99,2016-06-27 10:30:00,
1.125357389,9138301,Mariana Duque-MariÑo,Cepelova v Duque-MariÑo,40,2016-06-27 08:31:31.011,1.95,2016-06-27 10:30:00,
1.125357389,9138301,Mariana Duque-MariÑo,Cepelova v Duque-MariÑo,50,2016-06-27 08:53:29.513,1.93,2016-06-27 10:30:00,
1.125357389,9138301,Mariana Duque-MariÑo,Cepelova v Duque-MariÑo,60,2016-06-27 09:12:09.056,1.94,2016-06-27 10:30:00,
1.125357389,9138301,Mariana Duque-MariÑo,Cepelova v Duque-MariÑo,70,2016-06-27 09:24:29.142,1.97,2016-06-27 10:30:00,
1.125357389,9138301,Mariana Duque-MariÑo,Cepelova v Duque-MariÑo,80,2016-06-27 09:49:29.854,1.97,2016-06-27 10:30:00,
1.125357389,9138301,Mariana Duque-MariÑo,Cepelova v Duque-MariÑo,90,2016-06-27 10:13:01.328,1.93,2016-06-27 10:30:00,
1.125357389,9138301,Mariana Duque-MariÑo,Cepelova v Duque-MariÑo,100,2016-06-27 10:37:14.546,1.96,2016-06-27 10:45:00,
1.125357484,5829453,Saisai Zheng,S Zheng v Sakkari,0,2016-06-25 21:38:36.798,1.69,2016-06-26 12:00:00,
1.125357484,5829453,Saisai Zheng,S Zheng v Sakkari,10,2016-06-26 18:24:26.144,1.76,2016-06-27 10:30:00,
1.125357484,5829453,Saisai Zheng,S Zheng v Sakkari,20,2016-06-27 03:01:47.276,1.74,2016-06-27 10:30:00,
1.125357484,5829453,Saisai Zheng,S Zheng v Sakkari,30,2016-06-27 05:42:05.398,1.74,2016-06-27 10:30:00,
1.125357484,5829453,Saisai Zheng,S Zheng v Sakkari,40,2016-06-27 08:10:25.355,1.77,2016-06-27 10:30:00,
1.125357484,5829453,Saisai Zheng,S Zheng v Sakkari,50,2016-06-27 08:47:44.269,1.79,2016-06-27 10:30:00,
1.125357484,5829453,Saisai Zheng,S Zheng v Sakkari,60,2016-06-27 09:06:33.306,1.81,2016-06-27 10:30:00,
1.125357484,5829453,Saisai Zheng,S Zheng v Sakkari,70,2016-06-27 09:56:47.618,1.81,2016-06-27 10:30:00,
1.125357484,5829453,Saisai Zheng,S Zheng v Sakkari,80,2016-06-27 10:10:46.419,1.79,2016-06-27 10:30:00,
1.125357484,5829453,Saisai Zheng,S Zheng v Sakkari,90,2016-06-27 10:22:35.258,1.78,2016-06-27 10:30:00,
1.125357484,5829453,Saisai Zheng,S Zheng v Sakkari,100,2016-06-27 10:35:33.451,1.83,2016-06-27 10:45:00,
1.125357484,9002331,Maria Sakkari,S Zheng v Sakkari,0,2016-06-25 21:38:36.798,2.18,2016-06-26 12:00:00,
1.125357484,9002331,Maria Sakkari,S Zheng v Sakkari,10,2016-06-26 22:43:40.614,2.32,2016-06-27 10:30:00,
1.125357484,9002331,Maria Sakkari,S Zheng v Sakkari,20,2016-06-27 02:01:25.112,2.3,2016-06-27 10:30:00,
1.125357484,9002331,Maria Sakkari,S Zheng v Sakkari,30,2016-06-27 05:11:59.787,2.34,2016-06-27 10:30:00,
1.125357484,9002331,Maria Sakkari,S Zheng v Sakkari,40,2016-06-27 07:15:30.938,2.32,2016-06-27 10:30:00,
1.125357484,9002331,Maria Sakkari,S Zheng v Sakkari,50,2016-06-27 08:43:04.572,2.32,2016-06-27 10:30:00,
1.125357484,9002331,Maria Sakkari,S Zheng v Sakkari,60,2016-06-27 09:17:34.062,2.2,2016-06-27 10:30:00,
1.125357484,9002331,Maria Sakkari,S Zheng v Sakkari,70,2016-06-27 09:56:47.618,2.24,2016-06-27 10:30:00,
1.125357484,9002331,Maria Sakkari,S Zheng v Sakkari,80,2016-06-27 10:16:37.478,2.26,2016-06-27 10:30:00,
1.125357484,9002331,Maria Sakkari,S Zheng v Sakkari,90,2016-06-27 10:28:29.489,2.18,2016-06-27 10:30:00,
1.125357484,9002331,Maria Sakkari,S Zheng v Sakkari,100,2016-06-27 10:36:37.229,2.22,2016-06-27 10:45:00,
1.125357543,6603928,Samantha Crawford,S Crawford v Kania,0,2016-06-25 11:10:24.484,2.82,2016-06-26 12:00:00,
1.125357543,6603928,Samantha Crawford,S Crawford v Kania,10,2016-06-26 10:32:43.770,3.35,2016-06-27 11:00:00,
1.125357543,6603928,Samantha Crawford,S Crawford v Kania,20,2016-06-26 22:50:56.050,3.1,2016-06-27 12:30:00,
1.125357543,6603928,Samantha Crawford,S Crawford v Kania,30,2016-06-27 07:28:34.069,3.25,2016-06-27 12:30:00,
1.125357543,6603928,Samantha Crawford,S Crawford v Kania,40,2016-06-27 08:51:44.815,3.3,2016-06-27 12:30:00,
1.125357543,6603928,Samantha Crawford,S Crawford v Kania,50,2016-06-27 10:02:15.920,3.25,2016-06-27 12:30:00,
1.125357543,6603928,Samantha Crawford,S Crawford v Kania,60,2016-06-27 10:14:07.272,3.4,2016-06-27 12:30:00,
1.125357543,6603928,Samantha Crawford,S Crawford v Kania,70,2016-06-27 10:28:34.472,3.1,2016-06-27 12:30:00,
1.125357543,6603928,Samantha Crawford,S Crawford v Kania,80,2016-06-27 10:44:54.867,3.4,2016-06-27 12:36:00,
1.125357543,6603928,Samantha Crawford,S Crawford v Kania,90,2016-06-27 11:06:42.828,3.35,2016-06-27 12:36:00,
1.125357543,6603928,Samantha Crawford,S Crawford v Kania,100,2016-06-27 12:09:52.147,3.4,2016-06-27 12:36:00,
1.125357543,7083220,Paula Kania,S Crawford v Kania,0,2016-06-25 10:41:56.394,1.6,2016-06-26 12:00:00,
1.125357543,7083220,Paula Kania,S Crawford v Kania,10,2016-06-25 10:48:25.913,1.55,2016-06-26 12:00:00,
1.125357543,7083220,Paula Kania,S Crawford v Kania,20,2016-06-26 18:23:53.026,1.51,2016-06-27 12:30:00,
1.125357543,7083220,Paula Kania,S Crawford v Kania,30,2016-06-27 06:28:25.473,1.44,2016-06-27 12:30:00,
1.125357543,7083220,Paula Kania,S Crawford v Kania,40,2016-06-27 07:28:34.069,1.44,2016-06-27 12:30:00,
1.125357543,7083220,Paula Kania,S Crawford v Kania,50,2016-06-27 08:51:44.815,1.42,2016-06-27 12:30:00,
1.125357543,7083220,Paula Kania,S Crawford v Kania,60,2016-06-27 10:03:07.567,1.42,2016-06-27 12:30:00,
1.125357543,7083220,Paula Kania,S Crawford v Kania,70,2016-06-27 10:14:07.272,1.42,2016-06-27 12:30:00,
1.125357543,7083220,Paula Kania,S Crawford v Kania,80,2016-06-27 10:35:50.899,1.48,2016-06-27 12:45:00,
1.125357543,7083220,Paula Kania,S Crawford v Kania,90,2016-06-27 11:06:42.828,1.43,2016-06-27 12:36:00,
1.125357543,7083220,Paula Kania,S Crawford v Kania,100,2016-06-27 12:09:52.147,1.42,2016-06-27 12:36:00,
1.125357597,2263710,Timea Bacsinszky,Bacsinszky v Kumkhum,0,2016-06-26 00:05:30.116,1.22,2016-06-26 12:00:00,
1.125357597,2263710,Timea Bacsinszky,Bacsinszky v Kumkhum,10,2016-06-28 10:27:09.430,1.23,2016-06-28 16:30:00,
1.125357597,2263710,Timea Bacsinszky,Bacsinszky v Kumkhum,20,2016-06-28 14:44:51.219,1.2,2016-06-28 17:04:00,
1.125357597,2263710,Timea Bacsinszky,Bacsinszky v Kumkhum,30,2016-06-28 18:05:00.566,1.19,2016-06-28 18:06:00,
1.125357597,2263710,Timea Bacsinszky,Bacsinszky v Kumkhum,40,2016-06-28 23:28:26.911,1.18,2016-06-29 12:30:00,
1.125357597,2263710,Timea Bacsinszky,Bacsinszky v Kumkhum,50,2016-06-29 11:20:49.309,1.2,2016-06-29 13:30:00,
1.125357597,2263710,Timea Bacsinszky,Bacsinszky v Kumkhum,60,2016-06-29 15:55:49.852,1.2,2016-06-29 16:09:00,
1.125357597,2263710,Timea Bacsinszky,Bacsinszky v Kumkhum,70,2016-06-29 23:40:11.972,1.2,2016-06-30 10:00:00,
1.125357597,2263710,Timea Bacsinszky,Bacsinszky v Kumkhum,80,2016-06-30 06:35:57.953,1.17,2016-06-30 10:00:00,
1.125357597,2263710,Timea Bacsinszky,Bacsinszky v Kumkhum,90,2016-06-30 08:27:16.075,1.17,2016-06-30 10:00:00,
1.125357597,2263710,Timea Bacsinszky,Bacsinszky v Kumkhum,100,2016-06-30 09:59:00.954,1.16,2016-06-30 10:00:00,
1.125357597,6670677,Luksika Kumkhum,Bacsinszky v Kumkhum,0,2016-06-26 11:52:30.106,5.4,2016-06-28 12:00:00,
1.125357597,6670677,Luksika Kumkhum,Bacsinszky v Kumkhum,10,2016-06-27 08:38:31.258,5.3,2016-06-28 12:00:00,
1.125357597,6670677,Luksika Kumkhum,Bacsinszky v Kumkhum,20,2016-06-28 05:42:13.204,5.6,2016-06-28 16:30:00,
1.125357597,6670677,Luksika Kumkhum,Bacsinszky v Kumkhum,30,2016-06-28 13:39:29.370,6.0,2016-06-28 17:04:00,
1.125357597,6670677,Luksika Kumkhum,Bacsinszky v Kumkhum,40,2016-06-28 14:43:17.329,6.0,2016-06-28 17:04:00,
1.125357597,6670677,Luksika Kumkhum,Bacsinszky v Kumkhum,50,2016-06-28 17:32:04.474,6.6,2016-06-28 17:36:00,
1.125357597,6670677,Luksika Kumkhum,Bacsinszky v Kumkhum,60,2016-06-29 12:17:58.505,6.0,2016-06-29 13:24:00,
1.125357597,6670677,Luksika Kumkhum,Bacsinszky v Kumkhum,70,2016-06-30 06:28:50.248,6.4,2016-06-30 10:00:00,
1.125357597,6670677,Luksika Kumkhum,Bacsinszky v Kumkhum,80,2016-06-30 08:10:27.433,7.4,2016-06-30 10:00:00,
1.125357597,6670677,Luksika Kumkhum,Bacsinszky v Kumkhum,90,2016-06-30 09:49:23.382,7.0,2016-06-30 10:00:00,
1.125357597,6670677,Luksika Kumkhum,Bacsinszky v Kumkhum,100,2016-06-30 10:05:05.801,7.8,2016-06-30 10:15:00,
1.125357815,2923174,Gastao Elias,G Elias v Albot,0,2016-06-27 23:26:44.398,3.6,2016-06-28 12:30:00,
1.125357815,2923174,Gastao Elias,G Elias v Albot,10,2016-06-28 05:48:03.031,4.0,2016-06-28 12:30:00,
1.125357815,2923174,Gastao Elias,G Elias v Albot,20,2016-06-28 07:34:54.141,3.75,2016-06-28 12:30:00,
1.125357815,2923174,Gastao Elias,G Elias v Albot,30,2016-06-28 08:21:12.134,4.1,2016-06-28 12:30:00,
1.125357815,2923174,Gastao Elias,G Elias v Albot,40,2016-06-28 10:16:20.991,3.95,2016-06-28 12:30:00,
1.125357815,2923174,Gastao Elias,G Elias v Albot,50,2016-06-28 11:34:08.773,4.1,2016-06-28 12:33:00,
1.125357815,2923174,Gastao Elias,G Elias v Albot,60,2016-06-28 20:07:38.792,13.5,2016-06-29 10:30:00,2016-06-28 13:38:57.169
1.125357815,2923174,Gastao Elias,G Elias v Albot,70,2016-06-28 21:03:58.158,12.0,2016-06-29 10:30:00,2016-06-28 13:38:57.169
1.125357815,2923174,Gastao Elias,G Elias v Albot,80,2016-06-28 21:57:10.557,12.5,2016-06-29 10:30:00,2016-06-28 13:38:57.169
1.125357815,2923174,Gastao Elias,G Elias v Albot,90,2016-06-29 09:39:38.412,14.0,2016-06-29 10:30:00,2016-06-28 13:38:57.169
1.125357815,2923174,Gastao Elias,G Elias v Albot,100,2016-06-29 11:04:41.470,13.5,2016-06-29 11:15:00,2016-06-28 13:38:57.169
1.125357815,6603898,Radu Albot,G Elias v Albot,0,2016-06-25 14:58:57.213,1.4,2016-06-26 12:00:00,
1.125357815,6603898,Radu Albot,G Elias v Albot,10,2016-06-27 16:09:31.690,1.4,2016-06-28 12:00:00,
1.125357815,6603898,Radu Albot,G Elias v Albot,20,2016-06-28 03:45:46.444,1.39,2016-06-28 12:30:00,
1.125357815,6603898,Radu Albot,G Elias v Albot,30,2016-06-28 07:44:01.655,1.32,2016-06-28 12:30:00,
1.125357815,6603898,Radu Albot,G Elias v Albot,40,2016-06-28 09:38:13.588,1.37,2016-06-28 12:30:00,
1.125357815,6603898,Radu Albot,G Elias v Albot,50,2016-06-28 11:20:11.510,1.33,2016-06-28 12:33:00,
1.125357815,6603898,Radu Albot,G Elias v Albot,60,2016-06-28 13:00:48.046,1.28,2016-06-28 13:03:00,
1.125357815,6603898,Radu Albot,G Elias v Albot,70,2016-06-28 19:28:32.856,1.08,2016-06-29 12:00:00,2016-06-28 13:38:57.169
1.125357815,6603898,Radu Albot,G Elias v Albot,80,2016-06-28 22:26:09.847,1.09,2016-06-29 10:30:00,2016-06-28 13:38:57.169
1.125357815,6603898,Radu Albot,G Elias v Albot,90,2016-06-29 07:55:58.503,1.08,2016-06-29 10:30:00,2016-06-28 13:38:57.169
1.125357815,6603898,Radu Albot,G Elias v Albot,100,2016-06-29 10:11:07.363,1.07,2016-06-29 10:30:00,2016-06-28 13:38:57.169
1.125357851,2263624,Viktor Troicki,Lamasine v Troicki,0,2016-06-26 08:05:52.781,1.12,2016-06-27 10:00:00,
1.125357851,2263624,Viktor Troicki,Lamasine v Troicki,10,2016-06-27 15:55:09.918,1.13,2016-06-28 12:00:00,
1.125357851,2263624,Viktor Troicki,Lamasine v Troicki,20,2016-06-27 20:17:56.056,1.12,2016-06-28 10:30:00,
1.125357851,2263624,Viktor Troicki,Lamasine v Troicki,30,2016-06-27 21:25:45.110,1.12,2016-06-28 10:30:00,
1.125357851,2263624,Viktor Troicki,Lamasine v Troicki,40,2016-06-27 22:17:38.383,1.12,2016-06-28 10:30:00,
1.125357851,2263624,Viktor Troicki,Lamasine v Troicki,50,2016-06-28 05:09:54.203,1.1,2016-06-28 10:30:00,
1.125357851,2263624,Viktor Troicki,Lamasine v Troicki,60,2016-06-28 06:26:16.844,1.1,2016-06-28 10:30:00,
1.125357851,2263624,Viktor Troicki,Lamasine v Troicki,70,2016-06-28 08:31:10.504,1.1,2016-06-28 10:30:00,
1.125357851,2263624,Viktor Troicki,Lamasine v Troicki,80,2016-06-28 09:14:50.285,1.1,2016-06-28 10:30:00,
1.125357851,2263624,Viktor Troicki,Lamasine v Troicki,90,2016-06-28 10:08:48.185,1.1,2016-06-28 10:30:00,
1.125357851,2263624,Viktor Troicki,Lamasine v Troicki,100,2016-06-28 10:34:11.874,1.1,2016-06-28 10:45:00,
1.125357851,8428332,Tristan Lamasine,Lamasine v Troicki,0,2016-06-27 14:54:29.643,9.0,2016-06-28 12:00:00,
1.125357851,8428332,Tristan Lamasine,Lamasine v Troicki,10,2016-06-27 20:35:21.121,10.5,2016-06-28 10:30:00,
1.125357851,8428332,Tristan Lamasine,Lamasine v Troicki,20,2016-06-27 21:45:07.349,12.5,2016-06-28 10:30:00,
1.125357851,8428332,Tristan Lamasine,Lamasine v Troicki,30,2016-06-28 05:09:54.203,11.5,2016-06-28 10:30:00,
1.125357851,8428332,Tristan Lamasine,Lamasine v Troicki,40,2016-06-28 05:56:57.189,11.0,2016-06-28 10:30:00,
1.125357851,8428332,Tristan Lamasine,Lamasine v Troicki,50,2016-06-28 07:32:13.523,11.0,2016-06-28 10:30:00,
1.125357851,8428332,Tristan Lamasine,Lamasine v Troicki,60,2016-06-28 08:42:08.678,10.5,2016-06-28 10:30:00,
1.125357851,8428332,Tristan Lamasine,Lamasine v Troicki,70,2016-06-28 09:40:48.489,10.5,2016-06-28 10:30:00,
1.125357851,8428332,Tristan Lamasine,Lamasine v Troicki,80,2016-06-28 09:58:09.403,11.5,2016-06-28 10:30:00,
1.125357851,8428332,Tristan Lamasine,Lamasine v Troicki,90,2016-06-28 10:18:28.050,11.5,2016-06-28 10:30:00,
1.125357851,8428332,Tristan Lamasine,Lamasine v Troicki,100,2016-06-28 10:32:13.845,12.0,2016-06-28 10:45:00,
1.125357924,2923248,Ricardas Berankis,Berankis v Ma Willis,0,2016-06-25 05:54:40.310,1.38,2016-06-26 12:00:00,
1.125357924,2923248,Ricardas Berankis,Berankis v Ma Willis,10,2016-06-26 17:15:57.753,1.35,2016-06-27 14:30:00,
1.125357924,2923248,Ricardas Berankis,Berankis v Ma Willis,20,2016-06-27 00:32:37.818,1.37,2016-06-27 14:30:00,
1.125357924,2923248,Ricardas Berankis,Berankis v Ma Willis,30,2016-06-27 06:32:31.495,1.4,2016-06-27 14:30:00,
1.125357924,2923248,Ricardas Berankis,Berankis v Ma Willis,40,2016-06-27 08:28:06.525,1.41,2016-06-27 14:30:00,
1.125357924,2923248,Ricardas Berankis,Berankis v Ma Willis,50,2016-06-27 09:46:23.457,1.34,2016-06-27 14:30:00,
1.125357924,2923248,Ricardas Berankis,Berankis v Ma Willis,60,2016-06-27 12:10:32.917,1.36,2016-06-27 14:33:00,
1.125357924,2923248,Ricardas Berankis,Berankis v Ma Willis,70,2016-06-27 13:40:29.603,1.35,2016-06-27 15:09:00,
1.125357924,2923248,Ricardas Berankis,Berankis v Ma Willis,80,2016-06-27 14:32:00.564,1.37,2016-06-27 15:09:00,
1.125357924,2923248,Ricardas Berankis,Berankis v Ma Willis,90,2016-06-27 15:13:28.572,1.36,2016-06-27 15:24:00,
1.125357924,2923248,Ricardas Berankis,Berankis v Ma Willis,100,2016-06-27 15:29:33.076,1.34,2016-06-27 15:37:00,
1.125357924,3985839,Marcus Willis,Berankis v Ma Willis,0,2016-06-25 05:54:40.310,3.6,2016-06-26 12:00:00,
1.125357924,3985839,Marcus Willis,Berankis v Ma Willis,10,2016-06-26 21:15:15.384,3.6,2016-06-27 14:30:00,
1.125357924,3985839,Marcus Willis,Berankis v Ma Willis,20,2016-06-27 02:49:34.529,3.4,2016-06-27 14:30:00,
1.125357924,3985839,Marcus Willis,Berankis v Ma Willis,30,2016-06-27 08:00:31.630,3.4,2016-06-27 14:30:00,
1.125357924,3985839,Marcus Willis,Berankis v Ma Willis,40,2016-06-27 09:28:29.449,3.75,2016-06-27 14:30:00,
1.125357924,3985839,Marcus Willis,Berankis v Ma Willis,50,2016-06-27 10:37:21.596,3.8,2016-06-27 14:33:00,
1.125357924,3985839,Marcus Willis,Berankis v Ma Willis,60,2016-06-27 11:22:12.852,3.9,2016-06-27 14:33:00,
1.125357924,3985839,Marcus Willis,Berankis v Ma Willis,70,2016-06-27 12:31:10.102,3.8,2016-06-27 14:33:00,
1.125357924,3985839,Marcus Willis,Berankis v Ma Willis,80,2016-06-27 14:05:41.350,3.9,2016-06-27 15:09:00,
1.125357924,3985839,Marcus Willis,Berankis v Ma Willis,90,2016-06-27 15:10:33.655,3.7,2016-06-27 15:24:00,
1.125357924,3985839,Marcus Willis,Berankis v Ma Willis,100,2016-06-27 15:29:33.076,3.9,2016-06-27 15:37:00,
1.125358005,3120169,Grigor Dimitrov,Fratangelo v G Dimitrov,0,2016-06-24 22:27:45.861,1.1,2016-06-25 12:00:00,
1.125358005,3120169,Grigor Dimitrov,Fratangelo v G Dimitrov,10,2016-06-26 08:52:41.555,1.33,2016-06-27 10:00:00,
1.125358005,3120169,Grigor Dimitrov,Fratangelo v G Dimitrov,20,2016-06-26 20:21:48.704,1.33,2016-06-27 12:30:00,
1.125358005,3120169,Grigor Dimitrov,Fratangelo v G Dimitrov,30,2016-06-27 03:03:23.860,1.33,2016-06-27 12:30:00,
1.125358005,3120169,Grigor Dimitrov,Fratangelo v G Dimitrov,40,2016-06-27 07:18:00.991,1.34,2016-06-27 12:30:00,
1.125358005,3120169,Grigor Dimitrov,Fratangelo v G Dimitrov,50,2016-06-27 08:12:15.043,1.38,2016-06-27 12:30:00,
1.125358005,3120169,Grigor Dimitrov,Fratangelo v G Dimitrov,60,2016-06-27 08:44:16.211,1.35,2016-06-27 12:30:00,
1.125358005,3120169,Grigor Dimitrov,Fratangelo v G Dimitrov,70,2016-06-27 09:43:17.772,1.35,2016-06-27 12:30:00,
1.125358005,3120169,Grigor Dimitrov,Fratangelo v G Dimitrov,80,2016-06-27 11:15:39.957,1.37,2016-06-27 12:39:00,
1.125358005,3120169,Grigor Dimitrov,Fratangelo v G Dimitrov,90,2016-06-27 12:18:26.055,1.34,2016-06-27 12:39:00,
1.125358005,3120169,Grigor Dimitrov,Fratangelo v G Dimitrov,100,2016-06-27 12:47:16.854,1.34,2016-06-27 13:01:00,
1.125358005,7593723,Bjorn Fratangelo,Fratangelo v G Dimitrov,0,2016-06-25 15:07:51.455,4.1,2016-06-26 12:00:00,
1.125358005,7593723,Bjorn Fratangelo,Fratangelo v G Dimitrov,10,2016-06-26 20:21:48.704,4.0,2016-06-27 12:30:00,
1.125358005,7593723,Bjorn Fratangelo,Fratangelo v G Dimitrov,20,2016-06-27 06:47:12.369,3.85,2016-06-27 12:30:00,
1.125358005,7593723,Bjorn Fratangelo,Fratangelo v G Dimitrov,30,2016-06-27 07:44:19.725,3.65,2016-06-27 12:30:00,
1.125358005,7593723,Bjorn Fratangelo,Fratangelo v G Dimitrov,40,2016-06-27 08:24:22.457,3.9,2016-06-27 12:30:00,
1.125358005,7593723,Bjorn Fratangelo,Fratangelo v G Dimitrov,50,2016-06-27 08:48:25.392,3.9,2016-06-27 12:30:00,
1.125358005,7593723,Bjorn Fratangelo,Fratangelo v G Dimitrov,60,2016-06-27 09:49:45.846,3.8,2016-06-27 12:30:00,
1.125358005,7593723,Bjorn Fratangelo,Fratangelo v G Dimitrov,70,2016-06-27 10:40:24.582,3.75,2016-06-27 12:39:00,
1.125358005,7593723,Bjorn Fratangelo,Fratangelo v G Dimitrov,80,2016-06-27 11:12:36.255,3.75,2016-06-27 12:39:00,
1.125358005,7593723,Bjorn Fratangelo,Fratangelo v G Dimitrov,90,2016-06-27 12:18:26.055,3.95,2016-06-27 12:39:00,
1.125358005,7593723,Bjorn Fratangelo,Fratangelo v G Dimitrov,100,2016-06-27 12:46:12.273,4.0,2016-06-27 13:01:00,
1.125358013,5908538,Alexander Kudryavtsev,Ye Lu v Kudryavtsev,0,2016-06-27 05:36:18.953,5.2,2016-06-28 12:00:00,
1.125358013,5908538,Alexander Kudryavtsev,Ye Lu v Kudryavtsev,10,2016-06-27 11:22:58.515,5.8,2016-06-28 12:00:00,
1.125358013,5908538,Alexander Kudryavtsev,Ye Lu v Kudryavtsev,20,2016-06-28 00:13:34.963,6.2,2016-06-28 10:30:00,
1.125358013,5908538,Alexander Kudryavtsev,Ye Lu v Kudryavtsev,30,2016-06-28 04:46:08.744,6.8,2016-06-28 10:30:00,
1.125358013,5908538,Alexander Kudryavtsev,Ye Lu v Kudryavtsev,40,2016-06-28 05:37:27.258,7.0,2016-06-28 10:30:00,
1.125358013,5908538,Alexander Kudryavtsev,Ye Lu v Kudryavtsev,50,2016-06-28 08:21:18.698,6.8,2016-06-28 10:30:00,
1.125358013,5908538,Alexander Kudryavtsev,Ye Lu v Kudryavtsev,60,2016-06-28 08:45:53.546,6.6,2016-06-28 10:30:00,
1.125358013,5908538,Alexander Kudryavtsev,Ye Lu v Kudryavtsev,70,2016-06-28 09:57:55.264,6.6,2016-06-28 10:30:00,
1.125358013,5908538,Alexander Kudryavtsev,Ye Lu v Kudryavtsev,80,2016-06-28 10:13:16.530,6.8,2016-06-28 10:30:00,
1.125358013,5908538,Alexander Kudryavtsev,Ye Lu v Kudryavtsev,90,2016-06-28 10:19:54.173,7.0,2016-06-28 10:30:00,
1.125358013,5908538,Alexander Kudryavtsev,Ye Lu v Kudryavtsev,100,2016-06-28 10:34:23.978,7.2,2016-06-28 10:45:00,
1.125358013,8287128,Yen-Hsun Lu,Ye Lu v Kudryavtsev,0,2016-06-26 09:01:31.828,1.2,2016-06-27 10:00:00,
1.125358013,8287128,Yen-Hsun Lu,Ye Lu v Kudryavtsev,10,2016-06-27 05:35:16.072,1.21,2016-06-28 12:00:00,
1.125358013,8287128,Yen-Hsun Lu,Ye Lu v Kudryavtsev,20,2016-06-27 11:48:15.023,1.18,2016-06-28 12:00:00,
1.125358013,8287128,Yen-Hsun Lu,Ye Lu v Kudryavtsev,30,2016-06-27 19:42:08.840,1.19,2016-06-28 10:30:00,
1.125358013,8287128,Yen-Hsun Lu,Ye Lu v Kudryavtsev,40,2016-06-27 23:38:03.292,1.19,2016-06-28 10:30:00,
1.125358013,8287128,Yen-Hsun Lu,Ye Lu v Kudryavtsev,50,2016-06-28 05:31:55.190,1.17,2016-06-28 10:30:00,
1.125358013,8287128,Yen-Hsun Lu,Ye Lu v Kudryavtsev,60,2016-06-28 06:06:14.065,1.17,2016-06-28 10:30:00,
1.125358013,8287128,Yen-Hsun Lu,Ye Lu v Kudryavtsev,70,2016-06-28 07:37:31.555,1.17,2016-06-28 10:30:00,
1.125358013,8287128,Yen-Hsun Lu,Ye Lu v Kudryavtsev,80,2016-06-28 08:22:15.097,1.17,2016-06-28 10:30:00,
1.125358013,8287128,Yen-Hsun Lu,Ye Lu v Kudryavtsev,90,2016-06-28 09:00:59.691,1.17,2016-06-28 10:30:00,
1.125358013,8287128,Yen-Hsun Lu,Ye Lu v Kudryavtsev,100,2016-06-28 10:29:23.175,1.16,2016-06-28 10:30:00,
1.125358047,2263634,Lukas Lacko,P Lorenzi v Lacko,0,2016-06-26 08:54:25.675,1.19,2016-06-27 10:00:00,
1.125358047,2263634,Lukas Lacko,P Lorenzi v Lacko,10,2016-06-26 17:39:06.134,1.21,2016-06-27 10:30:00,
1.125358047,2263634,Lukas Lacko,P Lorenzi v Lacko,20,2016-06-27 00:55:49.059,1.17,2016-06-27 10:30:00,
1.125358047,2263634,Lukas Lacko,P Lorenzi v Lacko,30,2016-06-27 05:17:06.918,1.17,2016-06-27 10:30:00,
1.125358047,2263634,Lukas Lacko,P Lorenzi v Lacko,40,2016-06-27 06:37:55.026,1.17,2016-06-27 10:30:00,
1.125358047,2263634,Lukas Lacko,P Lorenzi v Lacko,50,2016-06-27 07:53:15.649,1.19,2016-06-27 10:30:00,
1.125358047,2263634,Lukas Lacko,P Lorenzi v Lacko,60,2016-06-27 08:28:14.220,1.18,2016-06-27 10:30:00,
1.125358047,2263634,Lukas Lacko,P Lorenzi v Lacko,70,2016-06-27 08:53:03.544,1.18,2016-06-27 10:30:00,
1.125358047,2263634,Lukas Lacko,P Lorenzi v Lacko,80,2016-06-27 09:44:15.423,1.21,2016-06-27 10:30:00,
1.125358047,2263634,Lukas Lacko,P Lorenzi v Lacko,90,2016-06-27 10:19:19.033,1.22,2016-06-27 10:30:00,
1.125358047,2263634,Lukas Lacko,P Lorenzi v Lacko,100,2016-06-27 10:34:04.901,1.2,2016-06-27 10:45:00,
1.125358047,2345099,Paolo Lorenzi,P Lorenzi v Lacko,0,2016-06-26 08:26:59.437,5.9,2016-06-27 10:00:00,
1.125358047,2345099,Paolo Lorenzi,P Lorenzi v Lacko,10,2016-06-26 15:30:13.906,6.2,2016-06-27 10:30:00,
1.125358047,2345099,Paolo Lorenzi,P Lorenzi v Lacko,20,2016-06-26 22:00:51.177,6.6,2016-06-27 10:30:00,
1.125358047,2345099,Paolo Lorenzi,P Lorenzi v Lacko,30,2016-06-27 05:17:06.918,6.8,2016-06-27 10:30:00,
1.125358047,2345099,Paolo Lorenzi,P Lorenzi v Lacko,40,2016-06-27 06:30:06.074,6.8,2016-06-27 10:30:00,
1.125358047,2345099,Paolo Lorenzi,P Lorenzi v Lacko,50,2016-06-27 08:28:14.220,6.8,2016-06-27 10:30:00,
1.125358047,2345099,Paolo Lorenzi,P Lorenzi v Lacko,60,2016-06-27 08:44:25.811,6.4,2016-06-27 10:30:00,
1.125358047,2345099,Paolo Lorenzi,P Lorenzi v Lacko,70,2016-06-27 09:09:21.028,6.4,2016-06-27 10:30:00,
1.125358047,2345099,Paolo Lorenzi,P Lorenzi v Lacko,80,2016-06-27 09:45:16.708,6.0,2016-06-27 10:30:00,
1.125358047,2345099,Paolo Lorenzi,P Lorenzi v Lacko,90,2016-06-27 10:17:26.102,5.7,2016-06-27 10:30:00,
1.125358047,2345099,Paolo Lorenzi,P Lorenzi v Lacko,100,2016-06-27 10:29:21.369,5.8,2016-06-27 10:30:00,
1.125358263,6217982,Dennis Novikov,Saville v D Novikov,0,2016-06-25 14:08:16.309,1.74,2016-06-26 12:00:00,
1.125358263,6217982,Dennis Novikov,Saville v D Novikov,10,2016-06-27 15:49:56.104,1.72,2016-06-28 12:00:00,
1.125358263,6217982,Dennis Novikov,Saville v D Novikov,20,2016-06-27 21:29:16.256,1.7,2016-06-28 10:30:00,
1.125358263,6217982,Dennis Novikov,Saville v D Novikov,30,2016-06-28 00:28:48.431,1.67,2016-06-28 10:30:00,
1.125358263,6217982,Dennis Novikov,Saville v D Novikov,40,2016-06-28 03:36:53.988,1.7,2016-06-28 10:30:00,
1.125358263,6217982,Dennis Novikov,Saville v D Novikov,50,2016-06-28 07:25:53.768,1.68,2016-06-28 10:30:00,
1.125358263,6217982,Dennis Novikov,Saville v D Novikov,60,2016-06-28 08:12:09.733,1.7,2016-06-28 10:30:00,
1.125358263,6217982,Dennis Novikov,Saville v D Novikov,70,2016-06-28 08:36:35.250,1.68,2016-06-28 10:30:00,
1.125358263,6217982,Dennis Novikov,Saville v D Novikov,80,2016-06-28 09:22:26.104,1.66,2016-06-28 10:30:00,
1.125358263,6217982,Dennis Novikov,Saville v D Novikov,90,2016-06-28 10:04:08.629,1.64,2016-06-28 10:30:00,
1.125358263,6217982,Dennis Novikov,Saville v D Novikov,100,2016-06-28 10:25:22.377,1.62,2016-06-28 10:30:00,
1.125358263,6965426,Luke Saville,Saville v D Novikov,0,2016-06-25 21:22:10.359,2.3,2016-06-26 12:00:00,
1.125358263,6965426,Luke Saville,Saville v D Novikov,10,2016-06-27 15:16:13.591,2.46,2016-06-28 12:00:00,
1.125358263,6965426,Luke Saville,Saville v D Novikov,20,2016-06-27 22:06:16.499,2.48,2016-06-28 10:30:00,
1.125358263,6965426,Luke Saville,Saville v D Novikov,30,2016-06-28 01:00:17.084,2.58,2016-06-28 10:30:00,
1.125358263,6965426,Luke Saville,Saville v D Novikov,40,2016-06-28 06:16:16.910,2.46,2016-06-28 10:30:00,
1.125358263,6965426,Luke Saville,Saville v D Novikov,50,2016-06-28 08:05:29.475,2.42,2016-06-28 10:30:00,
1.125358263,6965426,Luke Saville,Saville v D Novikov,60,2016-06-28 08:31:31.917,2.5,2016-06-28 10:30:00,
1.125358263,6965426,Luke Saville,Saville v D Novikov,70,2016-06-28 09:20:19.590,2.52,2016-06-28 10:30:00,
1.125358263,6965426,Luke Saville,Saville v D Novikov,80,2016-06-28 09:44:27.892,2.5,2016-06-28 10:30:00,
1.125358263,6965426,Luke Saville,Saville v D Novikov,90,2016-06-28 10:13:23.980,2.6,2016-06-28 10:30:00,
1.125358263,6965426,Luke Saville,Saville v D Novikov,100,2016-06-28 10:28:20.920,2.62,2016-06-28 10:30:00,
1.125358278,4877292,Teymuraz Gabashvili,Roger-Vasselin v Gabashvili,0,2016-06-25 16:00:45.883,2.02,2016-06-26 12:00:00,
1.125358278,4877292,Teymuraz Gabashvili,Roger-Vasselin v Gabashvili,10,2016-06-25 21:56:23.820,2.16,2016-06-26 12:00:00,
1.125358278,4877292,Teymuraz Gabashvili,Roger-Vasselin v Gabashvili,20,2016-06-26 20:35:18.851,2.04,2016-06-27 14:30:00,
1.125358278,4877292,Teymuraz Gabashvili,Roger-Vasselin v Gabashvili,30,2016-06-27 00:33:00.295,2.12,2016-06-27 14:30:00,
1.125358278,4877292,Teymuraz Gabashvili,Roger-Vasselin v Gabashvili,40,2016-06-27 07:59:05.366,2.12,2016-06-27 14:30:00,
1.125358278,4877292,Teymuraz Gabashvili,Roger-Vasselin v Gabashvili,50,2016-06-27 09:15:53.836,2.1,2016-06-27 14:30:00,
1.125358278,4877292,Teymuraz Gabashvili,Roger-Vasselin v Gabashvili,60,2016-06-27 09:44:30.107,2.1,2016-06-27 14:30:00,
1.125358278,4877292,Teymuraz Gabashvili,Roger-Vasselin v Gabashvili,70,2016-06-27 10:42:24.253,2.12,2016-06-27 14:38:00,
1.125358278,4877292,Teymuraz Gabashvili,Roger-Vasselin v Gabashvili,80,2016-06-27 11:38:52.378,2.08,2016-06-27 14:38:00,
1.125358278,4877292,Teymuraz Gabashvili,Roger-Vasselin v Gabashvili,90,2016-06-27 12:28:05.566,2.12,2016-06-27 14:38:00,
1.125358278,4877292,Teymuraz Gabashvili,Roger-Vasselin v Gabashvili,100,2016-06-27 13:12:49.036,2.08,2016-06-27 14:56:00,
1.125358278,8259187,Edouard Roger-Vasselin,Roger-Vasselin v Gabashvili,0,2016-06-25 09:30:47.577,1.85,2016-06-26 12:00:00,
1.125358278,8259187,Edouard Roger-Vasselin,Roger-Vasselin v Gabashvili,10,2016-06-26 11:53:35.388,1.97,2016-06-27 14:30:00,
1.125358278,8259187,Edouard Roger-Vasselin,Roger-Vasselin v Gabashvili,20,2016-06-26 23:06:36.493,1.93,2016-06-27 14:30:00,
1.125358278,8259187,Edouard Roger-Vasselin,Roger-Vasselin v Gabashvili,30,2016-06-27 07:30:12.659,1.92,2016-06-27 14:30:00,
1.125358278,8259187,Edouard Roger-Vasselin,Roger-Vasselin v Gabashvili,40,2016-06-27 09:39:31.730,1.9,2016-06-27 14:30:00,
1.125358278,8259187,Edouard Roger-Vasselin,Roger-Vasselin v Gabashvili,50,2016-06-27 10:36:08.271,1.87,2016-06-27 14:45:00,
1.125358278,8259187,Edouard Roger-Vasselin,Roger-Vasselin v Gabashvili,60,2016-06-27 10:57:31.044,1.9,2016-06-27 14:38:00,
1.125358278,8259187,Edouard Roger-Vasselin,Roger-Vasselin v Gabashvili,70,2016-06-27 11:45:26.194,1.92,2016-06-27 14:38:00,
1.125358278,8259187,Edouard Roger-Vasselin,Roger-Vasselin v Gabashvili,80,2016-06-27 12:10:25.937,1.91,2016-06-27 14:38:00,
1.125358278,8259187,Edouard Roger-Vasselin,Roger-Vasselin v Gabashvili,90,2016-06-27 13:24:52.764,1.9,2016-06-27 14:56:00,
1.125358278,8259187,Edouard Roger-Vasselin,Roger-Vasselin v Gabashvili,100,2016-06-27 13:42:09.404,1.92,2016-06-27 14:56:00,
1.12535851,2830908,Thomaz Bellucci,Bellucci v Bemelmans,0,2016-06-25 15:10:40.054,1.93,2016-06-26 12:00:00,
1.12535851,2830908,Thomaz Bellucci,Bellucci v Bemelmans,10,2016-06-27 00:26:38.410,1.95,2016-06-27 12:30:00,
1.12535851,2830908,Thomaz Bellucci,Bellucci v Bemelmans,20,2016-06-27 08:44:07.315,1.97,2016-06-27 12:30:00,
1.12535851,2830908,Thomaz Bellucci,Bellucci v Bemelmans,30,2016-06-27 09:32:37.205,1.92,2016-06-27 12:30:00,
1.12535851,2830908,Thomaz Bellucci,Bellucci v Bemelmans,40,2016-06-27 10:03:10.816,1.92,2016-06-27 12:30:00,
1.12535851,2830908,Thomaz Bellucci,Bellucci v Bemelmans,50,2016-06-27 10:56:40.612,1.92,2016-06-27 12:33:00,
1.12535851,2830908,Thomaz Bellucci,Bellucci v Bemelmans,60,2016-06-27 11:15:42.822,1.96,2016-06-27 12:33:00,
1.12535851,2830908,Thomaz Bellucci,Bellucci v Bemelmans,70,2016-06-27 11:59:39.043,1.94,2016-06-27 12:33:00,
1.12535851,2830908,Thomaz Bellucci,Bellucci v Bemelmans,80,2016-06-27 12:49:42.341,1.94,2016-06-27 13:03:00,
1.12535851,2830908,Thomaz Bellucci,Bellucci v Bemelmans,90,2016-06-27 13:28:45.360,1.99,2016-06-27 13:33:00,
1.12535851,2830908,Thomaz Bellucci,Bellucci v Bemelmans,100,2016-06-27 13:52:37.959,1.95,2016-06-27 13:59:00,
1.12535851,2831873,Ruben Bemelmans,Bellucci v Bemelmans,0,2016-06-25 09:31:42.125,2.08,2016-06-26 12:00:00,
1.12535851,2831873,Ruben Bemelmans,Bellucci v Bemelmans,10,2016-06-26 19:41:31.766,1.98,2016-06-27 12:30:00,
1.12535851,2831873,Ruben Bemelmans,Bellucci v Bemelmans,20,2016-06-27 00:05:38.961,2.04,2016-06-27 12:30:00,
1.12535851,2831873,Ruben Bemelmans,Bellucci v Bemelmans,30,2016-06-27 05:34:14.072,1.93,2016-06-27 12:30:00,
1.12535851,2831873,Ruben Bemelmans,Bellucci v Bemelmans,40,2016-06-27 07:38:39.591,2.0,2016-06-27 12:30:00,
1.12535851,2831873,Ruben Bemelmans,Bellucci v Bemelmans,50,2016-06-27 09:31:38.421,2.02,2016-06-27 12:30:00,
1.12535851,2831873,Ruben Bemelmans,Bellucci v Bemelmans,60,2016-06-27 10:18:14.419,2.06,2016-06-27 12:30:00,
1.12535851,2831873,Ruben Bemelmans,Bellucci v Bemelmans,70,2016-06-27 11:16:46.266,2.08,2016-06-27 12:33:00,
1.12535851,2831873,Ruben Bemelmans,Bellucci v Bemelmans,80,2016-06-27 12:27:41.396,2.0,2016-06-27 12:33:00,
1.12535851,2831873,Ruben Bemelmans,Bellucci v Bemelmans,90,2016-06-27 13:16:29.388,2.02,2016-06-27 13:18:00,
1.12535851,2831873,Ruben Bemelmans,Bellucci v Bemelmans,100,2016-06-27 13:51:45.241,2.04,2016-06-27 13:59:00,
1.125358523,6179151,Albano Olivetti,Olivetti v Barton,0,2016-06-27 11:47:38.974,2.78,2016-06-28 12:00:00,
1.125358523,6179151,Albano Olivetti,Olivetti v Barton,10,2016-06-28 05:18:40.093,2.96,2016-06-28 14:30:00,
1.125358523,6179151,Albano Olivetti,Olivetti v Barton,20,2016-06-28 09:58:42.465,2.7,2016-06-28 14:30:00,
1.125358523,6179151,Albano Olivetti,Olivetti v Barton,30,2016-06-28 13:51:14.318,2.88,2016-06-28 14:20:00,
1.125358523,6179151,Albano Olivetti,Olivetti v Barton,40,2016-06-28 19:57:45.823,1.67,2016-06-29 12:00:00,2016-06-28 14:17:45.347
1.125358523,6179151,Albano Olivetti,Olivetti v Barton,50,2016-06-28 22:09:44.413,1.72,2016-06-29 10:30:00,2016-06-28 14:17:45.347
1.125358523,6179151,Albano Olivetti,Olivetti v Barton,60,2016-06-29 06:38:30.457,1.69,2016-06-29 10:30:00,2016-06-28 14:17:45.347
1.125358523,6179151,Albano Olivetti,Olivetti v Barton,70,2016-06-29 09:40:59.241,1.73,2016-06-29 10:30:00,2016-06-28 14:17:45.347
1.125358523,6179151,Albano Olivetti,Olivetti v Barton,80,2016-06-29 21:29:33.365,2.52,2016-06-30 10:00:00,2016-06-28 14:17:45.347
1.125358523,6179151,Albano Olivetti,Olivetti v Barton,90,2016-06-30 07:37:46.525,2.58,2016-06-30 10:00:00,2016-06-28 14:17:45.347
1.125358523,6179151,Albano Olivetti,Olivetti v Barton,100,2016-06-30 09:58:43.048,2.72,2016-06-30 10:00:00,2016-06-28 14:17:45.347
1.125358523,7216447,Matthew Barton,Olivetti v Barton,0,2016-06-26 17:05:26.624,1.58,2016-06-28 12:00:00,
1.125358523,7216447,Matthew Barton,Olivetti v Barton,10,2016-06-27 21:18:18.798,1.55,2016-06-28 14:30:00,
1.125358523,7216447,Matthew Barton,Olivetti v Barton,20,2016-06-28 08:07:46.752,1.59,2016-06-28 14:30:00,
1.125358523,7216447,Matthew Barton,Olivetti v Barton,30,2016-06-28 10:34:37.959,1.58,2016-06-28 14:32:00,
1.125358523,7216447,Matthew Barton,Olivetti v Barton,40,2016-06-28 13:07:10.944,1.57,2016-06-28 14:20:00,
1.125358523,7216447,Matthew Barton,Olivetti v Barton,50,2016-06-28 14:07:44.472,1.55,2016-06-28 14:19:00,
1.125358523,7216447,Matthew Barton,Olivetti v Barton,60,2016-06-29 08:43:06.552,2.3,2016-06-29 10:30:00,2016-06-28 14:17:45.347
1.125358523,7216447,Matthew Barton,Olivetti v Barton,70,2016-06-29 21:29:33.365,1.65,2016-06-30 10:00:00,2016-06-28 14:17:45.347
1.125358523,7216447,Matthew Barton,Olivetti v Barton,80,2016-06-30 05:33:30.943,1.66,2016-06-30 10:00:00,2016-06-28 14:17:45.347
1.125358523,7216447,Matthew Barton,Olivetti v Barton,90,2016-06-30 07:37:46.525,1.64,2016-06-30 10:00:00,2016-06-28 14:17:45.347
1.125358523,7216447,Matthew Barton,Olivetti v Barton,100,2016-06-30 09:55:37.919,1.59,2016-06-30 10:00:00,2016-06-28 14:17:45.347
1.125358682,2862839,Franko Skugor,Paire v Skugor,0,2016-06-25 20:53:03.812,3.35,2016-06-26 12:00:00,
1.125358682,2862839,Franko Skugor,Paire v Skugor,10,2016-06-27 10:46:28.019,3.2,2016-06-28 12:00:00,
1.125358682,2862839,Franko Skugor,Paire v Skugor,20,2016-06-27 22:06:05.420,3.3,2016-06-28 10:30:00,
1.125358682,2862839,Franko Skugor,Paire v Skugor,30,2016-06-28 03:05:21.108,3.3,2016-06-28 10:30:00,
1.125358682,2862839,Franko Skugor,Paire v Skugor,40,2016-06-28 05:19:01.544,3.3,2016-06-28 10:30:00,
1.125358682,2862839,Franko Skugor,Paire v Skugor,50,2016-06-28 06:41:30.987,3.2,2016-06-28 10:30:00,
1.125358682,2862839,Franko Skugor,Paire v Skugor,60,2016-06-28 07:09:01.870,3.15,2016-06-28 10:30:00,
1.125358682,2862839,Franko Skugor,Paire v Skugor,70,2016-06-28 08:03:11.422,3.25,2016-06-28 10:30:00,
1.125358682,2862839,Franko Skugor,Paire v Skugor,80,2016-06-28 09:00:29.644,3.3,2016-06-28 10:30:00,
1.125358682,2862839,Franko Skugor,Paire v Skugor,90,2016-06-28 10:06:38.612,3.25,2016-06-28 10:30:00,
1.125358682,2862839,Franko Skugor,Paire v Skugor,100,2016-06-28 10:29:44.427,3.05,2016-06-28 10:45:00,
1.125358682,3911345,Benoit Paire,Paire v Skugor,0,2016-06-26 07:17:48.425,1.44,2016-06-27 10:00:00,
1.125358682,3911345,Benoit Paire,Paire v Skugor,10,2016-06-27 20:02:08.236,1.45,2016-06-28 10:30:00,
1.125358682,3911345,Benoit Paire,Paire v Skugor,20,2016-06-27 21:35:16.506,1.42,2016-06-28 10:30:00,
1.125358682,3911345,Benoit Paire,Paire v Skugor,30,2016-06-27 23:10:28.858,1.42,2016-06-28 10:30:00,
1.125358682,3911345,Benoit Paire,Paire v Skugor,40,2016-06-28 03:05:21.108,1.43,2016-06-28 10:30:00,
1.125358682,3911345,Benoit Paire,Paire v Skugor,50,2016-06-28 06:43:00.820,1.45,2016-06-28 10:30:00,
1.125358682,3911345,Benoit Paire,Paire v Skugor,60,2016-06-28 07:51:50.521,1.44,2016-06-28 10:30:00,
1.125358682,3911345,Benoit Paire,Paire v Skugor,70,2016-06-28 08:40:37.232,1.42,2016-06-28 10:30:00,
1.125358682,3911345,Benoit Paire,Paire v Skugor,80,2016-06-28 09:33:03.475,1.44,2016-06-28 10:30:00,
1.125358682,3911345,Benoit Paire,Paire v Skugor,90,2016-06-28 10:06:38.612,1.44,2016-06-28 10:30:00,
1.125358682,3911345,Benoit Paire,Paire v Skugor,100,2016-06-28 10:33:46.985,1.48,2016-06-28 10:45:00,
1.125358699,2370190,Igor Sijsling,Vesely v Sijsling,0,2016-06-26 03:28:42.835,2.24,2016-06-27 12:00:00,
1.125358699,2370190,Igor Sijsling,Vesely v Sijsling,10,2016-06-27 22:15:26.170,2.28,2016-06-28 14:30:00,
1.125358699,2370190,Igor Sijsling,Vesely v Sijsling,20,2016-06-28 03:39:31.294,2.34,2016-06-28 14:30:00,
1.125358699,2370190,Igor Sijsling,Vesely v Sijsling,30,2016-06-28 07:21:00.424,2.28,2016-06-28 14:30:00,
1.125358699,2370190,Igor Sijsling,Vesely v Sijsling,40,2016-06-28 09:39:57.975,2.32,2016-06-28 14:30:00,
1.125358699,2370190,Igor Sijsling,Vesely v Sijsling,50,2016-06-28 10:33:12.512,2.3,2016-06-28 14:45:00,
1.125358699,2370190,Igor Sijsling,Vesely v Sijsling,60,2016-06-28 12:28:05.778,2.28,2016-06-28 14:19:00,
1.125358699,2370190,Igor Sijsling,Vesely v Sijsling,70,2016-06-28 13:14:00.238,2.2,2016-06-28 14:19:00,
1.125358699,2370190,Igor Sijsling,Vesely v Sijsling,80,2016-06-28 13:51:00.601,2.22,2016-06-28 14:19:00,
1.125358699,2370190,Igor Sijsling,Vesely v Sijsling,90,2016-06-29 04:15:54.036,10.5,2016-06-29 10:30:00,2016-06-28 14:12:00.833
1.125358699,2370190,Igor Sijsling,Vesely v Sijsling,100,2016-06-29 11:02:50.839,13.5,2016-06-29 11:15:00,2016-06-28 14:12:00.833
1.125358699,7032143,Jiri Vesely,Vesely v Sijsling,0,2016-06-25 08:47:08.991,1.82,2016-06-26 12:00:00,
1.125358699,7032143,Jiri Vesely,Vesely v Sijsling,10,2016-06-27 21:11:17.823,1.8,2016-06-28 14:30:00,
1.125358699,7032143,Jiri Vesely,Vesely v Sijsling,20,2016-06-28 03:39:31.294,1.75,2016-06-28 14:30:00,
1.125358699,7032143,Jiri Vesely,Vesely v Sijsling,30,2016-06-28 06:49:59.449,1.77,2016-06-28 14:30:00,
1.125358699,7032143,Jiri Vesely,Vesely v Sijsling,40,2016-06-28 08:56:18.018,1.77,2016-06-28 14:30:00,
1.125358699,7032143,Jiri Vesely,Vesely v Sijsling,50,2016-06-28 10:35:50.398,1.77,2016-06-28 14:45:00,
1.125358699,7032143,Jiri Vesely,Vesely v Sijsling,60,2016-06-28 12:49:26.940,1.83,2016-06-28 14:19:00,
1.125358699,7032143,Jiri Vesely,Vesely v Sijsling,70,2016-06-28 13:54:41.318,1.8,2016-06-28 13:57:00,
1.125358699,7032143,Jiri Vesely,Vesely v Sijsling,80,2016-06-28 20:53:53.873,1.12,2016-06-29 10:30:00,2016-06-28 14:12:00.833
1.125358699,7032143,Jiri Vesely,Vesely v Sijsling,90,2016-06-29 07:10:24.391,1.1,2016-06-29 10:30:00,2016-06-28 14:12:00.833
1.125358699,7032143,Jiri Vesely,Vesely v Sijsling,100,2016-06-29 11:24:00.030,1.07,2016-06-29 11:30:00,2016-06-28 14:12:00.833
1.125358856,4195870,Marius Copil,Pouille v Copil,0,2016-06-26 08:53:04.169,1.68,2016-06-27 10:00:00,
1.125358856,4195870,Marius Copil,Pouille v Copil,10,2016-06-27 21:08:06.080,1.74,2016-06-28 14:30:00,
1.125358856,4195870,Marius Copil,Pouille v Copil,20,2016-06-28 08:49:01.602,1.7,2016-06-28 14:30:00,
1.125358856,4195870,Marius Copil,Pouille v Copil,30,2016-06-28 11:30:59.487,1.7,2016-06-28 14:37:00,
1.125358856,4195870,Marius Copil,Pouille v Copil,40,2016-06-28 14:23:59.248,1.75,2016-06-28 16:08:00,
1.125358856,4195870,Marius Copil,Pouille v Copil,50,2016-06-28 16:50:54.791,1.76,2016-06-28 17:04:00,
1.125358856,4195870,Marius Copil,Pouille v Copil,60,2016-06-29 08:39:07.777,1.72,2016-06-29 12:30:00,
1.125358856,4195870,Marius Copil,Pouille v Copil,70,2016-06-29 10:27:00.095,1.74,2016-06-29 12:30:00,
1.125358856,4195870,Marius Copil,Pouille v Copil,80,2016-06-29 22:13:51.697,1.88,2016-06-30 10:00:00,2016-06-29 15:54:54.731
1.125358856,4195870,Marius Copil,Pouille v Copil,90,2016-06-30 07:35:47.042,1.87,2016-06-30 10:00:00,2016-06-29 15:54:54.731
1.125358856,4195870,Marius Copil,Pouille v Copil,100,2016-06-30 09:44:55.481,1.84,2016-06-30 10:00:00,2016-06-29 15:54:54.731
1.125358856,7031400,Lucas Pouille,Pouille v Copil,0,2016-06-25 17:53:26.826,2.38,2016-06-26 12:00:00,
1.125358856,7031400,Lucas Pouille,Pouille v Copil,10,2016-06-27 18:41:11.884,2.4,2016-06-28 14:30:00,
1.125358856,7031400,Lucas Pouille,Pouille v Copil,20,2016-06-28 01:22:33.572,2.3,2016-06-28 14:30:00,
1.125358856,7031400,Lucas Pouille,Pouille v Copil,30,2016-06-28 08:46:24.138,2.4,2016-06-28 14:30:00,
1.125358856,7031400,Lucas Pouille,Pouille v Copil,40,2016-06-28 13:26:02.224,2.44,2016-06-28 15:37:00,
1.125358856,7031400,Lucas Pouille,Pouille v Copil,50,2016-06-28 15:54:37.238,2.36,2016-06-28 16:08:00,
1.125358856,7031400,Lucas Pouille,Pouille v Copil,60,2016-06-29 02:13:08.754,2.32,2016-06-29 12:30:00,
1.125358856,7031400,Lucas Pouille,Pouille v Copil,70,2016-06-29 08:44:32.023,2.32,2016-06-29 12:30:00,
1.125358856,7031400,Lucas Pouille,Pouille v Copil,80,2016-06-29 10:10:30.755,2.42,2016-06-29 12:30:00,
1.125358856,7031400,Lucas Pouille,Pouille v Copil,90,2016-06-29 22:14:46.028,2.08,2016-06-30 10:00:00,2016-06-29 15:54:54.731
1.125358856,7031400,Lucas Pouille,Pouille v Copil,100,2016-06-30 09:08:51.656,2.18,2016-06-30 10:00:00,2016-06-29 15:54:54.731
1.125358945,2284304,Sergiy Stakhovsky,Stakhovsky v Yo Nishioka,0,2016-06-26 00:46:47.720,1.28,2016-06-27 12:00:00,
1.125358945,2284304,Sergiy Stakhovsky,Stakhovsky v Yo Nishioka,10,2016-06-26 21:15:07.731,1.24,2016-06-27 10:30:00,
1.125358945,2284304,Sergiy Stakhovsky,Stakhovsky v Yo Nishioka,20,2016-06-26 23:08:41.624,1.24,2016-06-27 10:30:00,
1.125358945,2284304,Sergiy Stakhovsky,Stakhovsky v Yo Nishioka,30,2016-06-27 01:40:08.567,1.25,2016-06-27 10:30:00,
1.125358945,2284304,Sergiy Stakhovsky,Stakhovsky v Yo Nishioka,40,2016-06-27 04:21:09.204,1.27,2016-06-27 10:30:00,
1.125358945,2284304,Sergiy Stakhovsky,Stakhovsky v Yo Nishioka,50,2016-06-27 06:36:28.340,1.29,2016-06-27 10:30:00,
1.125358945,2284304,Sergiy Stakhovsky,Stakhovsky v Yo Nishioka,60,2016-06-27 07:47:27.112,1.29,2016-06-27 10:30:00,
1.125358945,2284304,Sergiy Stakhovsky,Stakhovsky v Yo Nishioka,70,2016-06-27 08:33:37.570,1.28,2016-06-27 10:30:00,
1.125358945,2284304,Sergiy Stakhovsky,Stakhovsky v Yo Nishioka,80,2016-06-27 09:55:55.183,1.28,2016-06-27 10:30:00,
1.125358945,2284304,Sergiy Stakhovsky,Stakhovsky v Yo Nishioka,90,2016-06-27 10:15:05.391,1.31,2016-06-27 10:30:00,
1.125358945,2284304,Sergiy Stakhovsky,Stakhovsky v Yo Nishioka,100,2016-06-27 10:31:43.902,1.29,2016-06-27 10:45:00,
1.125358945,7137497,Yoshihito Nishioka,Stakhovsky v Yo Nishioka,0,2016-06-25 15:08:55.206,4.4,2016-06-26 12:00:00,
1.125358945,7137497,Yoshihito Nishioka,Stakhovsky v Yo Nishioka,10,2016-06-26 20:54:34.884,5.1,2016-06-27 10:30:00,
1.125358945,7137497,Yoshihito Nishioka,Stakhovsky v Yo Nishioka,20,2016-06-26 22:06:58.121,5.1,2016-06-27 10:30:00,
1.125358945,7137497,Yoshihito Nishioka,Stakhovsky v Yo Nishioka,30,2016-06-27 00:55:13.498,4.9,2016-06-27 10:30:00,
1.125358945,7137497,Yoshihito Nishioka,Stakhovsky v Yo Nishioka,40,2016-06-27 01:59:05.032,4.7,2016-06-27 10:30:00,
1.125358945,7137497,Yoshihito Nishioka,Stakhovsky v Yo Nishioka,50,2016-06-27 04:21:09.204,4.8,2016-06-27 10:30:00,
1.125358945,7137497,Yoshihito Nishioka,Stakhovsky v Yo Nishioka,60,2016-06-27 06:27:31.457,4.6,2016-06-27 10:30:00,
1.125358945,7137497,Yoshihito Nishioka,Stakhovsky v Yo Nishioka,70,2016-06-27 06:44:09.020,4.7,2016-06-27 10:30:00,
1.125358945,7137497,Yoshihito Nishioka,Stakhovsky v Yo Nishioka,80,2016-06-27 10:15:05.391,4.2,2016-06-27 10:30:00,
1.125358945,7137497,Yoshihito Nishioka,Stakhovsky v Yo Nishioka,90,2016-06-27 10:22:01.525,4.3,2016-06-27 10:30:00,
1.125358945,7137497,Yoshihito Nishioka,Stakhovsky v Yo Nishioka,100,2016-06-27 10:28:04.967,4.4,2016-06-27 10:30:00,
1.125363146,6374165,Marco Cecchinato,Cecchinato v Djere,0,2016-06-25 20:55:05.929,1.43,2016-06-26 14:00:00,
1.125363146,6374165,Marco Cecchinato,Cecchinato v Djere,10,2016-06-26 05:02:52.878,1.44,2016-06-26 14:00:00,
1.125363146,6374165,Marco Cecchinato,Cecchinato v Djere,20,2016-06-26 07:31:02.475,1.4,2016-06-26 14:00:00,
1.125363146,6374165,Marco Cecchinato,Cecchinato v Djere,30,2016-06-26 09:26:46.535,1.39,2016-06-26 14:00:00,
1.125363146,6374165,Marco Cecchinato,Cecchinato v Djere,40,2016-06-26 10:00:32.653,1.4,2016-06-26 14:00:00,
1.125363146,6374165,Marco Cecchinato,Cecchinato v Djere,50,2016-06-26 10:33:26.251,1.41,2016-06-26 14:00:00,
1.125363146,6374165,Marco Cecchinato,Cecchinato v Djere,60,2016-06-26 10:49:17.621,1.43,2016-06-26 14:00:00,
1.125363146,6374165,Marco Cecchinato,Cecchinato v Djere,70,2016-06-26 11:02:34.844,1.47,2016-06-26 14:00:00,
1.125363146,6374165,Marco Cecchinato,Cecchinato v Djere,80,2016-06-26 12:11:42.548,1.46,2016-06-26 14:00:00,
1.125363146,6374165,Marco Cecchinato,Cecchinato v Djere,90,2016-06-26 13:09:46.768,1.45,2016-06-26 14:00:00,
1.125363146,6374165,Marco Cecchinato,Cecchinato v Djere,100,2016-06-26 13:32:47.419,1.42,2016-06-26 14:00:00,
1.125363146,7692106,Laslo Djere,Cecchinato v Djere,0,2016-06-25 19:31:36.343,1.1,2016-06-26 14:00:00,
1.125363146,7692106,Laslo Djere,Cecchinato v Djere,10,2016-06-25 22:29:31.892,3.25,2016-06-26 14:00:00,
1.125363146,7692106,Laslo Djere,Cecchinato v Djere,20,2016-06-26 07:56:24.705,3.15,2016-06-26 14:00:00,
1.125363146,7692106,Laslo Djere,Cecchinato v Djere,30,2016-06-26 08:13:35.136,3.1,2016-06-26 14:00:00,
1.125363146,7692106,Laslo Djere,Cecchinato v Djere,40,2016-06-26 09:46:41.429,3.05,2016-06-26 14:00:00,
1.125363146,7692106,Laslo Djere,Cecchinato v Djere,50,2016-06-26 10:45:46.496,3.2,2016-06-26 14:00:00,
1.125363146,7692106,Laslo Djere,Cecchinato v Djere,60,2016-06-26 10:49:17.621,3.3,2016-06-26 14:00:00,
1.125363146,7692106,Laslo Djere,Cecchinato v Djere,70,2016-06-26 11:01:46.782,3.05,2016-06-26 14:00:00,
1.125363146,7692106,Laslo Djere,Cecchinato v Djere,80,2016-06-26 11:02:34.844,3.1,2016-06-26 14:00:00,
1.125363146,7692106,Laslo Djere,Cecchinato v Djere,90,2016-06-26 13:23:36.259,3.2,2016-06-26 14:00:00,
1.125363146,7692106,Laslo Djere,Cecchinato v Djere,100,2016-06-26 13:32:47.419,3.4,2016-06-26 14:00:00,
1.125363172,2581407,Tobias Kamke,Satral v Kamke,0,2016-06-27 19:10:10.222,1.3,2016-06-28 08:30:00,
1.125363172,2581407,Tobias Kamke,Satral v Kamke,10,2016-06-27 23:13:55.132,1.29,2016-06-28 08:30:00,
1.125363172,2581407,Tobias Kamke,Satral v Kamke,20,2016-06-28 02:59:56.024,1.29,2016-06-28 08:30:00,
1.125363172,2581407,Tobias Kamke,Satral v Kamke,30,2016-06-28 04:14:24.681,1.28,2016-06-28 08:30:00,
1.125363172,2581407,Tobias Kamke,Satral v Kamke,40,2016-06-28 05:02:14.575,1.29,2016-06-28 08:30:00,
1.125363172,2581407,Tobias Kamke,Satral v Kamke,50,2016-06-28 05:35:09.080,1.28,2016-06-28 08:30:00,
1.125363172,2581407,Tobias Kamke,Satral v Kamke,60,2016-06-28 07:32:02.882,1.27,2016-06-28 08:30:00,
1.125363172,2581407,Tobias Kamke,Satral v Kamke,70,2016-06-28 08:00:17.401,1.29,2016-06-28 08:30:00,
1.125363172,2581407,Tobias Kamke,Satral v Kamke,80,2016-06-28 08:17:24.547,1.27,2016-06-28 08:30:00,
1.125363172,2581407,Tobias Kamke,Satral v Kamke,90,2016-06-28 08:25:06.151,1.29,2016-06-28 08:30:00,
1.125363172,2581407,Tobias Kamke,Satral v Kamke,100,2016-06-28 08:34:15.135,1.28,2016-06-28 08:45:00,
1.125363269,8174343,Germain Gigounon,Velotti v Gigounon,0,2016-06-26 10:57:57.662,2.48,2016-06-26 13:00:00,
1.125363269,8174343,Germain Gigounon,Velotti v Gigounon,10,2016-06-26 11:00:00.929,2.5,2016-06-26 13:15:00,
1.125363269,8174343,Germain Gigounon,Velotti v Gigounon,20,2016-06-26 11:04:53.706,2.48,2016-06-26 13:15:00,
1.125363269,8174343,Germain Gigounon,Velotti v Gigounon,30,2016-06-26 11:40:58.439,2.42,2016-06-26 13:26:00,
1.125363269,8174343,Germain Gigounon,Velotti v Gigounon,40,2016-06-26 11:42:06.354,2.38,2016-06-26 13:26:00,
1.125363269,8174343,Germain Gigounon,Velotti v Gigounon,50,2016-06-26 12:14:59.086,2.5,2016-06-26 13:26:00,
1.125363269,8174343,Germain Gigounon,Velotti v Gigounon,60,2016-06-26 12:16:02.163,2.22,2016-06-26 13:26:00,
1.125363269,8174343,Germain Gigounon,Velotti v Gigounon,70,2016-06-26 12:16:58.165,2.18,2016-06-26 13:26:00,
1.125363269,8174343,Germain Gigounon,Velotti v Gigounon,80,2016-06-26 12:18:01.299,2.1,2016-06-26 13:26:00,
1.125363269,8174343,Germain Gigounon,Velotti v Gigounon,90,2016-06-26 12:18:54.701,2.06,2016-06-26 13:26:00,
1.125363269,8174343,Germain Gigounon,Velotti v Gigounon,100,2016-06-26 12:49:05.852,2.08,2016-06-26 13:26:00,
1.125369995,9626428,S Soler-Espinosa,S Soler-Espinosa v V Rodriguez,0,2016-06-27 09:07:53.697,1.13,2016-06-27 09:35:00,
1.125369995,9626428,S Soler-Espinosa,S Soler-Espinosa v V Rodriguez,10,2016-06-27 09:08:16.315,1.12,2016-06-27 09:35:00,
1.125369995,9626428,S Soler-Espinosa,S Soler-Espinosa v V Rodriguez,20,2016-06-27 09:10:56.985,1.11,2016-06-27 09:35:00,
1.125369995,9626428,S Soler-Espinosa,S Soler-Espinosa v V Rodriguez,30,2016-06-27 09:12:52.463,1.14,2016-06-27 09:35:00,
1.125369995,9626428,S Soler-Espinosa,S Soler-Espinosa v V Rodriguez,40,2016-06-27 09:24:55.467,1.15,2016-06-27 09:35:00,2016-06-27 09:14:53.628
1.125369995,9626428,S Soler-Espinosa,S Soler-Espinosa v V Rodriguez,50,2016-06-27 09:26:50.085,1.14,2016-06-27 09:35:00,2016-06-27 09:14:53.628
1.125369995,9626428,S Soler-Espinosa,S Soler-Espinosa v V Rodriguez,60,2016-06-27 09:29:55.078,1.13,2016-06-27 09:35:00,2016-06-27 09:14:53.628
1.125369995,9626428,S Soler-Espinosa,S Soler-Espinosa v V Rodriguez,70,2016-06-27 09:30:56.673,1.14,2016-06-27 09:35:00,2016-06-27 09:14:53.628
1.125369995,9626428,S Soler-Espinosa,S Soler-Espinosa v V Rodriguez,80,2016-06-27 09:31:52.821,1.25,2016-06-27 09:35:00,2016-06-27 09:14:53.628
1.125369995,9626428,S Soler-Espinosa,S Soler-Espinosa v V Rodriguez,90,2016-06-27 09:32:54.914,1.34,2016-06-27 09:35:00,2016-06-27 09:14:53.628
1.125369995,9626428,S Soler-Espinosa,S Soler-Espinosa v V Rodriguez,100,2016-06-27 09:34:54.544,1.2,2016-06-27 09:35:00,2016-06-27 09:14:53.628
1.125370005,9623684,C Carli,C Carli v D Galoppini,0,2016-06-27 09:19:06.855,1.6,2016-06-27 10:05:00,2016-06-27 09:06:57.784
1.125370005,9623684,C Carli,C Carli v D Galoppini,10,2016-06-27 09:32:04.546,1.51,2016-06-27 10:05:00,2016-06-27 09:06:57.784
1.125370005,9623684,C Carli,C Carli v D Galoppini,20,2016-06-27 09:37:11.855,1.75,2016-06-27 10:05:00,2016-06-27 09:06:57.784
1.125370005,9623684,C Carli,C Carli v D Galoppini,30,2016-06-27 09:39:32.411,1.96,2016-06-27 10:05:00,2016-06-27 09:06:57.784
1.125370005,9623684,C Carli,C Carli v D Galoppini,40,2016-06-27 09:42:11.159,1.72,2016-06-27 10:05:00,2016-06-27 09:06:57.784
1.125370005,9623684,C Carli,C Carli v D Galoppini,50,2016-06-27 09:42:51.528,1.8,2016-06-27 10:05:00,2016-06-27 09:06:57.784
1.125370005,9623684,C Carli,C Carli v D Galoppini,60,2016-06-27 09:47:13.490,2.16,2016-06-27 10:05:00,2016-06-27 09:06:57.784
1.125370005,9623684,C Carli,C Carli v D Galoppini,70,2016-06-27 09:51:11.826,2.0,2016-06-27 10:05:00,2016-06-27 09:06:57.784
1.125370005,9623684,C Carli,C Carli v D Galoppini,80,2016-06-27 09:53:13.989,2.78,2016-06-27 10:05:00,2016-06-27 09:06:57.784
1.125370005,9623684,C Carli,C Carli v D Galoppini,90,2016-06-27 09:55:10.380,3.35,2016-06-27 10:05:00,2016-06-27 09:06:57.784
1.125370005,9623684,C Carli,C Carli v D Galoppini,100,2016-06-27 10:03:58.934,3.35,2016-06-27 10:05:00,2016-06-27 09:06:57.784
1.125370005,11165734,D Galoppini,C Carli v D Galoppini,0,2016-06-27 09:24:50.352,2.1,2016-06-27 10:05:00,2016-06-27 09:06:57.784
1.125370005,11165734,D Galoppini,C Carli v D Galoppini,10,2016-06-27 09:32:04.546,2.94,2016-06-27 10:05:00,2016-06-27 09:06:57.784
1.125370005,11165734,D Galoppini,C Carli v D Galoppini,20,2016-06-27 09:37:11.855,2.32,2016-06-27 10:05:00,2016-06-27 09:06:57.784
1.125370005,11165734,D Galoppini,C Carli v D Galoppini,30,2016-06-27 09:42:51.528,2.24,2016-06-27 10:05:00,2016-06-27 09:06:57.784
1.125370005,11165734,D Galoppini,C Carli v D Galoppini,40,2016-06-27 09:47:13.490,1.86,2016-06-27 10:05:00,2016-06-27 09:06:57.784
1.125370005,11165734,D Galoppini,C Carli v D Galoppini,50,2016-06-27 09:53:13.989,1.56,2016-06-27 10:05:00,2016-06-27 09:06:57.784
1.125370005,11165734,D Galoppini,C Carli v D Galoppini,60,2016-06-27 09:54:12.323,1.46,2016-06-27 10:05:00,2016-06-27 09:06:57.784
1.125370005,11165734,D Galoppini,C Carli v D Galoppini,70,2016-06-27 09:55:10.380,1.42,2016-06-27 10:05:00,2016-06-27 09:06:57.784
1.125370005,11165734,D Galoppini,C Carli v D Galoppini,80,2016-06-27 09:57:13.871,1.47,2016-06-27 10:05:00,2016-06-27 09:06:57.784
1.125370005,11165734,D Galoppini,C Carli v D Galoppini,90,2016-06-27 09:59:14.189,1.33,2016-06-27 10:05:00,2016-06-27 09:06:57.784
1.125370005,11165734,D Galoppini,C Carli v D Galoppini,100,2016-06-27 10:03:58.934,1.41,2016-06-27 10:05:00,2016-06-27 09:06:57.784
1.125370007,9626469,R Sinicropi,R Sinicropi v D Spinnato,0,2016-06-27 09:17:45.397,1.1,2016-06-27 10:05:00,2016-06-27 09:06:57.788
1.125370007,9626469,R Sinicropi,R Sinicropi v D Spinnato,10,2016-06-27 09:22:01.304,1.19,2016-06-27 10:05:00,2016-06-27 09:06:57.788
1.125370007,9626469,R Sinicropi,R Sinicropi v D Spinnato,20,2016-06-27 09:24:28.832,1.1,2016-06-27 10:05:00,2016-06-27 09:06:57.788
1.125370007,9626469,R Sinicropi,R Sinicropi v D Spinnato,30,2016-06-27 09:25:28.943,1.2,2016-06-27 10:05:00,2016-06-27 09:06:57.788
1.125370007,9626469,R Sinicropi,R Sinicropi v D Spinnato,40,2016-06-27 09:36:23.194,1.56,2016-06-27 10:05:00,2016-06-27 09:06:57.788
1.125370007,9626469,R Sinicropi,R Sinicropi v D Spinnato,50,2016-06-27 09:37:35.010,1.48,2016-06-27 10:05:00,2016-06-27 09:06:57.788
1.125370007,9626469,R Sinicropi,R Sinicropi v D Spinnato,60,2016-06-27 09:42:25.545,1.34,2016-06-27 10:05:00,2016-06-27 09:06:57.788
1.125370007,9626469,R Sinicropi,R Sinicropi v D Spinnato,70,2016-06-27 09:52:33.569,1.15,2016-06-27 10:05:00,2016-06-27 09:06:57.788
1.125370007,9626469,R Sinicropi,R Sinicropi v D Spinnato,80,2016-06-27 10:01:28.229,1.14,2016-06-27 10:05:00,2016-06-27 09:06:57.788
1.125370007,9626469,R Sinicropi,R Sinicropi v D Spinnato,90,2016-06-27 10:02:32.208,1.11,2016-06-27 10:05:00,2016-06-27 09:06:57.788
1.125370007,9626469,R Sinicropi,R Sinicropi v D Spinnato,100,2016-06-27 10:04:34.500,1.07,2016-06-27 10:05:00,2016-06-27 09:06:57.788
1.125370007,9626478,D Spinnato,R Sinicropi v D Spinnato,0,2016-06-27 09:13:29.845,4.7,2016-06-27 10:05:00,2016-06-27 09:06:57.788
1.125370007,9626478,D Spinnato,R Sinicropi v D Spinnato,10,2016-06-27 09:17:45.397,11.0,2016-06-27 10:05:00,2016-06-27 09:06:57.788
1.125370007,9626478,D Spinnato,R Sinicropi v D Spinnato,20,2016-06-27 09:22:01.304,6.2,2016-06-27 10:05:00,2016-06-27 09:06:57.788
1.125370007,9626478,D Spinnato,R Sinicropi v D Spinnato,30,2016-06-27 09:25:28.943,6.0,2016-06-27 10:05:00,2016-06-27 09:06:57.788
1.125370007,9626478,D Spinnato,R Sinicropi v D Spinnato,40,2016-06-27 09:36:23.194,2.78,2016-06-27 10:05:00,2016-06-27 09:06:57.788
1.125370007,9626478,D Spinnato,R Sinicropi v D Spinnato,50,2016-06-27 09:37:35.010,3.05,2016-06-27 10:05:00,2016-06-27 09:06:57.788
1.125370007,9626478,D Spinnato,R Sinicropi v D Spinnato,60,2016-06-27 09:42:25.545,3.5,2016-06-27 10:05:00,2016-06-27 09:06:57.788
1.125370007,9626478,D Spinnato,R Sinicropi v D Spinnato,70,2016-06-27 09:48:30.711,3.8,2016-06-27 10:05:00,2016-06-27 09:06:57.788
1.125370007,9626478,D Spinnato,R Sinicropi v D Spinnato,80,2016-06-27 09:58:32.164,5.7,2016-06-27 10:05:00,2016-06-27 09:06:57.788
1.125370007,9626478,D Spinnato,R Sinicropi v D Spinnato,90,2016-06-27 10:00:34.775,6.6,2016-06-27 10:05:00,2016-06-27 09:06:57.788
1.125370007,9626478,D Spinnato,R Sinicropi v D Spinnato,100,2016-06-27 10:04:34.500,15.5,2016-06-27 10:05:00,2016-06-27 09:06:57.788
1.125371172,2248502,Samantha Stosur,Stosur v Lisicki,0,2016-06-27 12:20:06.591,1.33,2016-06-28 12:00:00,
1.125371172,2248502,Samantha Stosur,Stosur v Lisicki,10,2016-06-28 22:37:04.432,2.46,2016-06-29 16:30:00,
1.125371172,2248502,Samantha Stosur,Stosur v Lisicki,20,2016-06-29 08:51:11.067,2.6,2016-06-29 16:30:00,
1.125371172,2248502,Samantha Stosur,Stosur v Lisicki,30,2016-06-29 10:36:08.153,2.68,2016-06-29 16:45:00,
1.125371172,2248502,Samantha Stosur,Stosur v Lisicki,40,2016-06-29 11:07:19.859,2.56,2016-06-29 17:15:00,
1.125371172,2248502,Samantha Stosur,Stosur v Lisicki,50,2016-06-29 14:20:27.827,2.6,2016-06-29 18:30:00,
1.125371172,2248502,Samantha Stosur,Stosur v Lisicki,60,2016-06-30 01:24:28.888,2.6,2016-06-30 12:00:00,
1.125371172,2248502,Samantha Stosur,Stosur v Lisicki,70,2016-06-30 07:59:01.508,2.5,2016-06-30 12:00:00,
1.125371172,2248502,Samantha Stosur,Stosur v Lisicki,80,2016-06-30 09:55:10.960,2.52,2016-06-30 11:47:00,
1.125371172,2248502,Samantha Stosur,Stosur v Lisicki,90,2016-06-30 10:50:36.580,2.48,2016-06-30 11:47:00,
1.125371172,2248502,Samantha Stosur,Stosur v Lisicki,100,2016-06-30 11:11:11.490,2.32,2016-06-30 11:20:00,
1.125371172,2403862,Sabine Lisicki,Stosur v Lisicki,0,2016-06-27 22:10:07.501,1.8,2016-06-28 12:00:00,
1.125371172,2403862,Sabine Lisicki,Stosur v Lisicki,10,2016-06-28 16:23:48.045,1.64,2016-06-29 12:00:00,
1.125371172,2403862,Sabine Lisicki,Stosur v Lisicki,20,2016-06-29 04:55:31.211,1.61,2016-06-29 16:30:00,
1.125371172,2403862,Sabine Lisicki,Stosur v Lisicki,30,2016-06-29 07:36:14.462,1.62,2016-06-29 16:30:00,
1.125371172,2403862,Sabine Lisicki,Stosur v Lisicki,40,2016-06-29 10:43:21.695,1.65,2016-06-29 16:45:00,
1.125371172,2403862,Sabine Lisicki,Stosur v Lisicki,50,2016-06-29 13:57:08.029,1.62,2016-06-29 18:00:00,
1.125371172,2403862,Sabine Lisicki,Stosur v Lisicki,60,2016-06-29 18:22:38.334,1.61,2016-06-29 22:25:00,
1.125371172,2403862,Sabine Lisicki,Stosur v Lisicki,70,2016-06-30 07:03:50.594,1.61,2016-06-30 12:00:00,
1.125371172,2403862,Sabine Lisicki,Stosur v Lisicki,80,2016-06-30 08:55:54.201,1.67,2016-06-30 12:00:00,
1.125371172,2403862,Sabine Lisicki,Stosur v Lisicki,90,2016-06-30 10:27:09.950,1.66,2016-06-30 11:47:00,
1.125371172,2403862,Sabine Lisicki,Stosur v Lisicki,100,2016-06-30 11:11:11.490,1.75,2016-06-30 11:20:00,
1.125371288,2263681,Marin Cilic,Ma Cilic v Stakhovsky,0,2016-06-27 15:21:11.792,1.18,2016-06-28 12:00:00,
1.125371288,2263681,Marin Cilic,Ma Cilic v Stakhovsky,10,2016-06-28 23:22:13.666,1.24,2016-06-29 14:30:00,
1.125371288,2263681,Marin Cilic,Ma Cilic v Stakhovsky,20,2016-06-29 06:32:42.486,1.24,2016-06-29 14:30:00,
1.125371288,2263681,Marin Cilic,Ma Cilic v Stakhovsky,30,2016-06-29 09:19:54.064,1.24,2016-06-29 14:30:00,
1.125371288,2263681,Marin Cilic,Ma Cilic v Stakhovsky,40,2016-06-29 11:43:59.975,1.24,2016-06-29 15:25:00,
1.125371288,2263681,Marin Cilic,Ma Cilic v Stakhovsky,50,2016-06-29 13:22:52.677,1.23,2016-06-29 15:25:00,
1.125371288,2263681,Marin Cilic,Ma Cilic v Stakhovsky,60,2016-06-29 16:56:46.923,1.23,2016-06-29 18:55:00,
1.125371288,2263681,Marin Cilic,Ma Cilic v Stakhovsky,70,2016-06-30 06:09:33.002,1.22,2016-06-30 12:00:00,
1.125371288,2263681,Marin Cilic,Ma Cilic v Stakhovsky,80,2016-06-30 09:08:25.148,1.22,2016-06-30 12:00:00,
1.125371288,2263681,Marin Cilic,Ma Cilic v Stakhovsky,90,2016-06-30 10:31:25.247,1.23,2016-06-30 12:01:00,
1.125371288,2263681,Marin Cilic,Ma Cilic v Stakhovsky,100,2016-06-30 11:39:08.955,1.22,2016-06-30 11:40:00,
1.125371288,2284304,Sergiy Stakhovsky,Ma Cilic v Stakhovsky,0,2016-06-27 15:21:11.792,6.2,2016-06-28 12:00:00,
1.125371288,2284304,Sergiy Stakhovsky,Ma Cilic v Stakhovsky,10,2016-06-28 19:45:47.363,5.2,2016-06-29 14:30:00,
1.125371288,2284304,Sergiy Stakhovsky,Ma Cilic v Stakhovsky,20,2016-06-29 06:00:55.854,5.3,2016-06-29 14:30:00,
1.125371288,2284304,Sergiy Stakhovsky,Ma Cilic v Stakhovsky,30,2016-06-29 07:55:08.652,5.2,2016-06-29 14:30:00,
1.125371288,2284304,Sergiy Stakhovsky,Ma Cilic v Stakhovsky,40,2016-06-29 10:45:32.260,5.2,2016-06-29 14:45:00,
1.125371288,2284304,Sergiy Stakhovsky,Ma Cilic v Stakhovsky,50,2016-06-29 12:40:13.225,5.5,2016-06-29 15:25:00,
1.125371288,2284304,Sergiy Stakhovsky,Ma Cilic v Stakhovsky,60,2016-06-29 13:35:05.432,5.0,2016-06-29 15:40:00,
1.125371288,2284304,Sergiy Stakhovsky,Ma Cilic v Stakhovsky,70,2016-06-29 16:30:03.517,5.5,2016-06-29 18:25:00,
1.125371288,2284304,Sergiy Stakhovsky,Ma Cilic v Stakhovsky,80,2016-06-29 20:49:54.841,5.4,2016-06-30 12:00:00,
1.125371288,2284304,Sergiy Stakhovsky,Ma Cilic v Stakhovsky,90,2016-06-30 09:28:32.317,5.2,2016-06-30 12:00:00,
1.125371288,2284304,Sergiy Stakhovsky,Ma Cilic v Stakhovsky,100,2016-06-30 11:47:06.990,5.4,2016-06-30 11:55:00,
1.125371391,7137471,Lara Arruabarrena,Arruabarrena v Kasatkina,0,2016-06-27 21:53:52.858,4.3,2016-06-28 12:00:00,
1.125371391,7137471,Lara Arruabarrena,Arruabarrena v Kasatkina,10,2016-06-28 11:53:52.877,4.5,2016-06-29 12:00:00,
1.125371391,7137471,Lara Arruabarrena,Arruabarrena v Kasatkina,20,2016-06-28 22:33:58.189,4.7,2016-06-29 16:30:00,
1.125371391,7137471,Lara Arruabarrena,Arruabarrena v Kasatkina,30,2016-06-29 08:56:58.888,5.0,2016-06-29 16:30:00,
1.125371391,7137471,Lara Arruabarrena,Arruabarrena v Kasatkina,40,2016-06-29 10:20:20.361,4.5,2016-06-29 16:30:00,
1.125371391,7137471,Lara Arruabarrena,Arruabarrena v Kasatkina,50,2016-06-29 17:28:06.673,4.9,2016-06-29 20:43:00,
1.125371391,7137471,Lara Arruabarrena,Arruabarrena v Kasatkina,60,2016-06-29 21:36:46.627,4.6,2016-06-30 14:00:00,
1.125371391,7137471,Lara Arruabarrena,Arruabarrena v Kasatkina,70,2016-06-30 08:51:04.498,4.7,2016-06-30 14:00:00,
1.125371391,7137471,Lara Arruabarrena,Arruabarrena v Kasatkina,80,2016-06-30 09:46:57.915,4.5,2016-06-30 14:00:00,
1.125371391,7137471,Lara Arruabarrena,Arruabarrena v Kasatkina,90,2016-06-30 11:39:11.433,4.6,2016-06-30 12:40:00,
1.125371391,7137471,Lara Arruabarrena,Arruabarrena v Kasatkina,100,2016-06-30 12:04:11.970,4.5,2016-06-30 12:07:00,
1.125371391,7795290,Daria Kasatkina,Arruabarrena v Kasatkina,0,2016-06-27 17:59:03.894,1.25,2016-06-28 12:00:00,
1.125371391,7795290,Daria Kasatkina,Arruabarrena v Kasatkina,10,2016-06-28 20:26:08.596,1.25,2016-06-29 16:30:00,
1.125371391,7795290,Daria Kasatkina,Arruabarrena v Kasatkina,20,2016-06-29 03:08:20.499,1.26,2016-06-29 16:30:00,
1.125371391,7795290,Daria Kasatkina,Arruabarrena v Kasatkina,30,2016-06-29 09:20:52.478,1.25,2016-06-29 16:30:00,
1.125371391,7795290,Daria Kasatkina,Arruabarrena v Kasatkina,40,2016-06-29 10:19:23.897,1.27,2016-06-29 16:30:00,
1.125371391,7795290,Daria Kasatkina,Arruabarrena v Kasatkina,50,2016-06-29 12:13:10.106,1.28,2016-06-29 17:24:00,
1.125371391,7795290,Daria Kasatkina,Arruabarrena v Kasatkina,60,2016-06-29 17:01:31.092,1.27,2016-06-29 20:43:00,
1.125371391,7795290,Daria Kasatkina,Arruabarrena v Kasatkina,70,2016-06-30 04:57:22.130,1.29,2016-06-30 14:00:00,
1.125371391,7795290,Daria Kasatkina,Arruabarrena v Kasatkina,80,2016-06-30 08:21:53.826,1.28,2016-06-30 14:00:00,
1.125371391,7795290,Daria Kasatkina,Arruabarrena v Kasatkina,90,2016-06-30 11:34:12.937,1.28,2016-06-30 12:40:00,
1.125371391,7795290,Daria Kasatkina,Arruabarrena v Kasatkina,100,2016-06-30 12:06:40.026,1.27,2016-06-30 12:07:00,
1.125371406,3375664,Kurumi Nara,C Witthoeft v Nara,0,2016-06-27 15:10:00.026,2.1,2016-06-28 12:00:00,
1.125371406,3375664,Kurumi Nara,C Witthoeft v Nara,10,2016-06-27 21:55:36.709,1.91,2016-06-28 12:00:00,
1.125371406,3375664,Kurumi Nara,C Witthoeft v Nara,20,2016-06-29 08:19:44.102,2.18,2016-06-29 16:30:00,
1.125371406,3375664,Kurumi Nara,C Witthoeft v Nara,30,2016-06-29 11:03:00.572,2.18,2016-06-29 17:15:00,
1.125371406,3375664,Kurumi Nara,C Witthoeft v Nara,40,2016-06-29 20:47:07.347,2.06,2016-06-30 14:00:00,
1.125371406,3375664,Kurumi Nara,C Witthoeft v Nara,50,2016-06-30 01:20:04.022,2.02,2016-06-30 14:00:00,
1.125371406,3375664,Kurumi Nara,C Witthoeft v Nara,60,2016-06-30 10:04:56.295,2.02,2016-06-30 13:53:00,
1.125371406,3375664,Kurumi Nara,C Witthoeft v Nara,70,2016-06-30 11:30:16.063,2.06,2016-06-30 13:53:00,
1.125371406,3375664,Kurumi Nara,C Witthoeft v Nara,80,2016-06-30 11:58:15.393,2.04,2016-06-30 13:47:00,
1.125371406,3375664,Kurumi Nara,C Witthoeft v Nara,90,2016-06-30 12:29:16.142,2.08,2016-06-30 13:47:00,
1.125371406,3375664,Kurumi Nara,C Witthoeft v Nara,100,2016-06-30 13:34:06.745,2.08,2016-06-30 13:43:00,
1.125371406,5408907,Carina Witthoeft,C Witthoeft v Nara,0,2016-06-27 18:25:15.516,1.95,2016-06-28 12:00:00,
1.125371406,5408907,Carina Witthoeft,C Witthoeft v Nara,10,2016-06-28 11:53:30.012,1.95,2016-06-29 12:00:00,
1.125371406,5408907,Carina Witthoeft,C Witthoeft v Nara,20,2016-06-29 08:52:44.761,1.86,2016-06-29 16:30:00,
1.125371406,5408907,Carina Witthoeft,C Witthoeft v Nara,30,2016-06-29 12:27:40.806,1.88,2016-06-29 17:25:00,
1.125371406,5408907,Carina Witthoeft,C Witthoeft v Nara,40,2016-06-29 18:57:56.478,1.86,2016-06-29 23:10:00,
1.125371406,5408907,Carina Witthoeft,C Witthoeft v Nara,50,2016-06-30 09:00:09.779,1.99,2016-06-30 14:00:00,
1.125371406,5408907,Carina Witthoeft,C Witthoeft v Nara,60,2016-06-30 11:27:15.869,1.97,2016-06-30 13:53:00,
1.125371406,5408907,Carina Witthoeft,C Witthoeft v Nara,70,2016-06-30 11:56:56.580,1.93,2016-06-30 13:47:00,
1.125371406,5408907,Carina Witthoeft,C Witthoeft v Nara,80,2016-06-30 12:29:16.142,1.95,2016-06-30 13:47:00,
1.125371406,5408907,Carina Witthoeft,C Witthoeft v Nara,90,2016-06-30 13:12:12.705,1.9,2016-06-30 13:47:00,
1.125371406,5408907,Carina Witthoeft,C Witthoeft v Nara,100,2016-06-30 13:36:11.755,1.92,2016-06-30 13:43:00,
1.125371813,2309518,Venus Williams,V Williams v Sakkari,0,2016-06-27 20:13:47.420,1.1,2016-06-28 12:00:00,
1.125371813,2309518,Venus Williams,V Williams v Sakkari,10,2016-06-28 21:01:15.252,1.15,2016-06-29 16:30:00,
1.125371813,2309518,Venus Williams,V Williams v Sakkari,20,2016-06-29 08:20:23.207,1.15,2016-06-29 16:30:00,
1.125371813,2309518,Venus Williams,V Williams v Sakkari,30,2016-06-29 10:24:11.828,1.17,2016-06-29 16:30:00,
1.125371813,2309518,Venus Williams,V Williams v Sakkari,40,2016-06-29 12:17:58.504,1.16,2016-06-29 17:25:00,
1.125371813,2309518,Venus Williams,V Williams v Sakkari,50,2016-06-29 13:56:52.362,1.16,2016-06-29 17:55:00,
1.125371813,2309518,Venus Williams,V Williams v Sakkari,60,2016-06-29 21:50:58.068,1.15,2016-06-30 12:00:00,
1.125371813,2309518,Venus Williams,V Williams v Sakkari,70,2016-06-30 04:43:32.624,1.15,2016-06-30 12:00:00,
1.125371813,2309518,Venus Williams,V Williams v Sakkari,80,2016-06-30 08:41:18.824,1.17,2016-06-30 12:00:00,
1.125371813,2309518,Venus Williams,V Williams v Sakkari,90,2016-06-30 11:26:03.290,1.17,2016-06-30 12:05:00,
1.125371813,2309518,Venus Williams,V Williams v Sakkari,100,2016-06-30 11:37:07.987,1.2,2016-06-30 11:44:00,
1.125371813,9002331,Maria Sakkari,V Williams v Sakkari,0,2016-06-27 20:13:47.420,11.0,2016-06-28 12:00:00,
1.125371813,9002331,Maria Sakkari,V Williams v Sakkari,10,2016-06-28 08:39:03.820,7.4,2016-06-29 12:00:00,
1.125371813,9002331,Maria Sakkari,V Williams v Sakkari,20,2016-06-29 07:20:40.865,8.0,2016-06-29 16:30:00,
1.125371813,9002331,Maria Sakkari,V Williams v Sakkari,30,2016-06-29 10:06:55.140,7.8,2016-06-29 16:30:00,
1.125371813,9002331,Maria Sakkari,V Williams v Sakkari,40,2016-06-29 11:54:27.839,7.0,2016-06-29 17:25:00,
1.125371813,9002331,Maria Sakkari,V Williams v Sakkari,50,2016-06-29 12:51:04.289,6.4,2016-06-29 17:25:00,
1.125371813,9002331,Maria Sakkari,V Williams v Sakkari,60,2016-06-29 17:19:06.628,6.8,2016-06-29 21:25:00,
1.125371813,9002331,Maria Sakkari,V Williams v Sakkari,70,2016-06-29 22:17:12.987,7.4,2016-06-30 12:00:00,
1.125371813,9002331,Maria Sakkari,V Williams v Sakkari,80,2016-06-30 10:46:36.486,6.8,2016-06-30 12:05:00,
1.125371813,9002331,Maria Sakkari,V Williams v Sakkari,90,2016-06-30 11:26:03.290,6.6,2016-06-30 12:05:00,
1.125371813,9002331,Maria Sakkari,V Williams v Sakkari,100,2016-06-30 11:37:07.987,6.0,2016-06-30 11:44:00,
1.125371832,2263570,Ivo Karlovic,Lacko v Karlovic,0,2016-06-27 15:23:18.660,1.25,2016-06-28 12:00:00,
1.125371832,2263570,Ivo Karlovic,Lacko v Karlovic,10,2016-06-28 06:30:28.221,1.26,2016-06-29 12:00:00,
1.125371832,2263570,Ivo Karlovic,Lacko v Karlovic,20,2016-06-29 04:13:31.640,1.22,2016-06-29 14:30:00,
1.125371832,2263570,Ivo Karlovic,Lacko v Karlovic,30,2016-06-29 08:06:05.707,1.24,2016-06-29 14:30:00,
1.125371832,2263570,Ivo Karlovic,Lacko v Karlovic,40,2016-06-29 09:46:03.327,1.23,2016-06-29 14:30:00,
1.125371832,2263570,Ivo Karlovic,Lacko v Karlovic,50,2016-06-29 12:12:43.047,1.25,2016-06-29 13:39:00,
1.125371832,2263570,Ivo Karlovic,Lacko v Karlovic,60,2016-06-29 16:20:18.527,1.26,2016-06-29 16:24:00,
1.125371832,2263570,Ivo Karlovic,Lacko v Karlovic,70,2016-06-29 18:04:32.634,1.25,2016-06-29 18:09:00,
1.125371832,2263570,Ivo Karlovic,Lacko v Karlovic,80,2016-06-30 01:38:58.562,1.25,2016-06-30 12:00:00,
1.125371832,2263570,Ivo Karlovic,Lacko v Karlovic,90,2016-06-30 08:31:51.203,1.26,2016-06-30 12:00:00,
1.125371832,2263570,Ivo Karlovic,Lacko v Karlovic,100,2016-06-30 10:59:36.628,1.25,2016-06-30 11:14:00,
1.125371832,2263634,Lukas Lacko,Lacko v Karlovic,0,2016-06-27 22:34:01.793,4.7,2016-06-28 12:00:00,
1.125371832,2263634,Lukas Lacko,Lacko v Karlovic,10,2016-06-29 08:04:53.865,5.2,2016-06-29 14:30:00,
1.125371832,2263634,Lukas Lacko,Lacko v Karlovic,20,2016-06-29 09:37:22.973,5.5,2016-06-29 14:30:00,
1.125371832,2263634,Lukas Lacko,Lacko v Karlovic,30,2016-06-29 11:56:17.150,5.1,2016-06-29 13:39:00,
1.125371832,2263634,Lukas Lacko,Lacko v Karlovic,40,2016-06-29 13:14:25.257,5.1,2016-06-29 13:39:00,
1.125371832,2263634,Lukas Lacko,Lacko v Karlovic,50,2016-06-29 14:30:52.637,5.0,2016-06-29 14:39:00,
1.125371832,2263634,Lukas Lacko,Lacko v Karlovic,60,2016-06-29 18:43:19.701,5.0,2016-06-29 18:54:00,
1.125371832,2263634,Lukas Lacko,Lacko v Karlovic,70,2016-06-29 21:36:59.218,5.0,2016-06-30 12:00:00,
1.125371832,2263634,Lukas Lacko,Lacko v Karlovic,80,2016-06-30 09:13:02.938,4.8,2016-06-30 12:00:00,
1.125371832,2263634,Lukas Lacko,Lacko v Karlovic,90,2016-06-30 09:29:40.285,4.9,2016-06-30 12:00:00,
1.125371832,2263634,Lukas Lacko,Lacko v Karlovic,100,2016-06-30 11:12:55.811,5.0,2016-06-30 11:15:00,
1.125371957,7414058,Damir Dzumhur,P Herbert v Dzumhur,0,2016-06-27 22:45:06.766,3.35,2016-06-28 12:00:00,
1.125371957,7414058,Damir Dzumhur,P Herbert v Dzumhur,10,2016-06-28 11:12:56.685,3.95,2016-06-29 12:00:00,
1.125371957,7414058,Damir Dzumhur,P Herbert v Dzumhur,20,2016-06-28 21:42:41.495,4.0,2016-06-29 12:30:00,
1.125371957,7414058,Damir Dzumhur,P Herbert v Dzumhur,30,2016-06-29 08:49:25.250,4.1,2016-06-29 12:30:00,
1.125371957,7414058,Damir Dzumhur,P Herbert v Dzumhur,40,2016-06-29 09:57:26.784,4.2,2016-06-29 12:30:00,
1.125371957,7414058,Damir Dzumhur,P Herbert v Dzumhur,50,2016-06-29 10:12:34.099,4.1,2016-06-29 12:30:00,
1.125371957,7414058,Damir Dzumhur,P Herbert v Dzumhur,60,2016-06-29 11:20:33.256,4.1,2016-06-29 13:30:00,
1.125371957,7414058,Damir Dzumhur,P Herbert v Dzumhur,70,2016-06-29 12:50:56.179,4.0,2016-06-29 13:24:00,
1.125371957,7414058,Damir Dzumhur,P Herbert v Dzumhur,80,2016-06-29 19:46:45.800,4.3,2016-06-29 19:54:00,
1.125371957,7414058,Damir Dzumhur,P Herbert v Dzumhur,90,2016-06-30 10:01:57.600,4.1,2016-06-30 12:00:00,
1.125371957,7414058,Damir Dzumhur,P Herbert v Dzumhur,100,2016-06-30 10:56:08.911,4.2,2016-06-30 12:05:00,
1.125371957,8266399,Pierre-Hugues Herbert,P Herbert v Dzumhur,0,2016-06-27 15:21:57.313,1.41,2016-06-28 12:00:00,
1.125371957,8266399,Pierre-Hugues Herbert,P Herbert v Dzumhur,10,2016-06-28 10:02:20.914,1.37,2016-06-29 12:00:00,
1.125371957,8266399,Pierre-Hugues Herbert,P Herbert v Dzumhur,20,2016-06-28 15:43:42.986,1.29,2016-06-29 12:00:00,
1.125371957,8266399,Pierre-Hugues Herbert,P Herbert v Dzumhur,30,2016-06-29 04:04:12.407,1.28,2016-06-29 12:30:00,
1.125371957,8266399,Pierre-Hugues Herbert,P Herbert v Dzumhur,40,2016-06-29 08:52:46.472,1.29,2016-06-29 12:30:00,
1.125371957,8266399,Pierre-Hugues Herbert,P Herbert v Dzumhur,50,2016-06-29 09:35:03.062,1.3,2016-06-29 12:30:00,
1.125371957,8266399,Pierre-Hugues Herbert,P Herbert v Dzumhur,60,2016-06-29 10:30:01.936,1.31,2016-06-29 12:30:00,
1.125371957,8266399,Pierre-Hugues Herbert,P Herbert v Dzumhur,70,2016-06-29 12:30:02.526,1.33,2016-06-29 13:24:00,
1.125371957,8266399,Pierre-Hugues Herbert,P Herbert v Dzumhur,80,2016-06-29 17:29:06.834,1.33,2016-06-29 17:39:00,
1.125371957,8266399,Pierre-Hugues Herbert,P Herbert v Dzumhur,90,2016-06-30 10:01:57.600,1.32,2016-06-30 12:00:00,
1.125371957,8266399,Pierre-Hugues Herbert,P Herbert v Dzumhur,100,2016-06-30 11:00:57.338,1.31,2016-06-30 11:14:00,
1.12537204,7593369,Anna-Lena Friedsam,Friedsam v Alexandrova,0,2016-06-27 20:44:22.859,1.41,2016-06-28 12:00:00,
1.12537204,7593369,Anna-Lena Friedsam,Friedsam v Alexandrova,10,2016-06-29 03:07:41.676,1.3,2016-06-29 14:30:00,
1.12537204,7593369,Anna-Lena Friedsam,Friedsam v Alexandrova,20,2016-06-29 08:58:12.701,1.28,2016-06-29 14:30:00,
1.12537204,7593369,Anna-Lena Friedsam,Friedsam v Alexandrova,30,2016-06-29 10:29:01.809,1.3,2016-06-29 14:30:00,
1.12537204,7593369,Anna-Lena Friedsam,Friedsam v Alexandrova,40,2016-06-29 10:48:47.961,1.29,2016-06-29 15:00:00,
1.12537204,7593369,Anna-Lena Friedsam,Friedsam v Alexandrova,50,2016-06-29 23:04:10.874,1.3,2016-06-30 10:00:00,
1.12537204,7593369,Anna-Lena Friedsam,Friedsam v Alexandrova,60,2016-06-30 06:04:20.984,1.29,2016-06-30 10:00:00,
1.12537204,7593369,Anna-Lena Friedsam,Friedsam v Alexandrova,70,2016-06-30 07:29:53.368,1.31,2016-06-30 10:00:00,
1.12537204,7593369,Anna-Lena Friedsam,Friedsam v Alexandrova,80,2016-06-30 08:35:40.630,1.29,2016-06-30 10:00:00,
1.12537204,7593369,Anna-Lena Friedsam,Friedsam v Alexandrova,90,2016-06-30 09:16:12.008,1.28,2016-06-30 10:00:00,
1.12537204,7593369,Anna-Lena Friedsam,Friedsam v Alexandrova,100,2016-06-30 09:59:21.590,1.29,2016-06-30 10:00:00,
1.12537204,8681458,Ekaterina Alexandrova,Friedsam v Alexandrova,0,2016-06-27 18:59:22.537,3.25,2016-06-28 12:00:00,
1.12537204,8681458,Ekaterina Alexandrova,Friedsam v Alexandrova,10,2016-06-27 21:03:00.152,4.1,2016-06-28 12:00:00,
1.12537204,8681458,Ekaterina Alexandrova,Friedsam v Alexandrova,20,2016-06-29 06:37:37.421,4.6,2016-06-29 14:30:00,
1.12537204,8681458,Ekaterina Alexandrova,Friedsam v Alexandrova,30,2016-06-29 09:43:24.363,4.4,2016-06-29 14:30:00,
1.12537204,8681458,Ekaterina Alexandrova,Friedsam v Alexandrova,40,2016-06-29 10:36:31.103,4.3,2016-06-29 14:45:00,
1.12537204,8681458,Ekaterina Alexandrova,Friedsam v Alexandrova,50,2016-06-29 13:01:04.435,4.5,2016-06-29 15:29:00,
1.12537204,8681458,Ekaterina Alexandrova,Friedsam v Alexandrova,60,2016-06-29 21:49:36.539,4.3,2016-06-30 10:00:00,
1.12537204,8681458,Ekaterina Alexandrova,Friedsam v Alexandrova,70,2016-06-30 03:44:05.153,4.5,2016-06-30 10:00:00,
1.12537204,8681458,Ekaterina Alexandrova,Friedsam v Alexandrova,80,2016-06-30 07:29:53.368,4.2,2016-06-30 10:00:00,
1.12537204,8681458,Ekaterina Alexandrova,Friedsam v Alexandrova,90,2016-06-30 09:40:02.907,4.4,2016-06-30 10:00:00,
1.12537204,8681458,Ekaterina Alexandrova,Friedsam v Alexandrova,100,2016-06-30 09:59:21.590,4.5,2016-06-30 10:00:00,
1.125375543,2264530,Kirsten Flipkens,Flipkens v Keys,0,2016-06-28 11:59:59.042,4.8,2016-06-29 12:00:00,
1.125375543,2264530,Kirsten Flipkens,Flipkens v Keys,10,2016-06-29 05:23:51.113,5.4,2016-06-29 14:30:00,
1.125375543,2264530,Kirsten Flipkens,Flipkens v Keys,20,2016-06-29 08:38:05.798,5.4,2016-06-29 14:30:00,
1.125375543,2264530,Kirsten Flipkens,Flipkens v Keys,30,2016-06-29 10:31:02.732,5.5,2016-06-29 14:30:00,
1.125375543,2264530,Kirsten Flipkens,Flipkens v Keys,40,2016-06-29 10:55:06.452,5.5,2016-06-29 15:00:00,
1.125375543,2264530,Kirsten Flipkens,Flipkens v Keys,50,2016-06-29 14:29:55.658,5.2,2016-06-29 16:41:00,
1.125375543,2264530,Kirsten Flipkens,Flipkens v Keys,60,2016-06-29 15:52:09.423,5.3,2016-06-29 17:56:00,
1.125375543,2264530,Kirsten Flipkens,Flipkens v Keys,70,2016-06-29 18:48:38.936,5.5,2016-06-29 18:49:00,
1.125375543,2264530,Kirsten Flipkens,Flipkens v Keys,80,2016-06-30 05:01:44.338,5.7,2016-06-30 12:00:00,
1.125375543,2264530,Kirsten Flipkens,Flipkens v Keys,90,2016-06-30 06:45:52.019,5.7,2016-06-30 12:00:00,
1.125375543,2264530,Kirsten Flipkens,Flipkens v Keys,100,2016-06-30 10:47:00.958,5.7,2016-06-30 10:58:00,
1.125375543,3800907,Madison Keys,Flipkens v Keys,0,2016-06-27 18:59:47.335,1.27,2016-06-28 12:00:00,
1.125375543,3800907,Madison Keys,Flipkens v Keys,10,2016-06-28 18:02:01.062,1.27,2016-06-29 12:00:00,
1.125375543,3800907,Madison Keys,Flipkens v Keys,20,2016-06-28 22:35:05.671,1.26,2016-06-29 14:30:00,
1.125375543,3800907,Madison Keys,Flipkens v Keys,30,2016-06-29 08:38:05.798,1.22,2016-06-29 14:30:00,
1.125375543,3800907,Madison Keys,Flipkens v Keys,40,2016-06-29 10:07:44.144,1.25,2016-06-29 14:30:00,
1.125375543,3800907,Madison Keys,Flipkens v Keys,50,2016-06-29 11:37:20.559,1.21,2016-06-29 15:26:00,
1.125375543,3800907,Madison Keys,Flipkens v Keys,60,2016-06-29 15:15:13.353,1.24,2016-06-29 17:26:00,
1.125375543,3800907,Madison Keys,Flipkens v Keys,70,2016-06-29 18:42:46.559,1.21,2016-06-29 18:49:00,
1.125375543,3800907,Madison Keys,Flipkens v Keys,80,2016-06-30 04:57:50.667,1.22,2016-06-30 12:00:00,
1.125375543,3800907,Madison Keys,Flipkens v Keys,90,2016-06-30 09:34:16.624,1.2,2016-06-30 12:00:00,
1.125375543,3800907,Madison Keys,Flipkens v Keys,100,2016-06-30 10:47:00.958,1.21,2016-06-30 10:58:00,
1.125375562,2249229,Novak Djokovic,N Djokovic v A Mannarino,0,2016-06-27 14:42:57.927,1.02,2016-06-28 12:00:00,
1.125375562,2249229,Novak Djokovic,N Djokovic v A Mannarino,10,2016-06-27 22:07:40.468,1.01,2016-06-28 12:00:00,
1.125375562,2249229,Novak Djokovic,N Djokovic v A Mannarino,20,2016-06-28 18:01:49.607,1.02,2016-06-29 12:00:00,
1.125375562,2249229,Novak Djokovic,N Djokovic v A Mannarino,30,2016-06-28 22:55:53.234,1.01,2016-06-29 14:00:00,
1.125375562,2249229,Novak Djokovic,N Djokovic v A Mannarino,40,2016-06-29 06:14:50.632,1.02,2016-06-29 14:00:00,
1.125375562,2249229,Novak Djokovic,N Djokovic v A Mannarino,50,2016-06-29 07:59:01.019,1.02,2016-06-29 14:00:00,
1.125375562,2249229,Novak Djokovic,N Djokovic v A Mannarino,60,2016-06-29 09:18:23.062,1.01,2016-06-29 14:00:00,
1.125375562,2249229,Novak Djokovic,N Djokovic v A Mannarino,70,2016-06-29 10:18:07.201,1.02,2016-06-29 14:00:00,
1.125375562,2249229,Novak Djokovic,N Djokovic v A Mannarino,80,2016-06-29 11:55:07.806,1.01,2016-06-29 14:00:00,
1.125375562,2249229,Novak Djokovic,N Djokovic v A Mannarino,90,2016-06-29 12:27:57.021,1.02,2016-06-29 14:00:00,
1.125375562,2249229,Novak Djokovic,N Djokovic v A Mannarino,100,2016-06-29 13:19:05.375,1.02,2016-06-29 13:21:00,
1.125375562,3066621,Adrian Mannarino,N Djokovic v A Mannarino,0,2016-06-27 18:18:57.962,100.0,2016-06-28 12:00:00,
1.125375562,3066621,Adrian Mannarino,N Djokovic v A Mannarino,10,2016-06-28 16:12:55.165,80.0,2016-06-29 12:00:00,
1.125375562,3066621,Adrian Mannarino,N Djokovic v A Mannarino,20,2016-06-28 22:55:53.234,90.0,2016-06-29 14:00:00,
1.125375562,3066621,Adrian Mannarino,N Djokovic v A Mannarino,30,2016-06-29 05:02:16.385,75.0,2016-06-29 14:00:00,
1.125375562,3066621,Adrian Mannarino,N Djokovic v A Mannarino,40,2016-06-29 07:02:44.027,75.0,2016-06-29 14:00:00,
1.125375562,3066621,Adrian Mannarino,N Djokovic v A Mannarino,50,2016-06-29 09:09:50.419,80.0,2016-06-29 14:00:00,
1.125375562,3066621,Adrian Mannarino,N Djokovic v A Mannarino,60,2016-06-29 10:09:24.197,80.0,2016-06-29 14:00:00,
1.125375562,3066621,Adrian Mannarino,N Djokovic v A Mannarino,70,2016-06-29 11:08:02.804,75.0,2016-06-29 14:00:00,
1.125375562,3066621,Adrian Mannarino,N Djokovic v A Mannarino,80,2016-06-29 11:55:42.955,70.0,2016-06-29 14:00:00,
1.125375562,3066621,Adrian Mannarino,N Djokovic v A Mannarino,90,2016-06-29 12:25:58.483,75.0,2016-06-29 14:00:00,
1.125375562,3066621,Adrian Mannarino,N Djokovic v A Mannarino,100,2016-06-29 13:18:07.436,80.0,2016-06-29 13:21:00,
1.125378821,2257314,David Ferrer,Mahut v D Ferrer,0,2016-06-27 16:41:04.450,1.6,2016-06-28 12:00:00,
1.125378821,2257314,David Ferrer,Mahut v D Ferrer,10,2016-06-28 16:30:53.266,1.69,2016-06-29 12:00:00,
1.125378821,2257314,David Ferrer,Mahut v D Ferrer,20,2016-06-29 03:52:26.605,1.7,2016-06-29 12:30:00,
1.125378821,2257314,David Ferrer,Mahut v D Ferrer,30,2016-06-29 08:04:52.870,1.71,2016-06-29 12:30:00,
1.125378821,2257314,David Ferrer,Mahut v D Ferrer,40,2016-06-29 09:41:49.146,1.73,2016-06-29 12:30:00,
1.125378821,2257314,David Ferrer,Mahut v D Ferrer,50,2016-06-29 11:09:55.121,1.71,2016-06-29 13:15:00,
1.125378821,2257314,David Ferrer,Mahut v D Ferrer,60,2016-06-29 13:53:41.251,1.71,2016-06-29 13:56:00,
1.125378821,2257314,David Ferrer,Mahut v D Ferrer,70,2016-06-29 21:09:51.097,2.28,2016-06-30 12:00:00,2016-06-29 17:02:05.610
1.125378821,2257314,David Ferrer,Mahut v D Ferrer,80,2016-06-30 08:31:33.926,2.3,2016-06-30 12:00:00,2016-06-29 17:02:05.610
1.125378821,2257314,David Ferrer,Mahut v D Ferrer,90,2016-06-30 10:18:43.855,2.16,2016-06-30 12:01:00,2016-06-29 17:02:05.610
1.125378821,2257314,David Ferrer,Mahut v D Ferrer,100,2016-06-30 11:33:00.766,2.2,2016-06-30 11:35:00,2016-06-29 17:02:05.610
1.125378821,2257317,Nicolas Mahut,Mahut v D Ferrer,0,2016-06-27 16:41:04.450,2.66,2016-06-28 12:00:00,
1.125378821,2257317,Nicolas Mahut,Mahut v D Ferrer,10,2016-06-28 21:10:05.855,2.42,2016-06-29 12:30:00,
1.125378821,2257317,Nicolas Mahut,Mahut v D Ferrer,20,2016-06-29 07:34:05.880,2.34,2016-06-29 12:30:00,
1.125378821,2257317,Nicolas Mahut,Mahut v D Ferrer,30,2016-06-29 09:28:32.773,2.34,2016-06-29 12:30:00,
1.125378821,2257317,Nicolas Mahut,Mahut v D Ferrer,40,2016-06-29 11:39:50.295,2.46,2016-06-29 13:26:00,
1.125378821,2257317,Nicolas Mahut,Mahut v D Ferrer,50,2016-06-29 21:09:51.097,1.77,2016-06-30 12:00:00,2016-06-29 17:02:05.610
1.125378821,2257317,Nicolas Mahut,Mahut v D Ferrer,60,2016-06-29 23:43:11.805,1.75,2016-06-30 12:00:00,2016-06-29 17:02:05.610
1.125378821,2257317,Nicolas Mahut,Mahut v D Ferrer,70,2016-06-30 07:11:09.868,1.74,2016-06-30 12:00:00,2016-06-29 17:02:05.610
1.125378821,2257317,Nicolas Mahut,Mahut v D Ferrer,80,2016-06-30 09:15:45.639,1.73,2016-06-30 12:00:00,2016-06-29 17:02:05.610
1.125378821,2257317,Nicolas Mahut,Mahut v D Ferrer,90,2016-06-30 10:39:56.779,1.74,2016-06-30 12:01:00,2016-06-29 17:02:05.610
1.125378821,2257317,Nicolas Mahut,Mahut v D Ferrer,100,2016-06-30 11:34:02.181,1.83,2016-06-30 11:35:00,2016-06-29 17:02:05.610
1.125378824,2249345,Gilles Simon,G Dimitrov v G Simon,0,2016-06-27 21:59:17.666,1.99,2016-06-28 12:00:00,
1.125378824,2249345,Gilles Simon,G Dimitrov v G Simon,10,2016-06-28 22:48:12.530,1.86,2016-06-29 14:00:00,
1.125378824,2249345,Gilles Simon,G Dimitrov v G Simon,20,2016-06-29 06:27:22.790,1.84,2016-06-29 14:00:00,
1.125378824,2249345,Gilles Simon,G Dimitrov v G Simon,30,2016-06-29 09:12:01.492,1.92,2016-06-29 14:00:00,
1.125378824,2249345,Gilles Simon,G Dimitrov v G Simon,40,2016-06-29 10:27:52.936,1.95,2016-06-29 14:00:00,
1.125378824,2249345,Gilles Simon,G Dimitrov v G Simon,50,2016-06-29 12:27:57.434,1.92,2016-06-29 14:30:00,
1.125378824,2249345,Gilles Simon,G Dimitrov v G Simon,60,2016-06-29 15:22:00.657,1.96,2016-06-29 17:30:00,
1.125378824,2249345,Gilles Simon,G Dimitrov v G Simon,70,2016-06-29 16:59:02.546,1.93,2016-06-29 17:07:00,
1.125378824,2249345,Gilles Simon,G Dimitrov v G Simon,80,2016-06-30 07:56:53.830,2.12,2016-06-30 12:00:00,2016-06-29 17:12:07.340
1.125378824,2249345,Gilles Simon,G Dimitrov v G Simon,90,2016-06-30 11:08:07.716,2.12,2016-06-30 12:00:00,2016-06-29 17:12:07.340
1.125378824,2249345,Gilles Simon,G Dimitrov v G Simon,100,2016-06-30 12:06:52.016,2.12,2016-06-30 12:15:00,2016-06-29 17:12:07.340
1.125378824,3120169,Grigor Dimitrov,G Dimitrov v G Simon,0,2016-06-27 19:52:34.738,2.0,2016-06-28 12:00:00,
1.125378824,3120169,Grigor Dimitrov,G Dimitrov v G Simon,10,2016-06-29 04:47:59.240,2.22,2016-06-29 14:00:00,
1.125378824,3120169,Grigor Dimitrov,G Dimitrov v G Simon,20,2016-06-29 09:03:18.628,2.12,2016-06-29 14:00:00,
1.125378824,3120169,Grigor Dimitrov,G Dimitrov v G Simon,30,2016-06-29 10:16:37.987,2.06,2016-06-29 14:00:00,
1.125378824,3120169,Grigor Dimitrov,G Dimitrov v G Simon,40,2016-06-29 11:30:37.039,2.08,2016-06-29 14:00:00,
1.125378824,3120169,Grigor Dimitrov,G Dimitrov v G Simon,50,2016-06-29 15:28:39.855,2.04,2016-06-29 17:30:00,
1.125378824,3120169,Grigor Dimitrov,G Dimitrov v G Simon,60,2016-06-29 21:54:22.161,1.91,2016-06-30 12:00:00,2016-06-29 17:12:07.340
1.125378824,3120169,Grigor Dimitrov,G Dimitrov v G Simon,70,2016-06-30 07:56:53.830,1.89,2016-06-30 12:00:00,2016-06-29 17:12:07.340
1.125378824,3120169,Grigor Dimitrov,G Dimitrov v G Simon,80,2016-06-30 10:11:15.109,1.84,2016-06-30 12:00:00,2016-06-29 17:12:07.340
1.125378824,3120169,Grigor Dimitrov,G Dimitrov v G Simon,90,2016-06-30 11:21:03.943,1.9,2016-06-30 12:00:00,2016-06-29 17:12:07.340
1.125378824,3120169,Grigor Dimitrov,G Dimitrov v G Simon,100,2016-06-30 12:06:52.016,1.88,2016-06-30 12:15:00,2016-06-29 17:12:07.340
1.125378986,2309567,Sara Errani,Errani v Cornet,0,2016-06-27 18:23:12.036,1.92,2016-06-28 12:00:00,
1.125378986,2309567,Sara Errani,Errani v Cornet,10,2016-06-27 22:14:03.333,2.18,2016-06-28 12:00:00,
1.125378986,2309567,Sara Errani,Errani v Cornet,20,2016-06-28 07:30:13.814,2.52,2016-06-29 12:00:00,
1.125378986,2309567,Sara Errani,Errani v Cornet,30,2016-06-29 03:36:11.435,2.44,2016-06-29 14:30:00,
1.125378986,2309567,Sara Errani,Errani v Cornet,40,2016-06-29 11:01:41.334,2.46,2016-06-29 15:00:00,
1.125378986,2309567,Sara Errani,Errani v Cornet,50,2016-06-29 14:11:04.506,2.52,2016-06-29 16:24:00,
1.125378986,2309567,Sara Errani,Errani v Cornet,60,2016-06-29 16:53:05.417,2.58,2016-06-29 17:09:00,
1.125378986,2309567,Sara Errani,Errani v Cornet,70,2016-06-29 20:22:13.908,2.48,2016-06-29 20:24:00,
1.125378986,2309567,Sara Errani,Errani v Cornet,80,2016-06-30 09:04:55.292,2.42,2016-06-30 12:00:00,
1.125378986,2309567,Sara Errani,Errani v Cornet,90,2016-06-30 10:48:02.156,2.42,2016-06-30 11:50:00,
1.125378986,2309567,Sara Errani,Errani v Cornet,100,2016-06-30 11:26:08.666,2.36,2016-06-30 11:33:00,
1.125378986,8736064,Alizé Cornet,Errani v Cornet,0,2016-06-27 18:23:12.036,2.08,2016-06-28 12:00:00,
1.125378986,8736064,Alizé Cornet,Errani v Cornet,10,2016-06-27 22:28:01.433,1.75,2016-06-28 12:00:00,
1.125378986,8736064,Alizé Cornet,Errani v Cornet,20,2016-06-28 20:34:49.676,1.73,2016-06-29 14:30:00,
1.125378986,8736064,Alizé Cornet,Errani v Cornet,30,2016-06-29 08:06:54.130,1.7,2016-06-29 14:30:00,
1.125378986,8736064,Alizé Cornet,Errani v Cornet,40,2016-06-29 10:45:01.952,1.69,2016-06-29 14:45:00,
1.125378986,8736064,Alizé Cornet,Errani v Cornet,50,2016-06-29 12:51:55.594,1.66,2016-06-29 15:24:00,
1.125378986,8736064,Alizé Cornet,Errani v Cornet,60,2016-06-29 15:31:00.737,1.66,2016-06-29 17:39:00,
1.125378986,8736064,Alizé Cornet,Errani v Cornet,70,2016-06-29 17:47:09.382,1.65,2016-06-29 17:54:00,
1.125378986,8736064,Alizé Cornet,Errani v Cornet,80,2016-06-30 03:16:55.674,1.67,2016-06-30 12:00:00,
1.125378986,8736064,Alizé Cornet,Errani v Cornet,90,2016-06-30 09:33:51.704,1.69,2016-06-30 12:00:00,
1.125378986,8736064,Alizé Cornet,Errani v Cornet,100,2016-06-30 11:26:08.666,1.73,2016-06-30 11:33:00,
1.125379044,2257310,Nicolas Almagro,Almagro v Istomin,0,2016-06-27 21:15:48.158,2.72,2016-06-28 12:00:00,
1.125379044,2257310,Nicolas Almagro,Almagro v Istomin,10,2016-06-28 06:41:22.960,3.0,2016-06-29 12:00:00,
1.125379044,2257310,Nicolas Almagro,Almagro v Istomin,20,2016-06-28 18:16:18.715,3.2,2016-06-29 12:00:00,
1.125379044,2257310,Nicolas Almagro,Almagro v Istomin,30,2016-06-29 06:18:22.204,3.35,2016-06-29 12:30:00,
1.125379044,2257310,Nicolas Almagro,Almagro v Istomin,40,2016-06-29 08:56:45.267,3.3,2016-06-29 12:30:00,
1.125379044,2257310,Nicolas Almagro,Almagro v Istomin,50,2016-06-29 09:51:57.846,3.25,2016-06-29 12:30:00,
1.125379044,2257310,Nicolas Almagro,Almagro v Istomin,60,2016-06-29 10:37:30.062,3.2,2016-06-29 12:45:00,
1.125379044,2257310,Nicolas Almagro,Almagro v Istomin,70,2016-06-29 13:32:16.256,3.3,2016-06-29 13:40:00,
1.125379044,2257310,Nicolas Almagro,Almagro v Istomin,80,2016-06-29 16:33:10.918,3.1,2016-06-29 16:47:00,
1.125379044,2257310,Nicolas Almagro,Almagro v Istomin,90,2016-06-30 05:41:59.375,3.15,2016-06-30 12:00:00,
1.125379044,2257310,Nicolas Almagro,Almagro v Istomin,100,2016-06-30 11:23:21.578,3.15,2016-06-30 11:25:00,
1.125379044,2765780,Denis Istomin,Almagro v Istomin,0,2016-06-27 17:34:08.634,1.64,2016-06-28 12:00:00,
1.125379044,2765780,Denis Istomin,Almagro v Istomin,10,2016-06-27 23:17:10.762,1.5,2016-06-28 12:00:00,
1.125379044,2765780,Denis Istomin,Almagro v Istomin,20,2016-06-28 09:09:44.773,1.44,2016-06-29 12:00:00,
1.125379044,2765780,Denis Istomin,Almagro v Istomin,30,2016-06-29 02:17:00.688,1.45,2016-06-29 12:30:00,
1.125379044,2765780,Denis Istomin,Almagro v Istomin,40,2016-06-29 07:50:10.279,1.45,2016-06-29 12:30:00,
1.125379044,2765780,Denis Istomin,Almagro v Istomin,50,2016-06-29 09:38:14.140,1.46,2016-06-29 12:30:00,
1.125379044,2765780,Denis Istomin,Almagro v Istomin,60,2016-06-29 11:07:19.414,1.44,2016-06-29 13:15:00,
1.125379044,2765780,Denis Istomin,Almagro v Istomin,70,2016-06-29 16:37:18.611,1.49,2016-06-29 16:47:00,
1.125379044,2765780,Denis Istomin,Almagro v Istomin,80,2016-06-29 21:09:13.979,1.47,2016-06-30 12:00:00,
1.125379044,2765780,Denis Istomin,Almagro v Istomin,90,2016-06-30 06:42:15.172,1.46,2016-06-30 12:00:00,
1.125379044,2765780,Denis Istomin,Almagro v Istomin,100,2016-06-30 11:23:21.578,1.46,2016-06-30 11:25:00,
1.125379232,2256462,Lucie Safarova,L Safarova v S Crawford,0,2016-06-27 22:03:46.627,1.28,2016-06-28 12:00:00,
1.125379232,2256462,Lucie Safarova,L Safarova v S Crawford,10,2016-06-28 21:16:44.059,1.24,2016-06-29 16:30:00,
1.125379232,2256462,Lucie Safarova,L Safarova v S Crawford,20,2016-06-29 08:09:27.644,1.22,2016-06-29 16:30:00,
1.125379232,2256462,Lucie Safarova,L Safarova v S Crawford,30,2016-06-29 10:28:38.574,1.22,2016-06-29 16:30:00,
1.125379232,2256462,Lucie Safarova,L Safarova v S Crawford,40,2016-06-29 13:24:00.995,1.21,2016-06-29 17:39:00,
1.125379232,2256462,Lucie Safarova,L Safarova v S Crawford,50,2016-06-29 21:37:01.097,1.22,2016-06-30 14:00:00,
1.125379232,2256462,Lucie Safarova,L Safarova v S Crawford,60,2016-06-30 10:25:06.007,1.22,2016-06-30 14:02:00,
1.125379232,2256462,Lucie Safarova,L Safarova v S Crawford,70,2016-06-30 12:16:04.192,1.19,2016-06-30 13:27:00,
1.125379232,2256462,Lucie Safarova,L Safarova v S Crawford,80,2016-06-30 12:40:09.222,1.2,2016-06-30 13:27:00,
1.125379232,2256462,Lucie Safarova,L Safarova v S Crawford,90,2016-06-30 13:25:05.666,1.21,2016-06-30 13:27:00,
1.125379232,2256462,Lucie Safarova,L Safarova v S Crawford,100,2016-06-30 13:47:01.393,1.21,2016-06-30 13:57:00,
1.125379232,6603928,Samantha Crawford,L Safarova v S Crawford,0,2016-06-27 22:03:46.627,4.7,2016-06-28 12:00:00,
1.125379232,6603928,Samantha Crawford,L Safarova v S Crawford,10,2016-06-29 03:35:32.823,5.4,2016-06-29 16:30:00,
1.125379232,6603928,Samantha Crawford,L Safarova v S Crawford,20,2016-06-29 09:23:23.174,5.8,2016-06-29 16:30:00,
1.125379232,6603928,Samantha Crawford,L Safarova v S Crawford,30,2016-06-29 14:33:31.715,5.6,2016-06-29 18:39:00,
1.125379232,6603928,Samantha Crawford,L Safarova v S Crawford,40,2016-06-29 17:56:07.378,5.7,2016-06-29 20:09:00,
1.125379232,6603928,Samantha Crawford,L Safarova v S Crawford,50,2016-06-29 23:10:28.291,5.5,2016-06-30 14:00:00,
1.125379232,6603928,Samantha Crawford,L Safarova v S Crawford,60,2016-06-30 10:23:30.550,5.5,2016-06-30 14:02:00,
1.125379232,6603928,Samantha Crawford,L Safarova v S Crawford,70,2016-06-30 11:26:54.663,5.8,2016-06-30 13:31:00,
1.125379232,6603928,Samantha Crawford,L Safarova v S Crawford,80,2016-06-30 11:55:59.325,5.8,2016-06-30 13:27:00,
1.125379232,6603928,Samantha Crawford,L Safarova v S Crawford,90,2016-06-30 12:50:13.938,6.0,2016-06-30 13:27:00,
1.125379232,6603928,Samantha Crawford,L Safarova v S Crawford,100,2016-06-30 13:28:39.354,5.8,2016-06-30 13:42:00,
1.125379317,8679183,Denisa Allertova,Allertova v SuÁrez Navarro,0,2016-06-27 21:52:54.933,3.7,2016-06-28 12:00:00,
1.125379317,8679183,Denisa Allertova,Allertova v SuÁrez Navarro,10,2016-06-28 22:33:47.071,4.0,2016-06-29 14:30:00,
1.125379317,8679183,Denisa Allertova,Allertova v SuÁrez Navarro,20,2016-06-29 08:43:46.345,4.2,2016-06-29 14:30:00,
1.125379317,8679183,Denisa Allertova,Allertova v SuÁrez Navarro,30,2016-06-29 10:52:09.310,3.7,2016-06-29 15:00:00,
1.125379317,8679183,Denisa Allertova,Allertova v SuÁrez Navarro,40,2016-06-29 12:09:59.060,3.75,2016-06-29 15:32:00,
1.125379317,8679183,Denisa Allertova,Allertova v SuÁrez Navarro,50,2016-06-29 14:03:49.478,3.65,2016-06-29 16:17:00,
1.125379317,8679183,Denisa Allertova,Allertova v SuÁrez Navarro,60,2016-06-29 14:52:47.943,3.75,2016-06-29 17:02:00,
1.125379317,8679183,Denisa Allertova,Allertova v SuÁrez Navarro,70,2016-06-30 11:41:08.922,3.8,2016-06-30 12:45:00,
1.125379317,8679183,Denisa Allertova,Allertova v SuÁrez Navarro,80,2016-06-30 12:11:54.065,3.65,2016-06-30 12:45:00,
1.125379317,8679183,Denisa Allertova,Allertova v SuÁrez Navarro,90,2016-06-30 12:18:04.989,3.75,2016-06-30 12:45:00,
1.125379317,8679183,Denisa Allertova,Allertova v SuÁrez Navarro,100,2016-06-30 12:27:15.244,3.7,2016-06-30 12:45:00,
1.125379317,8735953,Carla Suárez Navarro,Allertova v SuÁrez Navarro,0,2016-06-27 21:52:54.933,1.38,2016-06-28 12:00:00,
1.125379317,8735953,Carla Suárez Navarro,Allertova v SuÁrez Navarro,10,2016-06-28 20:00:26.110,1.33,2016-06-29 14:30:00,
1.125379317,8735953,Carla Suárez Navarro,Allertova v SuÁrez Navarro,20,2016-06-29 02:05:47.884,1.3,2016-06-29 14:30:00,
1.125379317,8735953,Carla Suárez Navarro,Allertova v SuÁrez Navarro,30,2016-06-29 08:30:28.276,1.33,2016-06-29 14:30:00,
1.125379317,8735953,Carla Suárez Navarro,Allertova v SuÁrez Navarro,40,2016-06-29 10:34:34.702,1.38,2016-06-29 14:45:00,
1.125379317,8735953,Carla Suárez Navarro,Allertova v SuÁrez Navarro,50,2016-06-29 12:43:52.010,1.38,2016-06-29 15:32:00,
1.125379317,8735953,Carla Suárez Navarro,Allertova v SuÁrez Navarro,60,2016-06-29 22:05:46.343,1.37,2016-06-30 12:00:00,
1.125379317,8735953,Carla Suárez Navarro,Allertova v SuÁrez Navarro,70,2016-06-30 10:05:34.628,1.36,2016-06-30 14:15:00,
1.125379317,8735953,Carla Suárez Navarro,Allertova v SuÁrez Navarro,80,2016-06-30 11:43:03.138,1.37,2016-06-30 12:45:00,
1.125379317,8735953,Carla Suárez Navarro,Allertova v SuÁrez Navarro,90,2016-06-30 12:15:00.901,1.36,2016-06-30 12:45:00,
1.125379317,8735953,Carla Suárez Navarro,Allertova v SuÁrez Navarro,100,2016-06-30 12:38:52.066,1.36,2016-06-30 12:39:00,
1.125379333,2263713,Yaroslava Shvedova,Shvedova v Svitolina,0,2016-06-28 22:36:46.685,2.8,2016-06-29 14:30:00,
1.125379333,2263713,Yaroslava Shvedova,Shvedova v Svitolina,10,2016-06-29 09:16:38.387,2.86,2016-06-29 14:30:00,
1.125379333,2263713,Yaroslava Shvedova,Shvedova v Svitolina,20,2016-06-29 10:01:00.451,3.0,2016-06-29 14:30:00,
1.125379333,2263713,Yaroslava Shvedova,Shvedova v Svitolina,30,2016-06-29 10:44:06.009,2.74,2016-06-29 14:45:00,
1.125379333,2263713,Yaroslava Shvedova,Shvedova v Svitolina,40,2016-06-29 12:55:37.466,2.72,2016-06-29 15:20:00,
1.125379333,2263713,Yaroslava Shvedova,Shvedova v Svitolina,50,2016-06-29 16:59:41.563,2.72,2016-06-29 18:54:00,
1.125379333,2263713,Yaroslava Shvedova,Shvedova v Svitolina,60,2016-06-30 08:49:41.106,2.74,2016-06-30 14:00:00,
1.125379333,2263713,Yaroslava Shvedova,Shvedova v Svitolina,70,2016-06-30 11:43:42.585,2.8,2016-06-30 13:02:00,
1.125379333,2263713,Yaroslava Shvedova,Shvedova v Svitolina,80,2016-06-30 12:37:07.609,2.72,2016-06-30 13:02:00,
1.125379333,2263713,Yaroslava Shvedova,Shvedova v Svitolina,90,2016-06-30 12:57:10.359,2.78,2016-06-30 13:02:00,
1.125379333,2263713,Yaroslava Shvedova,Shvedova v Svitolina,100,2016-06-30 13:42:00.918,2.76,2016-06-30 13:53:00,
1.125379333,6324464,Elina Svitolina,Shvedova v Svitolina,0,2016-06-27 22:08:21.803,1.56,2016-06-28 12:00:00,
1.125379333,6324464,Elina Svitolina,Shvedova v Svitolina,10,2016-06-29 07:35:04.885,1.5,2016-06-29 14:30:00,
1.125379333,6324464,Elina Svitolina,Shvedova v Svitolina,20,2016-06-29 11:45:14.542,1.59,2016-06-29 15:20:00,
1.125379333,6324464,Elina Svitolina,Shvedova v Svitolina,30,2016-06-29 19:45:07.786,1.6,2016-06-29 19:54:00,
1.125379333,6324464,Elina Svitolina,Shvedova v Svitolina,40,2016-06-30 06:05:10.040,1.57,2016-06-30 14:00:00,
1.125379333,6324464,Elina Svitolina,Shvedova v Svitolina,50,2016-06-30 08:33:08.554,1.59,2016-06-30 14:00:00,
1.125379333,6324464,Elina Svitolina,Shvedova v Svitolina,60,2016-06-30 11:43:08.927,1.58,2016-06-30 13:02:00,
1.125379333,6324464,Elina Svitolina,Shvedova v Svitolina,70,2016-06-30 12:06:09.937,1.56,2016-06-30 13:02:00,
1.125379333,6324464,Elina Svitolina,Shvedova v Svitolina,80,2016-06-30 12:48:02.990,1.55,2016-06-30 13:02:00,
1.125379333,6324464,Elina Svitolina,Shvedova v Svitolina,90,2016-06-30 13:10:06.417,1.57,2016-06-30 13:17:00,
1.125379333,6324464,Elina Svitolina,Shvedova v Svitolina,100,2016-06-30 13:42:00.918,1.57,2016-06-30 13:53:00,
1.125379338,5224084,David Goffin,Goffin v Roger-Vasselin,0,2016-06-27 18:23:12.463,1.21,2016-06-28 12:00:00,
1.125379338,5224084,David Goffin,Goffin v Roger-Vasselin,10,2016-06-28 05:04:43.190,1.18,2016-06-29 12:00:00,
1.125379338,5224084,David Goffin,Goffin v Roger-Vasselin,20,2016-06-28 20:29:36.756,1.17,2016-06-29 14:30:00,
1.125379338,5224084,David Goffin,Goffin v Roger-Vasselin,30,2016-06-29 03:02:50.396,1.16,2016-06-29 14:30:00,
1.125379338,5224084,David Goffin,Goffin v Roger-Vasselin,40,2016-06-29 08:14:09.110,1.15,2016-06-29 14:30:00,
1.125379338,5224084,David Goffin,Goffin v Roger-Vasselin,50,2016-06-29 09:32:11.032,1.14,2016-06-29 14:30:00,
1.125379338,5224084,David Goffin,Goffin v Roger-Vasselin,60,2016-06-29 10:09:26.254,1.14,2016-06-29 14:30:00,
1.125379338,5224084,David Goffin,Goffin v Roger-Vasselin,70,2016-06-29 12:43:16.342,1.13,2016-06-29 14:45:00,
1.125379338,5224084,David Goffin,Goffin v Roger-Vasselin,80,2016-06-29 17:34:47.166,1.14,2016-06-29 19:40:00,
1.125379338,5224084,David Goffin,Goffin v Roger-Vasselin,90,2016-06-30 06:13:41.210,1.13,2016-06-30 12:00:00,
1.125379338,5224084,David Goffin,Goffin v Roger-Vasselin,100,2016-06-30 10:29:56.540,1.12,2016-06-30 12:03:00,
1.125379338,8259187,Edouard Roger-Vasselin,Goffin v Roger-Vasselin,0,2016-06-27 22:29:37.052,6.4,2016-06-28 12:00:00,
1.125379338,8259187,Edouard Roger-Vasselin,Goffin v Roger-Vasselin,10,2016-06-28 20:57:10.377,7.0,2016-06-29 14:30:00,
1.125379338,8259187,Edouard Roger-Vasselin,Goffin v Roger-Vasselin,20,2016-06-29 02:41:00.185,7.4,2016-06-29 14:30:00,
1.125379338,8259187,Edouard Roger-Vasselin,Goffin v Roger-Vasselin,30,2016-06-29 07:02:44.028,7.4,2016-06-29 14:30:00,
1.125379338,8259187,Edouard Roger-Vasselin,Goffin v Roger-Vasselin,40,2016-06-29 09:32:11.032,8.8,2016-06-29 14:30:00,
1.125379338,8259187,Edouard Roger-Vasselin,Goffin v Roger-Vasselin,50,2016-06-29 10:18:51.252,8.6,2016-06-29 14:30:00,
1.125379338,8259187,Edouard Roger-Vasselin,Goffin v Roger-Vasselin,60,2016-06-29 12:14:04.566,8.4,2016-06-29 14:15:00,
1.125379338,8259187,Edouard Roger-Vasselin,Goffin v Roger-Vasselin,70,2016-06-29 14:12:09.239,8.0,2016-06-29 16:15:00,
1.125379338,8259187,Edouard Roger-Vasselin,Goffin v Roger-Vasselin,80,2016-06-29 18:09:11.654,8.6,2016-06-29 20:10:00,
1.125379338,8259187,Edouard Roger-Vasselin,Goffin v Roger-Vasselin,90,2016-06-30 08:00:02.950,9.2,2016-06-30 12:00:00,
1.125379338,8259187,Edouard Roger-Vasselin,Goffin v Roger-Vasselin,100,2016-06-30 11:08:57.543,9.2,2016-06-30 12:03:00,
1.125379515,2257535,Andreas Seppi,Seppi v Raonic,0,2016-06-27 22:45:50.113,8.2,2016-06-28 12:00:00,
1.125379515,2257535,Andreas Seppi,Seppi v Raonic,10,2016-06-28 11:59:58.450,7.0,2016-06-29 12:00:00,
1.125379515,2257535,Andreas Seppi,Seppi v Raonic,20,2016-06-29 06:55:51.757,7.8,2016-06-29 16:00:00,
1.125379515,2257535,Andreas Seppi,Seppi v Raonic,30,2016-06-29 09:16:49.062,8.0,2016-06-29 16:00:00,
1.125379515,2257535,Andreas Seppi,Seppi v Raonic,40,2016-06-29 12:17:44.417,8.6,2016-06-29 16:30:00,
1.125379515,2257535,Andreas Seppi,Seppi v Raonic,50,2016-06-29 16:29:48.734,8.4,2016-06-29 19:59:00,
1.125379515,2257535,Andreas Seppi,Seppi v Raonic,60,2016-06-29 19:11:51.972,8.6,2016-06-29 19:17:00,
1.125379515,2257535,Andreas Seppi,Seppi v Raonic,70,2016-06-30 09:53:05.106,8.8,2016-06-30 12:00:00,
1.125379515,2257535,Andreas Seppi,Seppi v Raonic,80,2016-06-30 11:07:43.519,9.0,2016-06-30 12:03:00,
1.125379515,2257535,Andreas Seppi,Seppi v Raonic,90,2016-06-30 11:35:00.759,8.8,2016-06-30 12:03:00,
1.125379515,2257535,Andreas Seppi,Seppi v Raonic,100,2016-06-30 11:51:55.623,9.4,2016-06-30 11:57:00,
1.125379515,4105819,Milos Raonic,Seppi v Raonic,0,2016-06-27 20:56:23.099,1.13,2016-06-28 12:00:00,
1.125379515,4105819,Milos Raonic,Seppi v Raonic,10,2016-06-28 17:57:48.736,1.16,2016-06-29 12:00:00,
1.125379515,4105819,Milos Raonic,Seppi v Raonic,20,2016-06-29 04:02:28.542,1.15,2016-06-29 16:00:00,
1.125379515,4105819,Milos Raonic,Seppi v Raonic,30,2016-06-29 07:21:53.693,1.14,2016-06-29 16:00:00,
1.125379515,4105819,Milos Raonic,Seppi v Raonic,40,2016-06-29 09:17:25.339,1.13,2016-06-29 16:00:00,
1.125379515,4105819,Milos Raonic,Seppi v Raonic,50,2016-06-29 11:16:43.905,1.13,2016-06-29 16:00:00,
1.125379515,4105819,Milos Raonic,Seppi v Raonic,60,2016-06-29 14:27:05.098,1.14,2016-06-29 18:30:00,
1.125379515,4105819,Milos Raonic,Seppi v Raonic,70,2016-06-29 18:36:24.540,1.13,2016-06-29 19:02:00,
1.125379515,4105819,Milos Raonic,Seppi v Raonic,80,2016-06-30 06:32:17.918,1.14,2016-06-30 12:00:00,
1.125379515,4105819,Milos Raonic,Seppi v Raonic,90,2016-06-30 09:24:31.623,1.13,2016-06-30 12:00:00,
1.125379515,4105819,Milos Raonic,Seppi v Raonic,100,2016-06-30 11:50:10.174,1.11,2016-06-30 11:57:00,
1.125379727,5303559,Jana Cepelova,Cepelova v Muguruza,0,2016-06-28 11:59:59.513,8.6,2016-06-29 12:00:00,
1.125379727,5303559,Jana Cepelova,Cepelova v Muguruza,10,2016-06-28 22:34:33.483,8.6,2016-06-29 16:30:00,
1.125379727,5303559,Jana Cepelova,Cepelova v Muguruza,20,2016-06-29 07:36:08.280,9.0,2016-06-29 16:30:00,
1.125379727,5303559,Jana Cepelova,Cepelova v Muguruza,30,2016-06-29 16:19:25.811,8.8,2016-06-29 20:21:00,
1.125379727,5303559,Jana Cepelova,Cepelova v Muguruza,40,2016-06-29 20:02:03.281,9.0,2016-06-29 22:09:00,
1.125379727,5303559,Jana Cepelova,Cepelova v Muguruza,50,2016-06-30 11:03:00.175,8.8,2016-06-30 14:00:00,
1.125379727,5303559,Jana Cepelova,Cepelova v Muguruza,60,2016-06-30 13:02:52.309,9.2,2016-06-30 14:03:00,
1.125379727,5303559,Jana Cepelova,Cepelova v Muguruza,70,2016-06-30 14:23:57.017,9.6,2016-06-30 14:33:00,
1.125379727,5303559,Jana Cepelova,Cepelova v Muguruza,80,2016-06-30 15:01:40.629,9.8,2016-06-30 15:03:00,
1.125379727,5303559,Jana Cepelova,Cepelova v Muguruza,90,2016-06-30 15:08:56.965,9.6,2016-06-30 15:23:00,
1.125379727,5303559,Jana Cepelova,Cepelova v Muguruza,100,2016-06-30 15:17:04.356,10.0,2016-06-30 15:23:00,
1.125379727,8735952,Garbiñe Muguruza,Cepelova v Muguruza,0,2016-06-27 20:58:56.370,1.13,2016-06-28 12:00:00,
1.125379727,8735952,Garbiñe Muguruza,Cepelova v Muguruza,10,2016-06-28 19:59:59.578,1.14,2016-06-29 16:30:00,
1.125379727,8735952,Garbiñe Muguruza,Cepelova v Muguruza,20,2016-06-29 08:09:16.726,1.12,2016-06-29 16:30:00,
1.125379727,8735952,Garbiñe Muguruza,Cepelova v Muguruza,30,2016-06-29 12:24:13.858,1.12,2016-06-29 17:22:00,
1.125379727,8735952,Garbiñe Muguruza,Cepelova v Muguruza,40,2016-06-29 17:26:05.278,1.12,2016-06-29 20:39:00,
1.125379727,8735952,Garbiñe Muguruza,Cepelova v Muguruza,50,2016-06-30 03:20:00.713,1.13,2016-06-30 14:00:00,
1.125379727,8735952,Garbiñe Muguruza,Cepelova v Muguruza,60,2016-06-30 10:19:21.194,1.12,2016-06-30 14:00:00,
1.125379727,8735952,Garbiñe Muguruza,Cepelova v Muguruza,70,2016-06-30 12:49:57.704,1.12,2016-06-30 14:03:00,
1.125379727,8735952,Garbiñe Muguruza,Cepelova v Muguruza,80,2016-06-30 13:45:46.720,1.13,2016-06-30 14:03:00,
1.125379727,8735952,Garbiñe Muguruza,Cepelova v Muguruza,90,2016-06-30 14:44:59.618,1.11,2016-06-30 14:48:00,
1.125379727,8735952,Garbiñe Muguruza,Cepelova v Muguruza,100,2016-06-30 15:17:04.356,1.11,2016-06-30 15:23:00,
1.125379746,585761,Julien Benneteau,J Benneteau v Nishikori,0,2016-06-27 22:29:58.548,11.0,2016-06-28 12:00:00,
1.125379746,585761,Julien Benneteau,J Benneteau v Nishikori,10,2016-06-28 15:54:07.672,10.5,2016-06-29 12:00:00,
1.125379746,585761,Julien Benneteau,J Benneteau v Nishikori,20,2016-06-29 06:35:04.568,9.0,2016-06-29 14:30:00,
1.125379746,585761,Julien Benneteau,J Benneteau v Nishikori,30,2016-06-29 08:09:53.896,9.0,2016-06-29 14:30:00,
1.125379746,585761,Julien Benneteau,J Benneteau v Nishikori,40,2016-06-29 10:27:58.423,9.4,2016-06-29 14:30:00,
1.125379746,585761,Julien Benneteau,J Benneteau v Nishikori,50,2016-06-29 14:03:19.073,9.6,2016-06-29 16:09:00,
1.125379746,585761,Julien Benneteau,J Benneteau v Nishikori,60,2016-06-30 00:28:32.315,9.6,2016-06-30 12:00:00,
1.125379746,585761,Julien Benneteau,J Benneteau v Nishikori,70,2016-06-30 05:38:39.632,10.0,2016-06-30 12:00:00,
1.125379746,585761,Julien Benneteau,J Benneteau v Nishikori,80,2016-06-30 09:47:24.284,10.0,2016-06-30 12:00:00,
1.125379746,585761,Julien Benneteau,J Benneteau v Nishikori,90,2016-06-30 10:43:52.162,10.0,2016-06-30 12:00:00,
1.125379746,585761,Julien Benneteau,J Benneteau v Nishikori,100,2016-06-30 12:03:54.081,10.5,2016-06-30 12:15:00,
1.125379746,2483001,Kei Nishikori,J Benneteau v Nishikori,0,2016-06-27 20:57:38.562,1.07,2016-06-28 12:00:00,
1.125379746,2483001,Kei Nishikori,J Benneteau v Nishikori,10,2016-06-28 10:36:22.707,1.11,2016-06-29 12:00:00,
1.125379746,2483001,Kei Nishikori,J Benneteau v Nishikori,20,2016-06-28 22:17:00.381,1.13,2016-06-29 14:30:00,
1.125379746,2483001,Kei Nishikori,J Benneteau v Nishikori,30,2016-06-29 08:07:50.030,1.12,2016-06-29 14:30:00,
1.125379746,2483001,Kei Nishikori,J Benneteau v Nishikori,40,2016-06-29 09:59:02.446,1.11,2016-06-29 14:30:00,
1.125379746,2483001,Kei Nishikori,J Benneteau v Nishikori,50,2016-06-29 13:57:31.964,1.12,2016-06-29 16:09:00,
1.125379746,2483001,Kei Nishikori,J Benneteau v Nishikori,60,2016-06-29 20:13:00.181,1.12,2016-06-29 20:24:00,
1.125379746,2483001,Kei Nishikori,J Benneteau v Nishikori,70,2016-06-30 07:35:33.755,1.12,2016-06-30 12:00:00,
1.125379746,2483001,Kei Nishikori,J Benneteau v Nishikori,80,2016-06-30 09:06:40.335,1.11,2016-06-30 12:00:00,
1.125379746,2483001,Kei Nishikori,J Benneteau v Nishikori,90,2016-06-30 11:08:37.839,1.11,2016-06-30 12:00:00,
1.125379746,2483001,Kei Nishikori,J Benneteau v Nishikori,100,2016-06-30 12:07:05.313,1.1,2016-06-30 12:15:00,
1.125379871,2263560,Sam Querrey,Bellucci v Querrey,0,2016-06-27 20:27:01.574,1.28,2016-06-28 12:00:00,
1.125379871,2263560,Sam Querrey,Bellucci v Querrey,10,2016-06-28 21:40:33.189,1.23,2016-06-29 12:30:00,
1.125379871,2263560,Sam Querrey,Bellucci v Querrey,20,2016-06-29 06:26:04.175,1.22,2016-06-29 12:30:00,
1.125379871,2263560,Sam Querrey,Bellucci v Querrey,30,2016-06-29 08:41:10.205,1.23,2016-06-29 12:30:00,
1.125379871,2263560,Sam Querrey,Bellucci v Querrey,40,2016-06-29 10:51:11.561,1.23,2016-06-29 13:00:00,
1.125379871,2263560,Sam Querrey,Bellucci v Querrey,50,2016-06-29 12:31:12.394,1.23,2016-06-29 12:32:00,
1.125379871,2263560,Sam Querrey,Bellucci v Querrey,60,2016-06-29 16:03:11.450,1.22,2016-06-29 16:17:00,
1.125379871,2263560,Sam Querrey,Bellucci v Querrey,70,2016-06-29 22:29:13.152,1.05,2016-06-30 10:00:00,2016-06-29 16:13:13.035
1.125379871,2263560,Sam Querrey,Bellucci v Querrey,80,2016-06-30 03:20:11.414,1.03,2016-06-30 10:00:00,2016-06-29 16:13:13.035
1.125379871,2263560,Sam Querrey,Bellucci v Querrey,90,2016-06-30 08:08:33.859,1.04,2016-06-30 10:00:00,2016-06-29 16:13:13.035
1.125379871,2263560,Sam Querrey,Bellucci v Querrey,100,2016-06-30 09:34:39.299,1.03,2016-06-30 10:00:00,2016-06-29 16:13:13.035
1.125379871,2830908,Thomaz Bellucci,Bellucci v Querrey,0,2016-06-27 22:15:41.416,4.5,2016-06-28 12:00:00,
1.125379871,2830908,Thomaz Bellucci,Bellucci v Querrey,10,2016-06-29 06:56:52.500,5.6,2016-06-29 12:30:00,
1.125379871,2830908,Thomaz Bellucci,Bellucci v Querrey,20,2016-06-29 08:25:15.458,5.2,2016-06-29 12:30:00,
1.125379871,2830908,Thomaz Bellucci,Bellucci v Querrey,30,2016-06-29 08:58:03.133,5.5,2016-06-29 12:30:00,
1.125379871,2830908,Thomaz Bellucci,Bellucci v Querrey,40,2016-06-29 09:37:53.169,5.7,2016-06-29 12:30:00,
1.125379871,2830908,Thomaz Bellucci,Bellucci v Querrey,50,2016-06-29 10:22:04.048,5.5,2016-06-29 12:30:00,
1.125379871,2830908,Thomaz Bellucci,Bellucci v Querrey,60,2016-06-29 11:40:50.784,5.6,2016-06-29 13:32:00,
1.125379871,2830908,Thomaz Bellucci,Bellucci v Querrey,70,2016-06-29 12:32:53.836,5.3,2016-06-29 12:47:00,
1.125379871,2830908,Thomaz Bellucci,Bellucci v Querrey,80,2016-06-30 02:55:03.672,32.0,2016-06-30 10:00:00,2016-06-29 16:13:13.035
1.125379871,2830908,Thomaz Bellucci,Bellucci v Querrey,90,2016-06-30 06:57:23.306,26.0,2016-06-30 10:00:00,2016-06-29 16:13:13.035
1.125379871,2830908,Thomaz Bellucci,Bellucci v Querrey,100,2016-06-30 09:33:09.705,30.0,2016-06-30 10:00:00,2016-06-29 16:13:13.035
1.12538023,2263576,Varvara Lepchenko,Lepchenko v Kerber,0,2016-06-28 09:33:11.435,8.2,2016-06-29 12:00:00,
1.12538023,2263576,Varvara Lepchenko,Lepchenko v Kerber,10,2016-06-28 21:13:25.369,8.4,2016-06-29 16:30:00,
1.12538023,2263576,Varvara Lepchenko,Lepchenko v Kerber,20,2016-06-29 00:52:51.008,8.4,2016-06-29 16:30:00,
1.12538023,2263576,Varvara Lepchenko,Lepchenko v Kerber,30,2016-06-29 06:33:38.468,7.6,2016-06-29 16:30:00,
1.12538023,2263576,Varvara Lepchenko,Lepchenko v Kerber,40,2016-06-29 09:30:18.198,9.4,2016-06-29 16:30:00,
1.12538023,2263576,Varvara Lepchenko,Lepchenko v Kerber,50,2016-06-29 11:51:27.549,9.0,2016-06-29 17:24:00,
1.12538023,2263576,Varvara Lepchenko,Lepchenko v Kerber,60,2016-06-30 05:42:21.253,8.2,2016-06-30 14:00:00,
1.12538023,2263576,Varvara Lepchenko,Lepchenko v Kerber,70,2016-06-30 12:30:06.175,8.0,2016-06-30 13:33:00,
1.12538023,2263576,Varvara Lepchenko,Lepchenko v Kerber,80,2016-06-30 13:00:05.779,8.4,2016-06-30 13:33:00,
1.12538023,2263576,Varvara Lepchenko,Lepchenko v Kerber,90,2016-06-30 14:11:06.362,8.6,2016-06-30 14:18:00,
1.12538023,2263576,Varvara Lepchenko,Lepchenko v Kerber,100,2016-06-30 14:18:03.141,8.2,2016-06-30 14:28:00,
1.12538023,2411840,Angelique Kerber,Lepchenko v Kerber,0,2016-06-27 20:05:50.906,1.14,2016-06-28 12:00:00,
1.12538023,2411840,Angelique Kerber,Lepchenko v Kerber,10,2016-06-28 21:00:03.177,1.14,2016-06-29 16:30:00,
1.12538023,2411840,Angelique Kerber,Lepchenko v Kerber,20,2016-06-29 07:59:31.478,1.12,2016-06-29 16:30:00,
1.12538023,2411840,Angelique Kerber,Lepchenko v Kerber,30,2016-06-29 09:45:23.851,1.12,2016-06-29 16:30:00,
1.12538023,2411840,Angelique Kerber,Lepchenko v Kerber,40,2016-06-29 22:00:49.053,1.14,2016-06-30 12:00:00,
1.12538023,2411840,Angelique Kerber,Lepchenko v Kerber,50,2016-06-30 09:36:41.466,1.14,2016-06-30 14:00:00,
1.12538023,2411840,Angelique Kerber,Lepchenko v Kerber,60,2016-06-30 12:08:18.041,1.13,2016-06-30 13:33:00,
1.12538023,2411840,Angelique Kerber,Lepchenko v Kerber,70,2016-06-30 12:34:06.282,1.13,2016-06-30 13:33:00,
1.12538023,2411840,Angelique Kerber,Lepchenko v Kerber,80,2016-06-30 13:25:59.728,1.14,2016-06-30 13:33:00,
1.12538023,2411840,Angelique Kerber,Lepchenko v Kerber,90,2016-06-30 13:45:20.277,1.14,2016-06-30 13:48:00,
1.12538023,2411840,Angelique Kerber,Lepchenko v Kerber,100,2016-06-30 14:19:49.022,1.13,2016-06-30 14:28:00,
1.125381168,2309796,Robin Haase,J Sock v R Haase,0,2016-06-27 22:02:14.964,4.2,2016-06-28 12:00:00,
1.125381168,2309796,Robin Haase,J Sock v R Haase,10,2016-06-28 20:52:39.651,4.9,2016-06-29 14:30:00,
1.125381168,2309796,Robin Haase,J Sock v R Haase,20,2016-06-29 06:31:32.521,4.8,2016-06-29 14:30:00,
1.125381168,2309796,Robin Haase,J Sock v R Haase,30,2016-06-29 10:25:57.382,5.1,2016-06-29 14:30:00,
1.125381168,2309796,Robin Haase,J Sock v R Haase,40,2016-06-29 13:40:08.831,5.3,2016-06-29 15:40:00,
1.125381168,2309796,Robin Haase,J Sock v R Haase,50,2016-06-29 14:54:56.257,5.3,2016-06-29 16:55:00,
1.125381168,2309796,Robin Haase,J Sock v R Haase,60,2016-06-29 17:04:20.676,5.2,2016-06-29 19:10:00,
1.125381168,2309796,Robin Haase,J Sock v R Haase,70,2016-06-29 21:53:11.067,5.2,2016-06-30 12:00:00,
1.125381168,2309796,Robin Haase,J Sock v R Haase,80,2016-06-30 05:48:10.781,5.3,2016-06-30 12:00:00,
1.125381168,2309796,Robin Haase,J Sock v R Haase,90,2016-06-30 08:09:30.652,5.2,2016-06-30 12:00:00,
1.125381168,2309796,Robin Haase,J Sock v R Haase,100,2016-06-30 10:22:50.734,5.2,2016-06-30 12:02:00,
1.125381168,4596957,Jack Sock,J Sock v R Haase,0,2016-06-27 22:02:14.964,1.32,2016-06-28 12:00:00,
1.125381168,4596957,Jack Sock,J Sock v R Haase,10,2016-06-28 21:05:44.470,1.26,2016-06-29 14:30:00,
1.125381168,4596957,Jack Sock,J Sock v R Haase,20,2016-06-29 07:20:43.875,1.24,2016-06-29 14:30:00,
1.125381168,4596957,Jack Sock,J Sock v R Haase,30,2016-06-29 08:40:01.007,1.22,2016-06-29 14:30:00,
1.125381168,4596957,Jack Sock,J Sock v R Haase,40,2016-06-29 09:46:23.891,1.25,2016-06-29 14:30:00,
1.125381168,4596957,Jack Sock,J Sock v R Haase,50,2016-06-29 13:43:57.885,1.24,2016-06-29 15:55:00,
1.125381168,4596957,Jack Sock,J Sock v R Haase,60,2016-06-30 01:45:31.812,1.23,2016-06-30 12:00:00,
1.125381168,4596957,Jack Sock,J Sock v R Haase,70,2016-06-30 04:53:55.906,1.24,2016-06-30 12:00:00,
1.125381168,4596957,Jack Sock,J Sock v R Haase,80,2016-06-30 09:14:28.478,1.23,2016-06-30 12:00:00,
1.125381168,4596957,Jack Sock,J Sock v R Haase,90,2016-06-30 11:02:57.312,1.23,2016-06-30 12:02:00,
1.125381168,4596957,Jack Sock,J Sock v R Haase,100,2016-06-30 11:18:49.990,1.22,2016-06-30 11:31:00,
1.125381815,2256500,Francesca Schiavone,Halep v Schiavone,0,2016-06-28 20:54:58.472,8.6,2016-06-29 14:30:00,
1.125381815,2256500,Francesca Schiavone,Halep v Schiavone,10,2016-06-29 07:48:00.938,8.6,2016-06-29 14:30:00,
1.125381815,2256500,Francesca Schiavone,Halep v Schiavone,20,2016-06-29 11:58:16.800,8.6,2016-06-29 15:22:00,
1.125381815,2256500,Francesca Schiavone,Halep v Schiavone,30,2016-06-29 13:22:01.435,9.0,2016-06-29 15:22:00,
1.125381815,2256500,Francesca Schiavone,Halep v Schiavone,40,2016-06-29 16:41:07.841,8.8,2016-06-29 18:51:00,
1.125381815,2256500,Francesca Schiavone,Halep v Schiavone,50,2016-06-29 20:02:58.573,8.6,2016-06-29 20:09:00,
1.125381815,2256500,Francesca Schiavone,Halep v Schiavone,60,2016-06-30 05:14:46.203,9.6,2016-06-30 12:00:00,
1.125381815,2256500,Francesca Schiavone,Halep v Schiavone,70,2016-06-30 06:34:35.773,9.4,2016-06-30 12:00:00,
1.125381815,2256500,Francesca Schiavone,Halep v Schiavone,80,2016-06-30 10:16:29.654,9.0,2016-06-30 11:53:00,
1.125381815,2256500,Francesca Schiavone,Halep v Schiavone,90,2016-06-30 11:26:03.076,9.0,2016-06-30 11:37:00,
1.125381815,2256500,Francesca Schiavone,Halep v Schiavone,100,2016-06-30 11:32:03.592,9.6,2016-06-30 11:37:00,
1.125381815,4625563,Simona Halep,Halep v Schiavone,0,2016-06-28 17:26:54.225,1.13,2016-06-29 12:00:00,
1.125381815,4625563,Simona Halep,Halep v Schiavone,10,2016-06-29 05:25:50.571,1.12,2016-06-29 14:30:00,
1.125381815,4625563,Simona Halep,Halep v Schiavone,20,2016-06-29 08:59:32.141,1.13,2016-06-29 14:30:00,
1.125381815,4625563,Simona Halep,Halep v Schiavone,30,2016-06-29 10:16:23.964,1.12,2016-06-29 14:30:00,
1.125381815,4625563,Simona Halep,Halep v Schiavone,40,2016-06-29 13:11:53.561,1.12,2016-06-29 15:22:00,
1.125381815,4625563,Simona Halep,Halep v Schiavone,50,2016-06-29 16:39:07.696,1.13,2016-06-29 18:51:00,
1.125381815,4625563,Simona Halep,Halep v Schiavone,60,2016-06-29 19:57:15.075,1.13,2016-06-29 20:09:00,
1.125381815,4625563,Simona Halep,Halep v Schiavone,70,2016-06-30 04:58:16.347,1.12,2016-06-30 12:00:00,
1.125381815,4625563,Simona Halep,Halep v Schiavone,80,2016-06-30 08:21:45.967,1.12,2016-06-30 12:00:00,
1.125381815,4625563,Simona Halep,Halep v Schiavone,90,2016-06-30 10:25:03.768,1.13,2016-06-30 11:53:00,
1.125381815,4625563,Simona Halep,Halep v Schiavone,100,2016-06-30 11:28:59.263,1.11,2016-06-30 11:37:00,
1.125382054,5056975,Mona Barthel,Barthel v Bertens,0,2016-06-27 22:45:02.117,3.5,2016-06-28 12:00:00,
1.125382054,5056975,Mona Barthel,Barthel v Bertens,10,2016-06-28 20:58:50.959,4.1,2016-06-29 14:30:00,
1.125382054,5056975,Mona Barthel,Barthel v Bertens,20,2016-06-29 02:06:45.726,4.0,2016-06-29 14:30:00,
1.125382054,5056975,Mona Barthel,Barthel v Bertens,30,2016-06-29 09:08:53.888,3.85,2016-06-29 14:30:00,
1.125382054,5056975,Mona Barthel,Barthel v Bertens,40,2016-06-29 09:29:38.716,3.65,2016-06-29 14:30:00,
1.125382054,5056975,Mona Barthel,Barthel v Bertens,50,2016-06-29 10:20:02.408,3.7,2016-06-29 14:30:00,
1.125382054,5056975,Mona Barthel,Barthel v Bertens,60,2016-06-29 11:00:22.921,3.9,2016-06-29 15:00:00,
1.125382054,5056975,Mona Barthel,Barthel v Bertens,70,2016-06-29 12:30:24.032,3.75,2016-06-29 15:24:00,
1.125382054,5056975,Mona Barthel,Barthel v Bertens,80,2016-06-29 17:08:57.738,4.0,2016-06-29 19:09:00,
1.125382054,5056975,Mona Barthel,Barthel v Bertens,90,2016-06-30 08:03:52.428,3.9,2016-06-30 12:00:00,
1.125382054,5056975,Mona Barthel,Barthel v Bertens,100,2016-06-30 10:11:23.400,3.85,2016-06-30 12:01:00,
1.125382054,5611697,Kiki Bertens,Barthel v Bertens,0,2016-06-27 21:54:22.993,1.47,2016-06-28 12:00:00,
1.125382054,5611697,Kiki Bertens,Barthel v Bertens,10,2016-06-28 15:41:50.007,1.39,2016-06-29 12:00:00,
1.125382054,5611697,Kiki Bertens,Barthel v Bertens,20,2016-06-28 20:58:50.959,1.32,2016-06-29 14:30:00,
1.125382054,5611697,Kiki Bertens,Barthel v Bertens,30,2016-06-29 06:00:05.262,1.33,2016-06-29 14:30:00,
1.125382054,5611697,Kiki Bertens,Barthel v Bertens,40,2016-06-29 09:29:38.716,1.37,2016-06-29 14:30:00,
1.125382054,5611697,Kiki Bertens,Barthel v Bertens,50,2016-06-29 11:23:37.834,1.34,2016-06-29 15:30:00,
1.125382054,5611697,Kiki Bertens,Barthel v Bertens,60,2016-06-29 15:33:26.615,1.35,2016-06-29 17:39:00,
1.125382054,5611697,Kiki Bertens,Barthel v Bertens,70,2016-06-29 23:21:22.552,1.35,2016-06-30 12:00:00,
1.125382054,5611697,Kiki Bertens,Barthel v Bertens,80,2016-06-30 05:51:12.902,1.35,2016-06-30 12:00:00,
1.125382054,5611697,Kiki Bertens,Barthel v Bertens,90,2016-06-30 07:57:35.712,1.35,2016-06-30 12:00:00,
1.125382054,5611697,Kiki Bertens,Barthel v Bertens,100,2016-06-30 10:40:55.674,1.36,2016-06-30 10:41:00,
1.125382055,2251402,Roger Federer,Federer v Ma Willis,0,2016-06-27 19:45:01.378,1.03,2016-06-28 12:00:00,
1.125382055,2251402,Roger Federer,Federer v Ma Willis,10,2016-06-28 10:55:54.442,1.04,2016-06-29 12:00:00,
1.125382055,2251402,Roger Federer,Federer v Ma Willis,20,2016-06-28 21:46:34.950,1.03,2016-06-29 16:00:00,
1.125382055,2251402,Roger Federer,Federer v Ma Willis,30,2016-06-29 06:32:31.565,1.02,2016-06-29 16:00:00,
1.125382055,2251402,Roger Federer,Federer v Ma Willis,40,2016-06-29 08:53:03.997,1.02,2016-06-29 16:00:00,
1.125382055,2251402,Roger Federer,Federer v Ma Willis,50,2016-06-29 10:22:53.518,1.03,2016-06-29 16:00:00,
1.125382055,2251402,Roger Federer,Federer v Ma Willis,60,2016-06-29 12:05:01.874,1.02,2016-06-29 16:00:00,
1.125382055,2251402,Roger Federer,Federer v Ma Willis,70,2016-06-29 13:26:01.211,1.03,2016-06-29 15:21:00,
1.125382055,2251402,Roger Federer,Federer v Ma Willis,80,2016-06-29 14:18:00.809,1.04,2016-06-29 15:21:00,
1.125382055,2251402,Roger Federer,Federer v Ma Willis,90,2016-06-29 15:02:58.937,1.03,2016-06-29 15:21:00,
1.125382055,2251402,Roger Federer,Federer v Ma Willis,100,2016-06-29 15:56:03.935,1.02,2016-06-29 16:01:00,
1.125382055,3985839,Marcus Willis,Federer v Ma Willis,0,2016-06-27 20:59:12.473,60.0,2016-06-28 12:00:00,
1.125382055,3985839,Marcus Willis,Federer v Ma Willis,10,2016-06-28 17:18:08.892,38.0,2016-06-29 12:00:00,
1.125382055,3985839,Marcus Willis,Federer v Ma Willis,20,2016-06-28 21:48:07.019,46.0,2016-06-29 16:00:00,
1.125382055,3985839,Marcus Willis,Federer v Ma Willis,30,2016-06-29 07:13:49.677,36.0,2016-06-29 16:00:00,
1.125382055,3985839,Marcus Willis,Federer v Ma Willis,40,2016-06-29 09:09:30.760,34.0,2016-06-29 16:00:00,
1.125382055,3985839,Marcus Willis,Federer v Ma Willis,50,2016-06-29 11:33:47.193,34.0,2016-06-29 16:00:00,
1.125382055,3985839,Marcus Willis,Federer v Ma Willis,60,2016-06-29 12:30:04.230,29.0,2016-06-29 16:00:00,
1.125382055,3985839,Marcus Willis,Federer v Ma Willis,70,2016-06-29 13:18:02.026,26.0,2016-06-29 15:21:00,
1.125382055,3985839,Marcus Willis,Federer v Ma Willis,80,2016-06-29 14:35:03.107,34.0,2016-06-29 15:21:00,
1.125382055,3985839,Marcus Willis,Federer v Ma Willis,90,2016-06-29 15:15:02.603,30.0,2016-06-29 15:21:00,
1.125382055,3985839,Marcus Willis,Federer v Ma Willis,100,2016-06-29 15:57:04.292,46.0,2016-06-29 16:01:00,
1.12538209,2304933,Jeremy Chardy,Chardy v St Johnson,0,2016-06-27 22:04:05.661,2.94,2016-06-28 12:00:00,
1.12538209,2304933,Jeremy Chardy,Chardy v St Johnson,10,2016-06-28 10:43:10.826,2.6,2016-06-29 12:00:00,
1.12538209,2304933,Jeremy Chardy,Chardy v St Johnson,20,2016-06-28 23:48:10.970,2.66,2016-06-29 14:30:00,
1.12538209,2304933,Jeremy Chardy,Chardy v St Johnson,30,2016-06-29 08:00:46.736,2.64,2016-06-29 14:30:00,
1.12538209,2304933,Jeremy Chardy,Chardy v St Johnson,40,2016-06-29 09:04:14.634,2.64,2016-06-29 14:30:00,
1.12538209,2304933,Jeremy Chardy,Chardy v St Johnson,50,2016-06-29 10:04:14.114,2.58,2016-06-29 14:30:00,
1.12538209,2304933,Jeremy Chardy,Chardy v St Johnson,60,2016-06-29 10:51:14.363,2.6,2016-06-29 15:00:00,
1.12538209,2304933,Jeremy Chardy,Chardy v St Johnson,70,2016-06-29 11:41:09.084,2.56,2016-06-29 15:32:00,
1.12538209,2304933,Jeremy Chardy,Chardy v St Johnson,80,2016-06-29 16:43:11.687,2.62,2016-06-29 17:00:00,
1.12538209,2304933,Jeremy Chardy,Chardy v St Johnson,90,2016-06-30 10:24:32.341,2.68,2016-06-30 12:01:00,2016-06-29 17:17:15.098
1.12538209,2304933,Jeremy Chardy,Chardy v St Johnson,100,2016-06-30 11:47:52.036,2.72,2016-06-30 12:03:00,2016-06-29 17:17:15.098
1.12538209,4876706,Steve Johnson,Chardy v St Johnson,0,2016-06-27 21:56:18.862,1.61,2016-06-28 12:00:00,
1.12538209,4876706,Steve Johnson,Chardy v St Johnson,10,2016-06-28 18:58:54.844,1.6,2016-06-29 12:00:00,
1.12538209,4876706,Steve Johnson,Chardy v St Johnson,20,2016-06-29 04:29:11.313,1.6,2016-06-29 14:30:00,
1.12538209,4876706,Steve Johnson,Chardy v St Johnson,30,2016-06-29 08:26:58.140,1.6,2016-06-29 14:30:00,
1.12538209,4876706,Steve Johnson,Chardy v St Johnson,40,2016-06-29 10:08:52.376,1.63,2016-06-29 14:30:00,
1.12538209,4876706,Steve Johnson,Chardy v St Johnson,50,2016-06-29 12:51:28.140,1.64,2016-06-29 15:02:00,
1.12538209,4876706,Steve Johnson,Chardy v St Johnson,60,2016-06-29 16:31:53.614,1.6,2016-06-29 17:00:00,
1.12538209,4876706,Steve Johnson,Chardy v St Johnson,70,2016-06-30 03:33:22.775,1.6,2016-06-30 12:00:00,2016-06-29 17:17:15.098
1.12538209,4876706,Steve Johnson,Chardy v St Johnson,80,2016-06-30 08:29:56.227,1.57,2016-06-30 12:00:00,2016-06-29 17:17:15.098
1.12538209,4876706,Steve Johnson,Chardy v St Johnson,90,2016-06-30 10:35:07.000,1.58,2016-06-30 12:01:00,2016-06-29 17:17:15.098
1.12538209,4876706,Steve Johnson,Chardy v St Johnson,100,2016-06-30 11:47:52.036,1.58,2016-06-30 12:03:00,2016-06-29 17:17:15.098
1.125382271,2250859,Marina Erakovic,J Jankovic v Erakovic,0,2016-06-28 19:11:52.797,3.25,2016-06-29 12:00:00,
1.125382271,2250859,Marina Erakovic,J Jankovic v Erakovic,10,2016-06-29 08:54:40.955,3.35,2016-06-29 14:30:00,
1.125382271,2250859,Marina Erakovic,J Jankovic v Erakovic,20,2016-06-29 09:25:44.980,3.05,2016-06-29 14:30:00,
1.125382271,2250859,Marina Erakovic,J Jankovic v Erakovic,30,2016-06-29 10:11:31.127,3.15,2016-06-29 14:30:00,
1.125382271,2250859,Marina Erakovic,J Jankovic v Erakovic,40,2016-06-29 10:30:56.654,3.2,2016-06-29 14:30:00,
1.125382271,2250859,Marina Erakovic,J Jankovic v Erakovic,50,2016-06-29 13:46:07.436,3.35,2016-06-29 15:54:00,
1.125382271,2250859,Marina Erakovic,J Jankovic v Erakovic,60,2016-06-29 16:25:05.488,3.35,2016-06-29 18:24:00,
1.125382271,2250859,Marina Erakovic,J Jankovic v Erakovic,70,2016-06-30 01:24:10.115,3.6,2016-06-30 14:00:00,
1.125382271,2250859,Marina Erakovic,J Jankovic v Erakovic,80,2016-06-30 09:46:02.035,3.65,2016-06-30 14:00:00,
1.125382271,2250859,Marina Erakovic,J Jankovic v Erakovic,90,2016-06-30 12:04:07.086,3.55,2016-06-30 13:53:00,
1.125382271,2250859,Marina Erakovic,J Jankovic v Erakovic,100,2016-06-30 13:49:12.156,3.65,2016-06-30 13:52:00,
1.125382271,2252607,Jelena Jankovic,J Jankovic v Erakovic,0,2016-06-28 03:21:51.582,1.44,2016-06-29 12:00:00,
1.125382271,2252607,Jelena Jankovic,J Jankovic v Erakovic,10,2016-06-29 03:03:08.503,1.44,2016-06-29 14:30:00,
1.125382271,2252607,Jelena Jankovic,J Jankovic v Erakovic,20,2016-06-29 08:52:44.342,1.41,2016-06-29 14:30:00,
1.125382271,2252607,Jelena Jankovic,J Jankovic v Erakovic,30,2016-06-29 09:27:30.965,1.42,2016-06-29 14:30:00,
1.125382271,2252607,Jelena Jankovic,J Jankovic v Erakovic,40,2016-06-29 10:08:57.707,1.46,2016-06-29 14:30:00,
1.125382271,2252607,Jelena Jankovic,J Jankovic v Erakovic,50,2016-06-29 10:40:15.405,1.43,2016-06-29 14:45:00,
1.125382271,2252607,Jelena Jankovic,J Jankovic v Erakovic,60,2016-06-29 14:24:09.208,1.42,2016-06-29 16:24:00,
1.125382271,2252607,Jelena Jankovic,J Jankovic v Erakovic,70,2016-06-29 21:00:54.791,1.39,2016-06-30 12:00:00,
1.125382271,2252607,Jelena Jankovic,J Jankovic v Erakovic,80,2016-06-30 10:54:44.879,1.4,2016-06-30 14:03:00,
1.125382271,2252607,Jelena Jankovic,J Jankovic v Erakovic,90,2016-06-30 12:42:13.067,1.37,2016-06-30 13:53:00,
1.125382271,2252607,Jelena Jankovic,J Jankovic v Erakovic,100,2016-06-30 13:51:04.457,1.39,2016-06-30 13:52:00,
1.125382334,3103121,Daniel Evans,D Evans v Dolgopolov,0,2016-06-27 22:02:33.560,3.25,2016-06-28 12:00:00,
1.125382334,3103121,Daniel Evans,D Evans v Dolgopolov,10,2016-06-28 20:42:19.251,3.05,2016-06-29 12:30:00,
1.125382334,3103121,Daniel Evans,D Evans v Dolgopolov,20,2016-06-29 06:54:33.888,3.35,2016-06-29 12:30:00,
1.125382334,3103121,Daniel Evans,D Evans v Dolgopolov,30,2016-06-29 08:30:15.677,3.45,2016-06-29 12:30:00,
1.125382334,3103121,Daniel Evans,D Evans v Dolgopolov,40,2016-06-29 09:32:01.577,3.7,2016-06-29 12:30:00,
1.125382334,3103121,Daniel Evans,D Evans v Dolgopolov,50,2016-06-29 10:25:15.801,3.6,2016-06-29 12:30:00,
1.125382334,3103121,Daniel Evans,D Evans v Dolgopolov,60,2016-06-29 11:56:19.266,3.35,2016-06-29 13:22:00,
1.125382334,3103121,Daniel Evans,D Evans v Dolgopolov,70,2016-06-29 13:54:41.290,3.35,2016-06-29 14:07:00,
1.125382334,3103121,Daniel Evans,D Evans v Dolgopolov,80,2016-06-29 16:38:09.727,3.3,2016-06-29 16:51:00,2016-06-29 16:35:19.292
1.125382334,3103121,Daniel Evans,D Evans v Dolgopolov,90,2016-06-30 02:50:22.548,3.1,2016-06-30 10:00:00,2016-06-29 16:35:19.292
1.125382334,3103121,Daniel Evans,D Evans v Dolgopolov,100,2016-06-30 09:46:11.510,3.25,2016-06-30 10:00:00,2016-06-29 16:35:19.292
1.125382334,4720522,Alexandr Dolgopolov,D Evans v Dolgopolov,0,2016-06-27 21:56:40.273,1.45,2016-06-28 12:00:00,
1.125382334,4720522,Alexandr Dolgopolov,D Evans v Dolgopolov,10,2016-06-28 23:46:42.615,1.49,2016-06-29 12:30:00,
1.125382334,4720522,Alexandr Dolgopolov,D Evans v Dolgopolov,20,2016-06-29 08:15:49.751,1.43,2016-06-29 12:30:00,
1.125382334,4720522,Alexandr Dolgopolov,D Evans v Dolgopolov,30,2016-06-29 09:56:08.258,1.41,2016-06-29 12:30:00,
1.125382334,4720522,Alexandr Dolgopolov,D Evans v Dolgopolov,40,2016-06-29 11:22:16.006,1.41,2016-06-29 13:30:00,
1.125382334,4720522,Alexandr Dolgopolov,D Evans v Dolgopolov,50,2016-06-29 14:43:16.603,1.42,2016-06-29 14:52:00,
1.125382334,4720522,Alexandr Dolgopolov,D Evans v Dolgopolov,60,2016-06-29 16:29:15.036,1.42,2016-06-29 16:36:00,
1.125382334,4720522,Alexandr Dolgopolov,D Evans v Dolgopolov,70,2016-06-29 21:22:34.604,1.47,2016-06-30 10:00:00,2016-06-29 16:35:19.292
1.125382334,4720522,Alexandr Dolgopolov,D Evans v Dolgopolov,80,2016-06-30 04:39:59.487,1.47,2016-06-30 10:00:00,2016-06-29 16:35:19.292
1.125382334,4720522,Alexandr Dolgopolov,D Evans v Dolgopolov,90,2016-06-30 07:52:42.744,1.47,2016-06-30 10:00:00,2016-06-29 16:35:19.292
1.125382334,4720522,Alexandr Dolgopolov,D Evans v Dolgopolov,100,2016-06-30 09:46:22.597,1.44,2016-06-30 10:00:00,2016-06-29 16:35:19.292
1.125382434,4729711,Misaki Doi,Ka Pliskova v Doi,0,2016-06-28 11:39:57.153,1.04,2016-06-29 12:00:00,
1.125382434,4729711,Misaki Doi,Ka Pliskova v Doi,10,2016-06-28 22:36:04.805,3.55,2016-06-29 12:30:00,
1.125382434,4729711,Misaki Doi,Ka Pliskova v Doi,20,2016-06-29 09:03:01.195,3.9,2016-06-29 12:30:00,
1.125382434,4729711,Misaki Doi,Ka Pliskova v Doi,30,2016-06-29 10:30:01.562,3.85,2016-06-29 12:30:00,
1.125382434,4729711,Misaki Doi,Ka Pliskova v Doi,40,2016-06-29 11:24:29.355,3.8,2016-06-29 13:30:00,
1.125382434,4729711,Misaki Doi,Ka Pliskova v Doi,50,2016-06-29 12:20:45.278,3.75,2016-06-29 13:29:00,
1.125382434,4729711,Misaki Doi,Ka Pliskova v Doi,60,2016-06-29 18:20:08.120,3.75,2016-06-29 18:29:00,
1.125382434,4729711,Misaki Doi,Ka Pliskova v Doi,70,2016-06-30 04:16:15.796,3.8,2016-06-30 12:00:00,
1.125382434,4729711,Misaki Doi,Ka Pliskova v Doi,80,2016-06-30 06:53:08.806,3.8,2016-06-30 12:00:00,
1.125382434,4729711,Misaki Doi,Ka Pliskova v Doi,90,2016-06-30 10:08:21.861,3.65,2016-06-30 11:53:00,
1.125382434,4729711,Misaki Doi,Ka Pliskova v Doi,100,2016-06-30 11:19:55.325,3.85,2016-06-30 11:53:00,
1.125382434,6199453,Karolina Pliskova,Ka Pliskova v Doi,0,2016-06-27 22:00:09.311,1.34,2016-06-28 12:00:00,
1.125382434,6199453,Karolina Pliskova,Ka Pliskova v Doi,10,2016-06-28 11:54:36.645,1.35,2016-06-29 12:00:00,
1.125382434,6199453,Karolina Pliskova,Ka Pliskova v Doi,20,2016-06-29 00:04:37.038,1.38,2016-06-29 12:30:00,
1.125382434,6199453,Karolina Pliskova,Ka Pliskova v Doi,30,2016-06-29 07:54:24.282,1.36,2016-06-29 12:30:00,
1.125382434,6199453,Karolina Pliskova,Ka Pliskova v Doi,40,2016-06-29 11:06:07.052,1.38,2016-06-29 13:15:00,
1.125382434,6199453,Karolina Pliskova,Ka Pliskova v Doi,50,2016-06-29 12:31:51.405,1.36,2016-06-29 13:29:00,
1.125382434,6199453,Karolina Pliskova,Ka Pliskova v Doi,60,2016-06-29 17:24:01.535,1.39,2016-06-29 17:29:00,
1.125382434,6199453,Karolina Pliskova,Ka Pliskova v Doi,70,2016-06-30 03:24:42.435,1.36,2016-06-30 12:00:00,
1.125382434,6199453,Karolina Pliskova,Ka Pliskova v Doi,80,2016-06-30 07:12:26.755,1.35,2016-06-30 12:00:00,
1.125382434,6199453,Karolina Pliskova,Ka Pliskova v Doi,90,2016-06-30 10:07:59.470,1.36,2016-06-30 11:53:00,
1.125382434,6199453,Karolina Pliskova,Ka Pliskova v Doi,100,2016-06-30 11:34:34.628,1.35,2016-06-30 11:53:00,
1.125386237,2301145,Dominika Cibulkova,Cibulkova v Gavrilova,0,2016-06-28 16:19:59.345,1.37,2016-06-29 12:00:00,
1.125386237,2301145,Dominika Cibulkova,Cibulkova v Gavrilova,10,2016-06-29 10:22:31.810,1.33,2016-06-30 12:00:00,
1.125386237,2301145,Dominika Cibulkova,Cibulkova v Gavrilova,20,2016-06-29 22:05:39.265,1.36,2016-06-30 16:00:00,
1.125386237,2301145,Dominika Cibulkova,Cibulkova v Gavrilova,30,2016-06-30 06:10:44.648,1.33,2016-06-30 16:00:00,
1.125386237,2301145,Dominika Cibulkova,Cibulkova v Gavrilova,40,2016-06-30 09:56:02.970,1.33,2016-06-30 16:00:00,
1.125386237,2301145,Dominika Cibulkova,Cibulkova v Gavrilova,50,2016-06-30 11:42:53.379,1.32,2016-06-30 15:33:00,
1.125386237,2301145,Dominika Cibulkova,Cibulkova v Gavrilova,60,2016-06-30 12:35:31.816,1.32,2016-06-30 15:33:00,
1.125386237,2301145,Dominika Cibulkova,Cibulkova v Gavrilova,70,2016-06-30 13:06:39.358,1.33,2016-06-30 15:33:00,
1.125386237,2301145,Dominika Cibulkova,Cibulkova v Gavrilova,80,2016-06-30 13:56:40.149,1.33,2016-06-30 16:03:00,
1.125386237,2301145,Dominika Cibulkova,Cibulkova v Gavrilova,90,2016-06-30 15:08:00.490,1.32,2016-06-30 16:19:00,
1.125386237,2301145,Dominika Cibulkova,Cibulkova v Gavrilova,100,2016-06-30 15:25:47.245,1.32,2016-06-30 15:38:00,
1.125386237,5053424,Daria Gavrilova,Cibulkova v Gavrilova,0,2016-06-28 22:34:44.566,3.7,2016-06-29 12:00:00,
1.125386237,5053424,Daria Gavrilova,Cibulkova v Gavrilova,10,2016-06-29 22:05:39.265,3.8,2016-06-30 16:00:00,
1.125386237,5053424,Daria Gavrilova,Cibulkova v Gavrilova,20,2016-06-30 05:54:39.811,3.9,2016-06-30 16:00:00,
1.125386237,5053424,Daria Gavrilova,Cibulkova v Gavrilova,30,2016-06-30 11:41:33.031,4.1,2016-06-30 15:33:00,
1.125386237,5053424,Daria Gavrilova,Cibulkova v Gavrilova,40,2016-06-30 12:40:59.768,3.85,2016-06-30 15:33:00,
1.125386237,5053424,Daria Gavrilova,Cibulkova v Gavrilova,50,2016-06-30 12:57:47.139,4.0,2016-06-30 15:33:00,
1.125386237,5053424,Daria Gavrilova,Cibulkova v Gavrilova,60,2016-06-30 13:32:49.211,4.2,2016-06-30 15:48:00,
1.125386237,5053424,Daria Gavrilova,Cibulkova v Gavrilova,70,2016-06-30 14:32:55.362,4.0,2016-06-30 16:19:00,
1.125386237,5053424,Daria Gavrilova,Cibulkova v Gavrilova,80,2016-06-30 15:00:54.400,3.95,2016-06-30 16:19:00,
1.125386237,5053424,Daria Gavrilova,Cibulkova v Gavrilova,90,2016-06-30 15:14:51.064,4.2,2016-06-30 16:19:00,
1.125386237,5053424,Daria Gavrilova,Cibulkova v Gavrilova,100,2016-06-30 15:24:00.299,4.0,2016-06-30 15:38:00,
1.125386783,2263624,Viktor Troicki,Ramos-Vinolas v Troicki,0,2016-06-28 19:51:27.686,1.3,2016-06-29 12:00:00,
1.125386783,2263624,Viktor Troicki,Ramos-Vinolas v Troicki,10,2016-06-29 04:30:10.647,1.34,2016-06-30 12:00:00,
1.125386783,2263624,Viktor Troicki,Ramos-Vinolas v Troicki,20,2016-06-29 19:04:27.536,1.32,2016-06-30 12:00:00,
1.125386783,2263624,Viktor Troicki,Ramos-Vinolas v Troicki,30,2016-06-29 23:32:23.575,1.3,2016-06-30 14:00:00,
1.125386783,2263624,Viktor Troicki,Ramos-Vinolas v Troicki,40,2016-06-30 05:52:59.893,1.26,2016-06-30 14:00:00,
1.125386783,2263624,Viktor Troicki,Ramos-Vinolas v Troicki,50,2016-06-30 07:25:35.928,1.26,2016-06-30 14:00:00,
1.125386783,2263624,Viktor Troicki,Ramos-Vinolas v Troicki,60,2016-06-30 08:52:56.188,1.25,2016-06-30 14:00:00,
1.125386783,2263624,Viktor Troicki,Ramos-Vinolas v Troicki,70,2016-06-30 10:06:05.426,1.26,2016-06-30 13:47:00,
1.125386783,2263624,Viktor Troicki,Ramos-Vinolas v Troicki,80,2016-06-30 11:58:52.296,1.25,2016-06-30 13:10:00,
1.125386783,2263624,Viktor Troicki,Ramos-Vinolas v Troicki,90,2016-06-30 12:31:19.586,1.26,2016-06-30 13:10:00,
1.125386783,2263624,Viktor Troicki,Ramos-Vinolas v Troicki,100,2016-06-30 12:40:27.261,1.27,2016-06-30 12:51:00,
1.125386783,8621877,Albert Ramos-Vinolas,Ramos-Vinolas v Troicki,0,2016-06-28 21:35:33.510,4.4,2016-06-29 12:00:00,
1.125386783,8621877,Albert Ramos-Vinolas,Ramos-Vinolas v Troicki,10,2016-06-28 23:19:39.979,3.95,2016-06-29 12:00:00,
1.125386783,8621877,Albert Ramos-Vinolas,Ramos-Vinolas v Troicki,20,2016-06-29 11:53:36.069,4.3,2016-06-30 12:00:00,
1.125386783,8621877,Albert Ramos-Vinolas,Ramos-Vinolas v Troicki,30,2016-06-29 18:38:42.116,4.5,2016-06-30 12:00:00,
1.125386783,8621877,Albert Ramos-Vinolas,Ramos-Vinolas v Troicki,40,2016-06-30 03:40:58.130,4.6,2016-06-30 14:00:00,
1.125386783,8621877,Albert Ramos-Vinolas,Ramos-Vinolas v Troicki,50,2016-06-30 08:06:58.927,4.8,2016-06-30 14:00:00,
1.125386783,8621877,Albert Ramos-Vinolas,Ramos-Vinolas v Troicki,60,2016-06-30 10:16:44.784,5.0,2016-06-30 13:47:00,
1.125386783,8621877,Albert Ramos-Vinolas,Ramos-Vinolas v Troicki,70,2016-06-30 11:25:52.127,4.9,2016-06-30 13:10:00,
1.125386783,8621877,Albert Ramos-Vinolas,Ramos-Vinolas v Troicki,80,2016-06-30 12:25:27.644,4.8,2016-06-30 13:10:00,
1.125386783,8621877,Albert Ramos-Vinolas,Ramos-Vinolas v Troicki,90,2016-06-30 12:26:47.655,4.9,2016-06-30 13:10:00,
1.125386783,8621877,Albert Ramos-Vinolas,Ramos-Vinolas v Troicki,100,2016-06-30 12:37:59.231,4.6,2016-06-30 12:51:00,
1.125386973,2249399,Richard Gasquet,Gasquet v M Granollers,0,2016-06-28 14:32:03.966,1.15,2016-06-29 12:00:00,
1.125386973,2249399,Richard Gasquet,Gasquet v M Granollers,10,2016-06-29 09:10:18.214,1.12,2016-06-30 12:00:00,
1.125386973,2249399,Richard Gasquet,Gasquet v M Granollers,20,2016-06-29 21:55:10.567,1.1,2016-06-30 14:00:00,
1.125386973,2249399,Richard Gasquet,Gasquet v M Granollers,30,2016-06-30 02:59:05.494,1.1,2016-06-30 14:00:00,
1.125386973,2249399,Richard Gasquet,Gasquet v M Granollers,40,2016-06-30 07:06:17.842,1.11,2016-06-30 14:00:00,
1.125386973,2249399,Richard Gasquet,Gasquet v M Granollers,50,2016-06-30 09:18:31.789,1.11,2016-06-30 14:00:00,
1.125386973,2249399,Richard Gasquet,Gasquet v M Granollers,60,2016-06-30 10:52:36.454,1.11,2016-06-30 14:01:00,
1.125386973,2249399,Richard Gasquet,Gasquet v M Granollers,70,2016-06-30 12:12:03.884,1.1,2016-06-30 13:45:00,
1.125386973,2249399,Richard Gasquet,Gasquet v M Granollers,80,2016-06-30 13:22:03.280,1.1,2016-06-30 13:45:00,
1.125386973,2249399,Richard Gasquet,Gasquet v M Granollers,90,2016-06-30 14:07:49.685,1.1,2016-06-30 14:15:00,
1.125386973,2249399,Richard Gasquet,Gasquet v M Granollers,100,2016-06-30 15:01:00.873,1.11,2016-06-30 15:06:00,
1.125386973,3035263,Marcel Granollers,Gasquet v M Granollers,0,2016-06-28 14:32:03.966,7.8,2016-06-29 12:00:00,
1.125386973,3035263,Marcel Granollers,Gasquet v M Granollers,10,2016-06-29 09:31:15.442,11.0,2016-06-30 12:00:00,
1.125386973,3035263,Marcel Granollers,Gasquet v M Granollers,20,2016-06-30 05:43:18.225,10.5,2016-06-30 14:00:00,
1.125386973,3035263,Marcel Granollers,Gasquet v M Granollers,30,2016-06-30 08:57:59.601,10.0,2016-06-30 14:00:00,
1.125386973,3035263,Marcel Granollers,Gasquet v M Granollers,40,2016-06-30 11:33:35.626,10.5,2016-06-30 14:01:00,
1.125386973,3035263,Marcel Granollers,Gasquet v M Granollers,50,2016-06-30 12:33:06.646,10.0,2016-06-30 13:45:00,
1.125386973,3035263,Marcel Granollers,Gasquet v M Granollers,60,2016-06-30 13:32:05.081,10.5,2016-06-30 13:45:00,
1.125386973,3035263,Marcel Granollers,Gasquet v M Granollers,70,2016-06-30 14:07:49.685,12.5,2016-06-30 14:15:00,
1.125386973,3035263,Marcel Granollers,Gasquet v M Granollers,80,2016-06-30 14:28:54.553,11.5,2016-06-30 14:30:00,
1.125386973,3035263,Marcel Granollers,Gasquet v M Granollers,90,2016-06-30 14:39:03.843,12.0,2016-06-30 14:45:00,
1.125386973,3035263,Marcel Granollers,Gasquet v M Granollers,100,2016-06-30 15:02:06.065,10.5,2016-06-30 15:06:00,
1.125387292,6217982,Dennis Novikov,D Novikov v J Sousa,0,2016-06-28 19:08:58.116,2.88,2016-06-29 12:00:00,
1.125387292,6217982,Dennis Novikov,D Novikov v J Sousa,10,2016-06-28 23:04:37.916,2.96,2016-06-29 12:00:00,
1.125387292,6217982,Dennis Novikov,D Novikov v J Sousa,20,2016-06-29 09:31:52.252,2.96,2016-06-30 12:00:00,
1.125387292,6217982,Dennis Novikov,D Novikov v J Sousa,30,2016-06-29 18:51:42.579,3.0,2016-06-30 12:00:00,
1.125387292,6217982,Dennis Novikov,D Novikov v J Sousa,40,2016-06-29 21:29:47.515,2.9,2016-06-30 16:00:00,
1.125387292,6217982,Dennis Novikov,D Novikov v J Sousa,50,2016-06-30 06:00:17.640,2.96,2016-06-30 16:00:00,
1.125387292,6217982,Dennis Novikov,D Novikov v J Sousa,60,2016-06-30 08:04:26.834,2.98,2016-06-30 16:00:00,
1.125387292,6217982,Dennis Novikov,D Novikov v J Sousa,70,2016-06-30 12:15:23.704,2.94,2016-06-30 14:45:00,
1.125387292,6217982,Dennis Novikov,D Novikov v J Sousa,80,2016-06-30 13:47:35.371,2.98,2016-06-30 14:43:00,
1.125387292,6217982,Dennis Novikov,D Novikov v J Sousa,90,2016-06-30 14:13:59.085,2.98,2016-06-30 14:43:00,
1.125387292,6217982,Dennis Novikov,D Novikov v J Sousa,100,2016-06-30 14:36:38.472,2.92,2016-06-30 14:46:00,
1.125387292,7053035,Joao Sousa,D Novikov v J Sousa,0,2016-06-28 19:08:58.116,1.53,2016-06-29 12:00:00,
1.125387292,7053035,Joao Sousa,D Novikov v J Sousa,10,2016-06-28 21:39:12.925,1.53,2016-06-29 12:00:00,
1.125387292,7053035,Joao Sousa,D Novikov v J Sousa,20,2016-06-29 11:24:59.385,1.53,2016-06-30 12:00:00,
1.125387292,7053035,Joao Sousa,D Novikov v J Sousa,30,2016-06-29 19:31:50.268,1.48,2016-06-30 12:00:00,
1.125387292,7053035,Joao Sousa,D Novikov v J Sousa,40,2016-06-29 22:02:49.521,1.53,2016-06-30 16:00:00,
1.125387292,7053035,Joao Sousa,D Novikov v J Sousa,50,2016-06-30 06:19:39.813,1.52,2016-06-30 16:00:00,
1.125387292,7053035,Joao Sousa,D Novikov v J Sousa,60,2016-06-30 11:10:42.316,1.52,2016-06-30 14:45:00,
1.125387292,7053035,Joao Sousa,D Novikov v J Sousa,70,2016-06-30 12:09:30.068,1.52,2016-06-30 14:45:00,
1.125387292,7053035,Joao Sousa,D Novikov v J Sousa,80,2016-06-30 13:01:47.572,1.51,2016-06-30 14:43:00,
1.125387292,7053035,Joao Sousa,D Novikov v J Sousa,90,2016-06-30 14:10:51.072,1.52,2016-06-30 14:43:00,
1.125387292,7053035,Joao Sousa,D Novikov v J Sousa,100,2016-06-30 14:33:59.588,1.5,2016-06-30 14:46:00,
1.125387858,3911345,Benoit Paire,Paire v Millman,0,2016-06-28 21:07:08.823,1.75,2016-06-29 12:00:00,
1.125387858,3911345,Benoit Paire,Paire v Millman,10,2016-06-29 17:57:37.102,1.79,2016-06-30 12:00:00,
1.125387858,3911345,Benoit Paire,Paire v Millman,20,2016-06-29 22:25:10.450,1.76,2016-06-30 14:00:00,
1.125387858,3911345,Benoit Paire,Paire v Millman,30,2016-06-30 05:57:59.524,1.76,2016-06-30 14:00:00,
1.125387858,3911345,Benoit Paire,Paire v Millman,40,2016-06-30 09:00:51.493,1.77,2016-06-30 14:00:00,
1.125387858,3911345,Benoit Paire,Paire v Millman,50,2016-06-30 10:00:42.983,1.77,2016-06-30 14:00:00,
1.125387858,3911345,Benoit Paire,Paire v Millman,60,2016-06-30 11:09:24.631,1.79,2016-06-30 14:01:00,
1.125387858,3911345,Benoit Paire,Paire v Millman,70,2016-06-30 12:02:24.376,1.78,2016-06-30 13:35:00,
1.125387858,3911345,Benoit Paire,Paire v Millman,80,2016-06-30 12:44:58.057,1.79,2016-06-30 13:35:00,
1.125387858,3911345,Benoit Paire,Paire v Millman,90,2016-06-30 13:11:57.134,1.72,2016-06-30 13:35:00,
1.125387858,3911345,Benoit Paire,Paire v Millman,100,2016-06-30 13:29:57.963,1.81,2016-06-30 13:39:00,
1.125387858,4415206,John Millman,Paire v Millman,0,2016-06-28 21:40:34.747,2.32,2016-06-29 12:00:00,
1.125387858,4415206,John Millman,Paire v Millman,10,2016-06-29 17:30:45.605,2.3,2016-06-30 12:00:00,
1.125387858,4415206,John Millman,Paire v Millman,20,2016-06-29 20:56:44.044,2.26,2016-06-30 14:00:00,
1.125387858,4415206,John Millman,Paire v Millman,30,2016-06-30 02:49:57.367,2.32,2016-06-30 14:00:00,
1.125387858,4415206,John Millman,Paire v Millman,40,2016-06-30 08:56:48.340,2.26,2016-06-30 14:00:00,
1.125387858,4415206,John Millman,Paire v Millman,50,2016-06-30 11:01:34.086,2.26,2016-06-30 14:01:00,
1.125387858,4415206,John Millman,Paire v Millman,60,2016-06-30 11:35:20.753,2.3,2016-06-30 13:35:00,
1.125387858,4415206,John Millman,Paire v Millman,70,2016-06-30 11:54:56.562,2.28,2016-06-30 13:35:00,
1.125387858,4415206,John Millman,Paire v Millman,80,2016-06-30 12:29:13.317,2.26,2016-06-30 13:35:00,
1.125387858,4415206,John Millman,Paire v Millman,90,2016-06-30 13:11:57.134,2.36,2016-06-30 13:35:00,
1.125387858,4415206,John Millman,Paire v Millman,100,2016-06-30 13:29:57.963,2.26,2016-06-30 13:39:00,
1.125388115,7593283,Andrea Arnaboldi,Arnaboldi v Lopez-Perez,0,2016-06-29 08:53:13.615,2.26,2016-06-29 10:00:00,
1.125388115,7593283,Andrea Arnaboldi,Arnaboldi v Lopez-Perez,10,2016-06-29 08:54:52.976,2.2,2016-06-29 10:00:00,
1.125388115,7593283,Andrea Arnaboldi,Arnaboldi v Lopez-Perez,20,2016-06-29 08:57:13.701,2.06,2016-06-29 10:00:00,
1.125388115,7593283,Andrea Arnaboldi,Arnaboldi v Lopez-Perez,30,2016-06-29 08:57:57.085,2.02,2016-06-29 10:00:00,
1.125388115,7593283,Andrea Arnaboldi,Arnaboldi v Lopez-Perez,40,2016-06-29 09:13:05.170,1.99,2016-06-29 10:00:00,
1.125388115,7593283,Andrea Arnaboldi,Arnaboldi v Lopez-Perez,50,2016-06-29 09:18:01.375,2.06,2016-06-29 10:00:00,
1.125388115,7593283,Andrea Arnaboldi,Arnaboldi v Lopez-Perez,60,2016-06-29 09:28:07.677,2.08,2016-06-29 10:00:00,
1.125388115,7593283,Andrea Arnaboldi,Arnaboldi v Lopez-Perez,70,2016-06-29 09:36:48.371,2.06,2016-06-29 10:00:00,
1.125388115,7593283,Andrea Arnaboldi,Arnaboldi v Lopez-Perez,80,2016-06-29 09:37:46.957,2.08,2016-06-29 10:00:00,
1.125388115,7593283,Andrea Arnaboldi,Arnaboldi v Lopez-Perez,90,2016-06-29 09:54:07.204,2.1,2016-06-29 10:00:00,
1.125388115,7593283,Andrea Arnaboldi,Arnaboldi v Lopez-Perez,100,2016-06-29 09:57:02.891,2.06,2016-06-29 10:00:00,
1.125388115,8257792,Enrique Lopez-Perez,Arnaboldi v Lopez-Perez,0,2016-06-29 02:17:36.255,1.78,2016-06-29 10:00:00,
1.125388115,8257792,Enrique Lopez-Perez,Arnaboldi v Lopez-Perez,10,2016-06-29 08:00:55.531,1.75,2016-06-29 10:00:00,
1.125388115,8257792,Enrique Lopez-Perez,Arnaboldi v Lopez-Perez,20,2016-06-29 08:53:13.615,1.8,2016-06-29 10:00:00,
1.125388115,8257792,Enrique Lopez-Perez,Arnaboldi v Lopez-Perez,30,2016-06-29 08:54:52.976,1.84,2016-06-29 10:00:00,
1.125388115,8257792,Enrique Lopez-Perez,Arnaboldi v Lopez-Perez,40,2016-06-29 08:57:13.701,1.91,2016-06-29 10:00:00,
1.125388115,8257792,Enrique Lopez-Perez,Arnaboldi v Lopez-Perez,50,2016-06-29 09:18:01.375,1.94,2016-06-29 10:00:00,
1.125388115,8257792,Enrique Lopez-Perez,Arnaboldi v Lopez-Perez,60,2016-06-29 09:28:07.677,1.93,2016-06-29 10:00:00,
1.125388115,8257792,Enrique Lopez-Perez,Arnaboldi v Lopez-Perez,70,2016-06-29 09:37:46.957,1.92,2016-06-29 10:00:00,
1.125388115,8257792,Enrique Lopez-Perez,Arnaboldi v Lopez-Perez,80,2016-06-29 09:54:07.204,1.91,2016-06-29 10:00:00,
1.125388115,8257792,Enrique Lopez-Perez,Arnaboldi v Lopez-Perez,90,2016-06-29 09:55:02.658,1.93,2016-06-29 10:00:00,
1.125388115,8257792,Enrique Lopez-Perez,Arnaboldi v Lopez-Perez,100,2016-06-29 09:57:02.891,1.95,2016-06-29 10:00:00,
1.125388122,2249840,Roberta Vinci,Y Duan v Vinci,0,2016-06-28 21:02:40.564,1.26,2016-06-29 12:00:00,
1.125388122,2249840,Roberta Vinci,Y Duan v Vinci,10,2016-06-30 03:33:52.822,1.28,2016-06-30 16:00:00,
1.125388122,2249840,Roberta Vinci,Y Duan v Vinci,20,2016-06-30 08:19:04.709,1.26,2016-06-30 16:00:00,
1.125388122,2249840,Roberta Vinci,Y Duan v Vinci,30,2016-06-30 10:17:47.775,1.32,2016-06-30 15:53:00,
1.125388122,2249840,Roberta Vinci,Y Duan v Vinci,40,2016-06-30 11:26:23.309,1.3,2016-06-30 15:53:00,
1.125388122,2249840,Roberta Vinci,Y Duan v Vinci,50,2016-06-30 13:04:16.332,1.28,2016-06-30 15:47:00,
1.125388122,2249840,Roberta Vinci,Y Duan v Vinci,60,2016-06-30 13:41:09.688,1.31,2016-06-30 15:34:00,
1.125388122,2249840,Roberta Vinci,Y Duan v Vinci,70,2016-06-30 13:59:32.616,1.29,2016-06-30 15:34:00,
1.125388122,2249840,Roberta Vinci,Y Duan v Vinci,80,2016-06-30 14:14:40.578,1.29,2016-06-30 15:34:00,
1.125388122,2249840,Roberta Vinci,Y Duan v Vinci,90,2016-06-30 14:55:54.241,1.33,2016-06-30 15:09:00,
1.125388122,2249840,Roberta Vinci,Y Duan v Vinci,100,2016-06-30 14:59:54.504,1.34,2016-06-30 15:09:00,
1.125388122,8243878,Ying-Ying Duan,Y Duan v Vinci,0,2016-06-28 22:37:52.258,3.95,2016-06-29 12:00:00,
1.125388122,8243878,Ying-Ying Duan,Y Duan v Vinci,10,2016-06-30 03:33:52.822,4.5,2016-06-30 16:00:00,
1.125388122,8243878,Ying-Ying Duan,Y Duan v Vinci,20,2016-06-30 08:15:41.019,4.3,2016-06-30 16:00:00,
1.125388122,8243878,Ying-Ying Duan,Y Duan v Vinci,30,2016-06-30 10:37:38.304,4.3,2016-06-30 15:53:00,
1.125388122,8243878,Ying-Ying Duan,Y Duan v Vinci,40,2016-06-30 13:19:54.612,4.6,2016-06-30 15:47:00,
1.125388122,8243878,Ying-Ying Duan,Y Duan v Vinci,50,2016-06-30 13:48:53.359,4.5,2016-06-30 15:34:00,
1.125388122,8243878,Ying-Ying Duan,Y Duan v Vinci,60,2016-06-30 14:02:41.559,4.3,2016-06-30 15:34:00,
1.125388122,8243878,Ying-Ying Duan,Y Duan v Vinci,70,2016-06-30 14:11:49.783,4.3,2016-06-30 15:34:00,
1.125388122,8243878,Ying-Ying Duan,Y Duan v Vinci,80,2016-06-30 14:36:59.519,4.6,2016-06-30 15:34:00,
1.125388122,8243878,Ying-Ying Duan,Y Duan v Vinci,90,2016-06-30 14:54:53.006,4.6,2016-06-30 15:09:00,
1.125388122,8243878,Ying-Ying Duan,Y Duan v Vinci,100,2016-06-30 15:01:48.673,4.0,2016-06-30 15:09:00,
1.125388137,5248977,Caroline Garcia,Siniakova v Caro Garcia,0,2016-06-28 22:13:15.602,1.33,2016-06-29 12:00:00,
1.125388137,5248977,Caroline Garcia,Siniakova v Caro Garcia,10,2016-06-29 11:53:33.526,1.32,2016-06-30 12:00:00,
1.125388137,5248977,Caroline Garcia,Siniakova v Caro Garcia,20,2016-06-30 05:40:59.034,1.32,2016-06-30 14:00:00,
1.125388137,5248977,Caroline Garcia,Siniakova v Caro Garcia,30,2016-06-30 07:49:50.569,1.33,2016-06-30 14:00:00,
1.125388137,5248977,Caroline Garcia,Siniakova v Caro Garcia,40,2016-06-30 09:15:49.806,1.35,2016-06-30 14:00:00,
1.125388137,5248977,Caroline Garcia,Siniakova v Caro Garcia,50,2016-06-30 10:16:33.426,1.38,2016-06-30 14:03:00,
1.125388137,5248977,Caroline Garcia,Siniakova v Caro Garcia,60,2016-06-30 12:21:57.171,1.38,2016-06-30 13:25:00,
1.125388137,5248977,Caroline Garcia,Siniakova v Caro Garcia,70,2016-06-30 12:35:24.857,1.36,2016-06-30 13:25:00,
1.125388137,5248977,Caroline Garcia,Siniakova v Caro Garcia,80,2016-06-30 12:41:42.528,1.38,2016-06-30 13:25:00,
1.125388137,5248977,Caroline Garcia,Siniakova v Caro Garcia,90,2016-06-30 12:59:35.609,1.37,2016-06-30 13:25:00,
1.125388137,5248977,Caroline Garcia,Siniakova v Caro Garcia,100,2016-06-30 13:09:46.691,1.38,2016-06-30 13:18:00,
1.125388137,7137442,Katerina Siniakova,Siniakova v Caro Garcia,0,2016-06-28 18:57:31.785,3.95,2016-06-29 12:00:00,
1.125388137,7137442,Katerina Siniakova,Siniakova v Caro Garcia,10,2016-06-28 22:36:55.833,3.85,2016-06-29 12:00:00,
1.125388137,7137442,Katerina Siniakova,Siniakova v Caro Garcia,20,2016-06-30 06:41:45.068,4.1,2016-06-30 14:00:00,
1.125388137,7137442,Katerina Siniakova,Siniakova v Caro Garcia,30,2016-06-30 09:15:49.806,3.85,2016-06-30 14:00:00,
1.125388137,7137442,Katerina Siniakova,Siniakova v Caro Garcia,40,2016-06-30 09:49:19.972,3.85,2016-06-30 14:00:00,
1.125388137,7137442,Katerina Siniakova,Siniakova v Caro Garcia,50,2016-06-30 10:00:25.552,3.75,2016-06-30 14:00:00,
1.125388137,7137442,Katerina Siniakova,Siniakova v Caro Garcia,60,2016-06-30 10:35:22.533,3.65,2016-06-30 14:03:00,
1.125388137,7137442,Katerina Siniakova,Siniakova v Caro Garcia,70,2016-06-30 12:21:57.171,3.75,2016-06-30 13:25:00,
1.125388137,7137442,Katerina Siniakova,Siniakova v Caro Garcia,80,2016-06-30 12:37:55.241,3.7,2016-06-30 13:25:00,
1.125388137,7137442,Katerina Siniakova,Siniakova v Caro Garcia,90,2016-06-30 12:41:42.528,3.7,2016-06-30 13:25:00,
1.125388137,7137442,Katerina Siniakova,Siniakova v Caro Garcia,100,2016-06-30 13:10:56.769,3.75,2016-06-30 13:18:00,
1.125388234,2248579,Gilles Muller,An Kuznetsov v G Muller,0,2016-06-28 18:23:59.962,1.57,2016-06-29 12:00:00,
1.125388234,2248579,Gilles Muller,An Kuznetsov v G Muller,10,2016-06-29 02:13:56.218,1.66,2016-06-29 14:30:00,
1.125388234,2248579,Gilles Muller,An Kuznetsov v G Muller,20,2016-06-29 07:14:50.438,1.6,2016-06-29 14:30:00,
1.125388234,2248579,Gilles Muller,An Kuznetsov v G Muller,30,2016-06-29 08:51:32.350,1.63,2016-06-29 14:30:00,
1.125388234,2248579,Gilles Muller,An Kuznetsov v G Muller,40,2016-06-29 10:29:32.758,1.62,2016-06-29 14:30:00,
1.125388234,2248579,Gilles Muller,An Kuznetsov v G Muller,50,2016-06-29 12:45:00.175,1.63,2016-06-29 15:21:00,
1.125388234,2248579,Gilles Muller,An Kuznetsov v G Muller,60,2016-06-29 15:15:02.049,1.66,2016-06-29 17:21:00,
1.125388234,2248579,Gilles Muller,An Kuznetsov v G Muller,70,2016-06-29 19:41:26.010,1.66,2016-06-29 19:42:00,
1.125388234,2248579,Gilles Muller,An Kuznetsov v G Muller,80,2016-06-30 05:52:33.826,1.63,2016-06-30 12:00:00,
1.125388234,2248579,Gilles Muller,An Kuznetsov v G Muller,90,2016-06-30 10:53:53.763,1.67,2016-06-30 12:03:00,
1.125388234,2248579,Gilles Muller,An Kuznetsov v G Muller,100,2016-06-30 11:56:48.101,1.66,2016-06-30 12:06:00,
1.125388234,4257454,Andrey Kuznetsov,An Kuznetsov v G Muller,0,2016-06-28 18:41:47.690,2.74,2016-06-29 12:00:00,
1.125388234,4257454,Andrey Kuznetsov,An Kuznetsov v G Muller,10,2016-06-29 03:53:00.725,2.5,2016-06-29 14:30:00,
1.125388234,4257454,Andrey Kuznetsov,An Kuznetsov v G Muller,20,2016-06-29 06:18:41.357,2.68,2016-06-29 14:30:00,
1.125388234,4257454,Andrey Kuznetsov,An Kuznetsov v G Muller,30,2016-06-29 09:21:59.618,2.6,2016-06-29 14:30:00,
1.125388234,4257454,Andrey Kuznetsov,An Kuznetsov v G Muller,40,2016-06-29 10:51:02.955,2.62,2016-06-29 15:00:00,
1.125388234,4257454,Andrey Kuznetsov,An Kuznetsov v G Muller,50,2016-06-29 12:49:26.451,2.6,2016-06-29 15:21:00,
1.125388234,4257454,Andrey Kuznetsov,An Kuznetsov v G Muller,60,2016-06-29 14:29:54.371,2.52,2016-06-29 16:36:00,
1.125388234,4257454,Andrey Kuznetsov,An Kuznetsov v G Muller,70,2016-06-29 20:48:33.494,2.54,2016-06-30 12:00:00,
1.125388234,4257454,Andrey Kuznetsov,An Kuznetsov v G Muller,80,2016-06-30 08:35:46.316,2.58,2016-06-30 12:00:00,
1.125388234,4257454,Andrey Kuznetsov,An Kuznetsov v G Muller,90,2016-06-30 10:48:59.506,2.44,2016-06-30 12:03:00,
1.125388234,4257454,Andrey Kuznetsov,An Kuznetsov v G Muller,100,2016-06-30 11:54:00.269,2.5,2016-06-30 12:06:00,
1.125388255,2609424,Mikhail Kukushkin,Bautista Agut v Kukushkin,0,2016-06-28 19:37:22.135,4.6,2016-06-29 12:00:00,
1.125388255,2609424,Mikhail Kukushkin,Bautista Agut v Kukushkin,10,2016-06-28 20:25:05.623,5.4,2016-06-29 12:00:00,
1.125388255,2609424,Mikhail Kukushkin,Bautista Agut v Kukushkin,20,2016-06-28 22:13:35.270,5.2,2016-06-29 12:00:00,
1.125388255,2609424,Mikhail Kukushkin,Bautista Agut v Kukushkin,30,2016-06-29 14:01:16.258,6.2,2016-06-30 12:00:00,
1.125388255,2609424,Mikhail Kukushkin,Bautista Agut v Kukushkin,40,2016-06-29 19:19:56.517,6.2,2016-06-30 12:00:00,
1.125388255,2609424,Mikhail Kukushkin,Bautista Agut v Kukushkin,50,2016-06-29 23:11:51.152,6.8,2016-06-30 14:00:00,
1.125388255,2609424,Mikhail Kukushkin,Bautista Agut v Kukushkin,60,2016-06-30 06:54:33.649,7.2,2016-06-30 14:00:00,
1.125388255,2609424,Mikhail Kukushkin,Bautista Agut v Kukushkin,70,2016-06-30 09:09:22.055,7.4,2016-06-30 14:00:00,
1.125388255,2609424,Mikhail Kukushkin,Bautista Agut v Kukushkin,80,2016-06-30 09:37:39.831,7.6,2016-06-30 14:00:00,
1.125388255,2609424,Mikhail Kukushkin,Bautista Agut v Kukushkin,90,2016-06-30 09:44:49.716,7.6,2016-06-30 14:00:00,
1.125388255,2609424,Mikhail Kukushkin,Bautista Agut v Kukushkin,100,2016-06-30 09:47:33.466,7.4,2016-06-30 14:00:00,
1.125388255,4290403,Roberto Bautista Agut,Bautista Agut v Kukushkin,0,2016-06-28 19:30:05.897,1.28,2016-06-29 12:00:00,
1.125388255,4290403,Roberto Bautista Agut,Bautista Agut v Kukushkin,10,2016-06-28 22:12:04.145,1.23,2016-06-29 12:00:00,
1.125388255,4290403,Roberto Bautista Agut,Bautista Agut v Kukushkin,20,2016-06-29 10:58:55.860,1.2,2016-06-30 12:00:00,
1.125388255,4290403,Roberto Bautista Agut,Bautista Agut v Kukushkin,30,2016-06-29 17:16:52.932,1.2,2016-06-30 12:00:00,
1.125388255,4290403,Roberto Bautista Agut,Bautista Agut v Kukushkin,40,2016-06-29 20:33:04.873,1.18,2016-06-30 12:00:00,
1.125388255,4290403,Roberto Bautista Agut,Bautista Agut v Kukushkin,50,2016-06-29 22:51:44.723,1.15,2016-06-30 14:00:00,
1.125388255,4290403,Roberto Bautista Agut,Bautista Agut v Kukushkin,60,2016-06-30 05:26:25.705,1.15,2016-06-30 14:00:00,
1.125388255,4290403,Roberto Bautista Agut,Bautista Agut v Kukushkin,70,2016-06-30 08:16:29.886,1.16,2016-06-30 14:00:00,
1.125388255,4290403,Roberto Bautista Agut,Bautista Agut v Kukushkin,80,2016-06-30 09:09:22.055,1.16,2016-06-30 14:00:00,
1.125388255,4290403,Roberto Bautista Agut,Bautista Agut v Kukushkin,90,2016-06-30 09:47:33.466,1.15,2016-06-30 14:00:00,
1.125388255,4290403,Roberto Bautista Agut,Bautista Agut v Kukushkin,100,2016-06-30 10:25:01.937,1.16,2016-06-30 14:01:00,
1.125388406,2256509,Andy Murray,Ye Lu v A Murray,0,2016-06-28 16:14:08.116,1.04,2016-06-29 12:00:00,
1.125388406,2256509,Andy Murray,Ye Lu v A Murray,10,2016-06-29 12:25:55.892,1.02,2016-06-30 12:00:00,
1.125388406,2256509,Andy Murray,Ye Lu v A Murray,20,2016-06-29 18:40:40.459,1.02,2016-06-30 12:00:00,
1.125388406,2256509,Andy Murray,Ye Lu v A Murray,30,2016-06-29 22:09:54.335,1.02,2016-06-30 14:00:00,
1.125388406,2256509,Andy Murray,Ye Lu v A Murray,40,2016-06-30 06:10:37.006,1.02,2016-06-30 14:00:00,
1.125388406,2256509,Andy Murray,Ye Lu v A Murray,50,2016-06-30 08:37:08.003,1.02,2016-06-30 14:00:00,
1.125388406,2256509,Andy Murray,Ye Lu v A Murray,60,2016-06-30 11:06:09.115,1.02,2016-06-30 14:00:00,
1.125388406,2256509,Andy Murray,Ye Lu v A Murray,70,2016-06-30 12:32:43.047,1.02,2016-06-30 14:03:00,
1.125388406,2256509,Andy Murray,Ye Lu v A Murray,80,2016-06-30 13:38:05.884,1.02,2016-06-30 14:03:00,
1.125388406,2256509,Andy Murray,Ye Lu v A Murray,90,2016-06-30 14:21:11.766,1.02,2016-06-30 14:33:00,
1.125388406,2256509,Andy Murray,Ye Lu v A Murray,100,2016-06-30 15:12:11.812,1.03,2016-06-30 15:20:00,
1.125388406,8287128,Yen-Hsun Lu,Ye Lu v A Murray,0,2016-06-28 17:19:58.324,50.0,2016-06-29 12:00:00,
1.125388406,8287128,Yen-Hsun Lu,Ye Lu v A Murray,10,2016-06-29 18:14:27.016,48.0,2016-06-30 12:00:00,
1.125388406,8287128,Yen-Hsun Lu,Ye Lu v A Murray,20,2016-06-29 21:14:47.735,38.0,2016-06-30 14:00:00,
1.125388406,8287128,Yen-Hsun Lu,Ye Lu v A Murray,30,2016-06-30 05:40:13.662,42.0,2016-06-30 14:00:00,
1.125388406,8287128,Yen-Hsun Lu,Ye Lu v A Murray,40,2016-06-30 08:20:56.867,42.0,2016-06-30 14:00:00,
1.125388406,8287128,Yen-Hsun Lu,Ye Lu v A Murray,50,2016-06-30 10:27:08.680,48.0,2016-06-30 14:00:00,
1.125388406,8287128,Yen-Hsun Lu,Ye Lu v A Murray,60,2016-06-30 12:08:11.442,50.0,2016-06-30 14:03:00,
1.125388406,8287128,Yen-Hsun Lu,Ye Lu v A Murray,70,2016-06-30 13:00:03.430,48.0,2016-06-30 14:03:00,
1.125388406,8287128,Yen-Hsun Lu,Ye Lu v A Murray,80,2016-06-30 14:09:09.202,46.0,2016-06-30 14:18:00,
1.125388406,8287128,Yen-Hsun Lu,Ye Lu v A Murray,90,2016-06-30 14:37:00.485,48.0,2016-06-30 14:48:00,
1.125388406,8287128,Yen-Hsun Lu,Ye Lu v A Murray,100,2016-06-30 15:12:11.812,40.0,2016-06-30 15:20:00,
1.125389152,2328051,Coco Vandeweghe,Vandeweghe v Babos,0,2016-06-28 21:38:42.218,1.44,2016-06-29 12:00:00,
1.125389152,2328051,Coco Vandeweghe,Vandeweghe v Babos,10,2016-06-29 20:55:52.671,1.41,2016-06-30 16:00:00,
1.125389152,2328051,Coco Vandeweghe,Vandeweghe v Babos,20,2016-06-30 06:33:04.311,1.36,2016-06-30 16:00:00,
1.125389152,2328051,Coco Vandeweghe,Vandeweghe v Babos,30,2016-06-30 10:37:50.011,1.37,2016-06-30 16:01:00,
1.125389152,2328051,Coco Vandeweghe,Vandeweghe v Babos,40,2016-06-30 12:16:36.349,1.37,2016-06-30 15:45:00,
1.125389152,2328051,Coco Vandeweghe,Vandeweghe v Babos,50,2016-06-30 14:05:23.498,1.38,2016-06-30 16:15:00,
1.125389152,2328051,Coco Vandeweghe,Vandeweghe v Babos,60,2016-06-30 14:52:41.760,1.36,2016-06-30 16:51:00,
1.125389152,2328051,Coco Vandeweghe,Vandeweghe v Babos,70,2016-06-30 16:00:45.012,1.35,2016-06-30 17:00:00,
1.125389152,2328051,Coco Vandeweghe,Vandeweghe v Babos,80,2016-06-30 16:33:31.007,1.35,2016-06-30 17:00:00,
1.125389152,2328051,Coco Vandeweghe,Vandeweghe v Babos,90,2016-06-30 16:49:28.964,1.32,2016-06-30 17:00:00,
1.125389152,2328051,Coco Vandeweghe,Vandeweghe v Babos,100,2016-06-30 17:48:37.793,1.33,2016-06-30 17:59:00,
1.125389152,4828174,Timea Babos,Vandeweghe v Babos,0,2016-06-28 22:36:05.964,3.2,2016-06-29 12:00:00,
1.125389152,4828174,Timea Babos,Vandeweghe v Babos,10,2016-06-30 05:28:28.419,3.7,2016-06-30 16:00:00,
1.125389152,4828174,Timea Babos,Vandeweghe v Babos,20,2016-06-30 10:17:09.725,3.55,2016-06-30 16:01:00,
1.125389152,4828174,Timea Babos,Vandeweghe v Babos,30,2016-06-30 10:30:19.848,3.7,2016-06-30 16:01:00,
1.125389152,4828174,Timea Babos,Vandeweghe v Babos,40,2016-06-30 11:46:05.515,3.6,2016-06-30 15:55:00,
1.125389152,4828174,Timea Babos,Vandeweghe v Babos,50,2016-06-30 13:10:55.276,3.6,2016-06-30 15:45:00,
1.125389152,4828174,Timea Babos,Vandeweghe v Babos,60,2016-06-30 14:22:44.865,3.6,2016-06-30 16:30:00,
1.125389152,4828174,Timea Babos,Vandeweghe v Babos,70,2016-06-30 14:43:28.559,3.9,2016-06-30 16:45:00,
1.125389152,4828174,Timea Babos,Vandeweghe v Babos,80,2016-06-30 16:26:39.273,4.1,2016-06-30 17:00:00,
1.125389152,4828174,Timea Babos,Vandeweghe v Babos,90,2016-06-30 16:40:41.175,3.9,2016-06-30 17:00:00,
1.125389152,4828174,Timea Babos,Vandeweghe v Babos,100,2016-06-30 17:45:33.644,3.9,2016-06-30 17:59:00,
1.125395402,2248470,Elena Vesnina,Petkovic v Vesnina,0,2016-06-29 15:20:36.640,1.88,2016-06-30 12:00:00,
1.125395402,2248470,Elena Vesnina,Petkovic v Vesnina,10,2016-06-30 06:44:19.349,1.74,2016-06-30 16:00:00,
1.125395402,2248470,Elena Vesnina,Petkovic v Vesnina,20,2016-06-30 08:52:54.880,1.76,2016-06-30 16:00:00,
1.125395402,2248470,Elena Vesnina,Petkovic v Vesnina,30,2016-06-30 10:13:38.497,1.75,2016-06-30 16:05:00,
1.125395402,2248470,Elena Vesnina,Petkovic v Vesnina,40,2016-06-30 12:10:21.418,1.76,2016-06-30 15:02:00,
1.125395402,2248470,Elena Vesnina,Petkovic v Vesnina,50,2016-06-30 13:34:13.735,1.76,2016-06-30 15:47:00,
1.125395402,2248470,Elena Vesnina,Petkovic v Vesnina,60,2016-06-30 14:19:11.014,1.8,2016-06-30 15:39:00,
1.125395402,2248470,Elena Vesnina,Petkovic v Vesnina,70,2016-06-30 14:30:35.082,1.78,2016-06-30 15:39:00,
1.125395402,2248470,Elena Vesnina,Petkovic v Vesnina,80,2016-06-30 14:53:32.443,1.81,2016-06-30 15:39:00,
1.125395402,2248470,Elena Vesnina,Petkovic v Vesnina,90,2016-06-30 15:09:37.749,1.82,2016-06-30 15:39:00,
1.125395402,2248470,Elena Vesnina,Petkovic v Vesnina,100,2016-06-30 15:33:35.243,1.79,2016-06-30 15:39:00,
1.125395402,2404122,Andrea Petkovic,Petkovic v Vesnina,0,2016-06-29 15:20:36.640,2.14,2016-06-30 12:00:00,
1.125395402,2404122,Andrea Petkovic,Petkovic v Vesnina,10,2016-06-29 22:07:38.727,2.24,2016-06-30 16:00:00,
1.125395402,2404122,Andrea Petkovic,Petkovic v Vesnina,20,2016-06-30 08:11:20.378,2.28,2016-06-30 16:00:00,
1.125395402,2404122,Andrea Petkovic,Petkovic v Vesnina,30,2016-06-30 11:44:28.084,2.3,2016-06-30 15:02:00,
1.125395402,2404122,Andrea Petkovic,Petkovic v Vesnina,40,2016-06-30 12:50:24.030,2.28,2016-06-30 15:02:00,
1.125395402,2404122,Andrea Petkovic,Petkovic v Vesnina,50,2016-06-30 14:06:09.454,2.26,2016-06-30 15:39:00,
1.125395402,2404122,Andrea Petkovic,Petkovic v Vesnina,60,2016-06-30 14:25:17.574,2.3,2016-06-30 15:39:00,
1.125395402,2404122,Andrea Petkovic,Petkovic v Vesnina,70,2016-06-30 14:45:20.628,2.28,2016-06-30 15:39:00,
1.125395402,2404122,Andrea Petkovic,Petkovic v Vesnina,80,2016-06-30 14:56:34.601,2.26,2016-06-30 15:39:00,
1.125395402,2404122,Andrea Petkovic,Petkovic v Vesnina,90,2016-06-30 15:16:35.708,2.24,2016-06-30 15:39:00,
1.125395402,2404122,Andrea Petkovic,Petkovic v Vesnina,100,2016-06-30 15:36:47.312,2.22,2016-06-30 15:39:00,
1.125398987,8326744,Nicolas Kicker,Kicker v Brands,0,2016-06-30 08:39:29.987,1.72,2016-06-30 16:00:00,
1.125398987,8326744,Nicolas Kicker,Kicker v Brands,10,2016-06-30 08:58:18.464,1.8,2016-06-30 16:00:00,
1.125398987,8326744,Nicolas Kicker,Kicker v Brands,20,2016-06-30 11:11:20.468,1.63,2016-06-30 16:00:00,
1.125398987,8326744,Nicolas Kicker,Kicker v Brands,30,2016-06-30 14:21:24.266,1.67,2016-06-30 16:00:00,
1.125398987,8326744,Nicolas Kicker,Kicker v Brands,40,2016-06-30 15:11:29.295,1.63,2016-06-30 16:00:00,
1.125398987,8326744,Nicolas Kicker,Kicker v Brands,50,2016-06-30 15:35:22.906,1.8,2016-06-30 16:00:00,
1.125398987,8326744,Nicolas Kicker,Kicker v Brands,60,2016-06-30 15:37:24.542,1.79,2016-06-30 16:00:00,
1.125398987,8326744,Nicolas Kicker,Kicker v Brands,70,2016-06-30 15:40:23.311,1.8,2016-06-30 16:00:00,
1.125398987,8326744,Nicolas Kicker,Kicker v Brands,80,2016-06-30 15:41:21.800,1.79,2016-06-30 16:00:00,
1.125398987,8326744,Nicolas Kicker,Kicker v Brands,90,2016-06-30 15:42:30.053,1.77,2016-06-30 16:00:00,
1.125398987,8326744,Nicolas Kicker,Kicker v Brands,100,2016-06-30 16:20:23.474,1.77,2016-06-30 16:30:00,
1.125399248,3588868,Bernard Tomic,Albot v B Tomic,0,2016-06-29 21:09:13.983,1.12,2016-06-30 14:00:00,
1.125399248,3588868,Bernard Tomic,Albot v B Tomic,10,2016-06-29 22:51:44.724,1.12,2016-06-30 14:00:00,
1.125399248,3588868,Bernard Tomic,Albot v B Tomic,20,2016-06-30 03:53:27.105,1.11,2016-06-30 14:00:00,
1.125399248,3588868,Bernard Tomic,Albot v B Tomic,30,2016-06-30 06:54:52.097,1.12,2016-06-30 14:00:00,
1.125399248,3588868,Bernard Tomic,Albot v B Tomic,40,2016-06-30 08:03:52.841,1.11,2016-06-30 14:00:00,
1.125399248,3588868,Bernard Tomic,Albot v B Tomic,50,2016-06-30 09:13:27.174,1.12,2016-06-30 14:00:00,
1.125399248,3588868,Bernard Tomic,Albot v B Tomic,60,2016-06-30 09:53:57.064,1.12,2016-06-30 14:00:00,
1.125399248,3588868,Bernard Tomic,Albot v B Tomic,70,2016-06-30 11:16:16.631,1.11,2016-06-30 13:53:00,
1.125399248,3588868,Bernard Tomic,Albot v B Tomic,80,2016-06-30 12:07:28.564,1.12,2016-06-30 13:28:00,
1.125399248,3588868,Bernard Tomic,Albot v B Tomic,90,2016-06-30 12:29:27.683,1.11,2016-06-30 13:28:00,
1.125399248,3588868,Bernard Tomic,Albot v B Tomic,100,2016-06-30 12:57:30.637,1.12,2016-06-30 13:04:00,
1.125399248,6603898,Radu Albot,Albot v B Tomic,0,2016-06-29 22:05:01.751,8.6,2016-06-30 14:00:00,
1.125399248,6603898,Radu Albot,Albot v B Tomic,10,2016-06-29 22:12:24.413,8.8,2016-06-30 14:00:00,
1.125399248,6603898,Radu Albot,Albot v B Tomic,20,2016-06-30 04:37:20.054,9.2,2016-06-30 14:00:00,
1.125399248,6603898,Radu Albot,Albot v B Tomic,30,2016-06-30 07:46:46.660,9.0,2016-06-30 14:00:00,
1.125399248,6603898,Radu Albot,Albot v B Tomic,40,2016-06-30 10:52:33.698,9.2,2016-06-30 13:53:00,
1.125399248,6603898,Radu Albot,Albot v B Tomic,50,2016-06-30 11:00:47.859,9.4,2016-06-30 13:53:00,
1.125399248,6603898,Radu Albot,Albot v B Tomic,60,2016-06-30 11:23:29.824,9.6,2016-06-30 13:37:00,
1.125399248,6603898,Radu Albot,Albot v B Tomic,70,2016-06-30 12:38:03.665,9.2,2016-06-30 13:28:00,
1.125399248,6603898,Radu Albot,Albot v B Tomic,80,2016-06-30 12:43:22.789,9.4,2016-06-30 13:28:00,
1.125399248,6603898,Radu Albot,Albot v B Tomic,90,2016-06-30 12:54:30.679,9.2,2016-06-30 13:04:00,
1.125399248,6603898,Radu Albot,Albot v B Tomic,100,2016-06-30 12:57:30.637,9.2,2016-06-30 13:04:00,
1.125399383,5720747,Dominic Thiem,D Thiem v Vesely,0,2016-06-29 19:21:23.469,1.15,2016-06-30 12:00:00,
1.125399383,5720747,Dominic Thiem,D Thiem v Vesely,10,2016-06-30 03:11:35.245,1.16,2016-06-30 16:00:00,
1.125399383,5720747,Dominic Thiem,D Thiem v Vesely,20,2016-06-30 06:26:14.340,1.15,2016-06-30 16:00:00,
1.125399383,5720747,Dominic Thiem,D Thiem v Vesely,30,2016-06-30 09:50:26.422,1.16,2016-06-30 16:00:00,
1.125399383,5720747,Dominic Thiem,D Thiem v Vesely,40,2016-06-30 11:45:29.283,1.18,2016-06-30 16:00:00,
1.125399383,5720747,Dominic Thiem,D Thiem v Vesely,50,2016-06-30 12:13:20.363,1.18,2016-06-30 16:03:00,
1.125399383,5720747,Dominic Thiem,D Thiem v Vesely,60,2016-06-30 13:05:04.932,1.17,2016-06-30 16:03:00,
1.125399383,5720747,Dominic Thiem,D Thiem v Vesely,70,2016-06-30 13:56:49.055,1.17,2016-06-30 16:03:00,
1.125399383,5720747,Dominic Thiem,D Thiem v Vesely,80,2016-06-30 15:21:40.363,1.16,2016-06-30 17:14:00,
1.125399383,5720747,Dominic Thiem,D Thiem v Vesely,90,2016-06-30 16:08:07.197,1.15,2016-06-30 17:14:00,
1.125399383,5720747,Dominic Thiem,D Thiem v Vesely,100,2016-06-30 16:35:40.646,1.16,2016-06-30 16:40:00,
1.125399383,7032143,Jiri Vesely,D Thiem v Vesely,0,2016-06-29 20:53:31.888,7.2,2016-06-30 16:00:00,
1.125399383,7032143,Jiri Vesely,D Thiem v Vesely,10,2016-06-30 07:28:52.918,7.6,2016-06-30 16:00:00,
1.125399383,7032143,Jiri Vesely,D Thiem v Vesely,20,2016-06-30 10:23:38.078,6.8,2016-06-30 16:00:00,
1.125399383,7032143,Jiri Vesely,D Thiem v Vesely,30,2016-06-30 12:07:37.861,6.6,2016-06-30 16:15:00,
1.125399383,7032143,Jiri Vesely,D Thiem v Vesely,40,2016-06-30 12:33:28.755,6.8,2016-06-30 16:03:00,
1.125399383,7032143,Jiri Vesely,D Thiem v Vesely,50,2016-06-30 13:11:28.017,7.0,2016-06-30 16:03:00,
1.125399383,7032143,Jiri Vesely,D Thiem v Vesely,60,2016-06-30 13:37:15.771,7.0,2016-06-30 16:03:00,
1.125399383,7032143,Jiri Vesely,D Thiem v Vesely,70,2016-06-30 15:04:38.104,7.6,2016-06-30 17:18:00,
1.125399383,7032143,Jiri Vesely,D Thiem v Vesely,80,2016-06-30 15:20:13.093,7.8,2016-06-30 17:14:00,
1.125399383,7032143,Jiri Vesely,D Thiem v Vesely,90,2016-06-30 16:21:39.645,8.2,2016-06-30 17:14:00,
1.125399383,7032143,Jiri Vesely,D Thiem v Vesely,100,2016-06-30 16:37:38.771,7.4,2016-06-30 16:40:00,
1.125399384,2263577,Agnieszka Radwanska,A Radwanska v Ana Konjuh,0,2016-06-29 20:36:11.135,1.17,2016-06-30 12:00:00,
1.125399384,2263577,Agnieszka Radwanska,A Radwanska v Ana Konjuh,10,2016-06-30 05:27:10.680,1.19,2016-06-30 16:00:00,
1.125399384,2263577,Agnieszka Radwanska,A Radwanska v Ana Konjuh,20,2016-06-30 07:56:31.138,1.2,2016-06-30 16:00:00,
1.125399384,2263577,Agnieszka Radwanska,A Radwanska v Ana Konjuh,30,2016-06-30 10:02:37.502,1.17,2016-06-30 15:53:00,
1.125399384,2263577,Agnieszka Radwanska,A Radwanska v Ana Konjuh,40,2016-06-30 12:31:55.401,1.18,2016-06-30 15:28:00,
1.125399384,2263577,Agnieszka Radwanska,A Radwanska v Ana Konjuh,50,2016-06-30 13:31:10.987,1.19,2016-06-30 14:57:00,
1.125399384,2263577,Agnieszka Radwanska,A Radwanska v Ana Konjuh,60,2016-06-30 13:57:28.481,1.17,2016-06-30 14:57:00,
1.125399384,2263577,Agnieszka Radwanska,A Radwanska v Ana Konjuh,70,2016-06-30 14:46:32.159,1.16,2016-06-30 14:57:00,
1.125399384,2263577,Agnieszka Radwanska,A Radwanska v Ana Konjuh,80,2016-06-30 15:09:30.682,1.15,2016-06-30 15:12:00,
1.125399384,2263577,Agnieszka Radwanska,A Radwanska v Ana Konjuh,90,2016-06-30 15:40:22.103,1.13,2016-06-30 15:42:00,
1.125399384,2263577,Agnieszka Radwanska,A Radwanska v Ana Konjuh,100,2016-06-30 16:06:36.339,1.14,2016-06-30 16:13:00,
1.125399384,8173632,Ana Konjuh,A Radwanska v Ana Konjuh,0,2016-06-29 20:59:03.299,8.0,2016-06-30 16:00:00,
1.125399384,8173632,Ana Konjuh,A Radwanska v Ana Konjuh,10,2016-06-30 08:50:33.237,6.0,2016-06-30 16:00:00,
1.125399384,8173632,Ana Konjuh,A Radwanska v Ana Konjuh,20,2016-06-30 13:19:48.703,6.6,2016-06-30 14:57:00,
1.125399384,8173632,Ana Konjuh,A Radwanska v Ana Konjuh,30,2016-06-30 14:18:38.586,7.0,2016-06-30 14:57:00,
1.125399384,8173632,Ana Konjuh,A Radwanska v Ana Konjuh,40,2016-06-30 14:26:34.351,6.8,2016-06-30 14:57:00,
1.125399384,8173632,Ana Konjuh,A Radwanska v Ana Konjuh,50,2016-06-30 14:41:37.926,7.0,2016-06-30 14:57:00,
1.125399384,8173632,Ana Konjuh,A Radwanska v Ana Konjuh,60,2016-06-30 14:59:38.959,7.6,2016-06-30 15:12:00,
1.125399384,8173632,Ana Konjuh,A Radwanska v Ana Konjuh,70,2016-06-30 15:06:06.573,8.0,2016-06-30 15:12:00,
1.125399384,8173632,Ana Konjuh,A Radwanska v Ana Konjuh,80,2016-06-30 15:11:32.866,8.4,2016-06-30 15:12:00,
1.125399384,8173632,Ana Konjuh,A Radwanska v Ana Konjuh,90,2016-06-30 15:34:29.291,8.8,2016-06-30 15:42:00,
1.125399384,8173632,Ana Konjuh,A Radwanska v Ana Konjuh,100,2016-06-30 16:07:35.926,8.4,2016-06-30 16:13:00,
1.125399806,3738415,Julia Boserup,Boserup v Bencic,0,2016-06-30 05:15:10.922,8.6,2016-06-30 14:00:00,
1.125399806,3738415,Julia Boserup,Boserup v Bencic,10,2016-06-30 05:44:25.250,7.8,2016-06-30 14:00:00,
1.125399806,3738415,Julia Boserup,Boserup v Bencic,20,2016-06-30 11:36:46.353,8.8,2016-06-30 14:03:00,
1.125399806,3738415,Julia Boserup,Boserup v Bencic,30,2016-06-30 11:38:15.121,8.6,2016-06-30 13:42:00,
1.125399806,3738415,Julia Boserup,Boserup v Bencic,40,2016-06-30 12:14:30.879,8.6,2016-06-30 13:50:00,
1.125399806,3738415,Julia Boserup,Boserup v Bencic,50,2016-06-30 12:39:19.681,8.8,2016-06-30 13:50:00,
1.125399806,3738415,Julia Boserup,Boserup v Bencic,60,2016-06-30 13:17:17.315,9.0,2016-06-30 13:50:00,
1.125399806,3738415,Julia Boserup,Boserup v Bencic,70,2016-06-30 13:53:32.084,8.8,2016-06-30 14:05:00,
1.125399806,3738415,Julia Boserup,Boserup v Bencic,80,2016-06-30 13:57:31.743,8.2,2016-06-30 14:05:00,
1.125399806,3738415,Julia Boserup,Boserup v Bencic,90,2016-06-30 14:07:14.948,8.8,2016-06-30 14:17:00,
1.125399806,3738415,Julia Boserup,Boserup v Bencic,100,2016-06-30 14:11:31.024,8.6,2016-06-30 14:17:00,
1.125399806,6390244,Belinda Bencic,Boserup v Bencic,0,2016-06-29 20:45:29.571,1.08,2016-06-30 14:00:00,
1.125399806,6390244,Belinda Bencic,Boserup v Bencic,10,2016-06-29 23:04:28.830,1.16,2016-06-30 14:00:00,
1.125399806,6390244,Belinda Bencic,Boserup v Bencic,20,2016-06-30 05:42:30.224,1.14,2016-06-30 14:00:00,
1.125399806,6390244,Belinda Bencic,Boserup v Bencic,30,2016-06-30 09:52:04.974,1.12,2016-06-30 14:00:00,
1.125399806,6390244,Belinda Bencic,Boserup v Bencic,40,2016-06-30 11:47:10.041,1.12,2016-06-30 13:57:00,
1.125399806,6390244,Belinda Bencic,Boserup v Bencic,50,2016-06-30 12:42:05.166,1.13,2016-06-30 13:50:00,
1.125399806,6390244,Belinda Bencic,Boserup v Bencic,60,2016-06-30 12:56:25.731,1.13,2016-06-30 13:50:00,
1.125399806,6390244,Belinda Bencic,Boserup v Bencic,70,2016-06-30 13:23:31.145,1.13,2016-06-30 13:50:00,
1.125399806,6390244,Belinda Bencic,Boserup v Bencic,80,2016-06-30 13:49:45.052,1.12,2016-06-30 13:50:00,
1.125399806,6390244,Belinda Bencic,Boserup v Bencic,90,2016-06-30 13:59:31.392,1.13,2016-06-30 14:05:00,
1.125399806,6390244,Belinda Bencic,Boserup v Bencic,100,2016-06-30 14:12:28.519,1.12,2016-06-30 14:17:00,
1.125400971,5596561,Johanna Konta,Bouchard v Konta,0,2016-06-29 22:32:50.301,1.68,2016-06-30 16:00:00,
1.125400971,5596561,Johanna Konta,Bouchard v Konta,10,2016-06-30 06:28:19.533,1.64,2016-06-30 16:00:00,
1.125400971,5596561,Johanna Konta,Bouchard v Konta,20,2016-06-30 08:15:25.075,1.58,2016-06-30 16:00:00,
1.125400971,5596561,Johanna Konta,Bouchard v Konta,30,2016-06-30 10:34:15.276,1.65,2016-06-30 16:00:00,
1.125400971,5596561,Johanna Konta,Bouchard v Konta,40,2016-06-30 13:02:25.431,1.63,2016-06-30 16:03:00,
1.125400971,5596561,Johanna Konta,Bouchard v Konta,50,2016-06-30 14:24:27.431,1.63,2016-06-30 16:33:00,
1.125400971,5596561,Johanna Konta,Bouchard v Konta,60,2016-06-30 15:22:30.839,1.57,2016-06-30 17:09:00,
1.125400971,5596561,Johanna Konta,Bouchard v Konta,70,2016-06-30 15:49:29.541,1.61,2016-06-30 17:09:00,
1.125400971,5596561,Johanna Konta,Bouchard v Konta,80,2016-06-30 16:33:31.070,1.58,2016-06-30 17:09:00,
1.125400971,5596561,Johanna Konta,Bouchard v Konta,90,2016-06-30 16:58:31.285,1.6,2016-06-30 17:01:00,
1.125400971,5596561,Johanna Konta,Bouchard v Konta,100,2016-06-30 17:15:31.718,1.61,2016-06-30 17:16:00,
1.125400971,5704759,Eugenie Bouchard,Bouchard v Konta,0,2016-06-30 01:29:10.423,2.32,2016-06-30 16:00:00,
1.125400971,5704759,Eugenie Bouchard,Bouchard v Konta,10,2016-06-30 07:58:32.019,2.66,2016-06-30 16:00:00,
1.125400971,5704759,Eugenie Bouchard,Bouchard v Konta,20,2016-06-30 10:13:41.508,2.6,2016-06-30 16:00:00,
1.125400971,5704759,Eugenie Bouchard,Bouchard v Konta,30,2016-06-30 12:14:38.588,2.6,2016-06-30 16:03:00,
1.125400971,5704759,Eugenie Bouchard,Bouchard v Konta,40,2016-06-30 13:35:12.596,2.6,2016-06-30 16:03:00,
1.125400971,5704759,Eugenie Bouchard,Bouchard v Konta,50,2016-06-30 14:21:25.877,2.6,2016-06-30 16:33:00,
1.125400971,5704759,Eugenie Bouchard,Bouchard v Konta,60,2016-06-30 15:08:21.064,2.64,2016-06-30 17:20:00,
1.125400971,5704759,Eugenie Bouchard,Bouchard v Konta,70,2016-06-30 15:28:19.088,2.74,2016-06-30 17:09:00,
1.125400971,5704759,Eugenie Bouchard,Bouchard v Konta,80,2016-06-30 16:10:06.654,2.68,2016-06-30 17:09:00,
1.125400971,5704759,Eugenie Bouchard,Bouchard v Konta,90,2016-06-30 16:57:31.116,2.62,2016-06-30 17:09:00,
1.125400971,5704759,Eugenie Bouchard,Bouchard v Konta,100,2016-06-30 17:13:31.891,2.6,2016-06-30 17:16:00,
